538008115,1712865021,48.193684,-61.419533,108.0,8,1190.0
538008115,1712865205,48.189034,-61.407566,109.0,8,1190.0
538008115,1712865912,48.171032,-61.361084,109.0,8,1190.0
538008115,1712866755,48.149067,-61.306381,108.0,8,1200.0
538008115,1712867314,48.134533,-61.270649,106.0,8,1200.0
538008115,1712867386,48.132717,-61.266132,106.0,8,1200.0
538008115,1712868513,48.103535,-61.193832,108.0,8,1200.0
538008115,1712868633,48.100483,-61.186085,108.0,8,1200.0
538008115,1712868691,48.098969,-61.182167,108.0,8,1200.0
538008115,1712868812,48.095818,-61.174381,109.0,8,1210.0
538008115,1712870012,48.063148,-61.096649,110.0,8,1240.0
538008115,1712870482,48.043568,-61.078533,106.0,8,1500.0
538008115,1712870695,48.034302,-61.071083,107.0,8,1510.0
538008115,1712871042,48.01865,-61.058517,109.0,8,1500.0
538008115,1712871446,48.001366,-61.042034,109.0,8,1460.0
538008115,1712873072,47.934132,-60.973083,99.0,8,1490.0
538008115,1712875815,47.816601,-60.866669,106.0,8,1490.0
538008115,1712876774,47.775215,-60.831566,106.0,8,1500.0
538008115,1712878593,47.697582,-60.761032,108.0,8,1470.0
538008115,1712879623,47.654083,-60.719299,108.0,8,1460.0
538008115,1712880241,47.6278,-60.694351,108.0,8,1470.0
538008115,1712880683,47.6092,-60.676601,108.0,8,1470.0
538008115,1712881315,47.582565,-60.651318,108.0,8,1470.0
538008115,1712882195,47.545132,-60.615967,109.0,8,1480.0
538008115,1712882612,47.527248,-60.599468,109.0,8,1470.0
538008115,1712882884,47.515751,-60.588531,108.0,8,1470.0
538008115,1712882921,47.514084,-60.586933,108.0,8,1460.0
538008115,1712882931,47.513634,-60.586483,108.0,8,1460.0
538008115,1712882941,47.513168,-60.586018,108.0,8,1460.0
538008115,1712883001,47.510769,-60.583733,108.0,8,1470.0
538008115,1712883051,47.508652,-60.581749,108.0,8,1470.0
538008115,1712883052,47.508652,-60.581749,108.0,8,1470.0
538008115,1712883061,47.508217,-60.581348,108.0,8,1470.0
538008115,1712883071,47.507767,-60.580917,108.0,8,1470.0
538008115,1712883072,47.507767,-60.580917,108.0,8,1470.0
538008115,1712883101,47.506432,-60.579632,108.0,8,1460.0
538008115,1712883120,47.505699,-60.578934,108.0,8,1470.0
538008115,1712883161,47.504017,-60.577351,108.0,8,1470.0
538008115,1712883171,47.503601,-60.57695,108.0,8,1470.0
538008115,1712883180,47.503216,-60.576584,108.0,8,1470.0
538008115,1712883209,47.501919,-60.575367,108.0,8,1470.0
538008115,1712883221,47.50145,-60.574917,108.0,8,1470.0
538008115,1712883231,47.501034,-60.574501,108.0,8,1470.0
538008115,1712883251,47.500149,-60.573666,108.0,8,1470.0
538008115,1712883261,47.499767,-60.573318,108.0,8,1470.0
538008115,1712883271,47.499352,-60.572918,108.0,8,1470.0
538008115,1712883281,47.498932,-60.572517,108.0,8,1470.0
538008115,1712883291,47.498516,-60.572117,108.0,8,1460.0
538008115,1712883381,47.494732,-60.568501,108.0,8,1470.0
538008115,1712883411,47.493484,-60.567318,108.0,8,1470.0
538008115,1712883470,47.490917,-60.564934,107.0,8,1470.0
538008115,1712883501,47.489632,-60.563751,107.0,8,1470.0
538008115,1712884082,47.465267,-60.540733,107.0,8,1460.0
538008115,1712884523,47.446434,-60.523632,107.0,8,1490.0
538008115,1712884715,47.438282,-60.516682,107.0,8,1490.0
538008115,1712885096,47.421749,-60.502499,108.0,8,1500.0
538008115,1712885272,47.413868,-60.495766,108.0,8,1480.0
538008115,1712887675,47.3148,-60.407867,102.0,8,1480.0
538008115,1712888500,47.280449,-60.376385,103.0,8,1480.0
538008115,1712888646,47.274483,-60.370949,104.0,8,1480.0
538008115,1712890393,47.202934,-60.30645,103.0,8,1470.0
538008115,1712890833,47.18515,-60.29055,101.0,8,1490.0
538008115,1712891903,47.143002,-60.252899,99.0,8,1460.0
538008115,1712892724,47.116016,-60.215832,97.0,8,1290.0
538008115,1712892892,47.111233,-60.206799,99.0,8,1280.0
538008115,1712892992,47.108418,-60.201351,100.0,8,1270.0
538008115,1712893134,47.104549,-60.193718,100.0,8,1260.0
538008115,1712893434,47.095917,-60.177067,100.0,8,1270.0
538008115,1712893722,47.087715,-60.161865,100.0,8,1270.0
538008115,1712893832,47.084633,-60.155998,100.0,8,1280.0
538008115,1712894042,47.078667,-60.144669,101.0,8,1270.0
538008115,1712894254,47.072533,-60.132717,99.0,8,1260.0
538008115,1712894765,47.057716,-60.105633,98.0,8,1300.0
538008115,1712894782,47.057133,-60.104599,98.0,8,1300.0
538008115,1712895053,47.049133,-60.090767,98.0,8,1300.0
538008115,1712895771,47.027733,-60.053734,99.0,8,1290.0
538008115,1712898003,46.960617,-59.935268,101.0,8,1290.0
538008115,1712898333,46.950333,-59.917831,101.0,8,1290.0
538008115,1712898892,46.9333,-59.888149,102.0,8,1290.0
538008115,1712899214,46.923698,-59.870968,102.0,8,1290.0
538008115,1712899676,46.909698,-59.846333,102.0,8,1290.0
538008115,1712899936,46.901768,-59.832268,103.0,8,1290.0
538008115,1712900441,46.886269,-59.804901,104.0,8,1300.0
538008115,1712900666,46.879368,-59.792934,104.0,8,1290.0
538008115,1712900957,46.870468,-59.777184,105.0,8,1290.0
538008115,1712901074,46.866783,-59.770618,105.0,8,1280.0
538008115,1712901904,46.841049,-59.723934,108.0,8,1280.0
538008115,1712901944,46.839767,-59.7216,107.0,8,1280.0
538008115,1712902992,46.805119,-59.660866,114.0,8,1290.0
538008115,1712903051,46.803082,-59.657284,114.0,8,1290.0
538008115,1712904171,46.764484,-59.589085,118.0,8,1280.0
538008115,1712904941,46.737801,-59.541367,117.0,8,1290.0
538008115,1712905532,46.717281,-59.506168,114.0,8,1290.0
538008115,1712906653,46.680016,-59.441933,109.0,8,1290.0
538008115,1712906713,46.678032,-59.438534,109.0,8,1300.0
538008115,1712906796,46.6754,-59.433949,109.0,8,1290.0
538008115,1712907414,46.655132,-59.398785,109.0,8,1290.0
538008115,1712907471,46.653168,-59.395367,109.0,8,1290.0
538008115,1712907613,46.648582,-59.387402,109.0,8,1290.0
538008115,1712908154,46.630966,-59.356983,109.0,8,1300.0
538008115,1712908271,46.627068,-59.350101,109.0,8,1280.0
538008115,1712908684,46.6143,-59.326199,108.0,8,1270.0
538008115,1712908744,46.61245,-59.322819,109.0,8,1280.0
538008115,1712910256,46.562317,-59.239166,107.0,8,1310.0
538008115,1712910262,46.561981,-59.238617,107.0,8,1310.0
538008115,1712913535,46.461582,-59.057549,104.0,8,1310.0
538008115,1712913864,46.451035,-59.040234,104.0,8,1310.0
538008115,1712913926,46.4491,-59.037117,104.0,8,1310.0
538008115,1712914045,46.445217,-59.030815,103.0,8,1310.0
538008115,1712914496,46.4314,-59.007015,103.0,8,1280.0
538008115,1712915043,46.414951,-58.977283,102.0,8,1280.0
538008115,1712915231,46.409283,-58.967049,103.0,8,1280.0
538008115,1712915513,46.400883,-58.951881,103.0,8,1280.0
538008115,1712915794,46.392284,-58.936684,103.0,8,1280.0
538008115,1712916344,46.375233,-58.90715,103.0,8,1300.0
538008115,1712916864,46.359016,-58.87925,103.0,8,1290.0
538008115,1712917592,46.337032,-58.8391,105.0,8,1270.0
538008115,1712917753,46.332199,-58.830269,105.0,8,1280.0
538008115,1712917834,46.329765,-58.825817,106.0,8,1280.0
538008115,1712917921,46.327034,-58.820801,106.0,8,1280.0
538008115,1712919056,46.292915,-58.758884,105.0,8,1300.0
538008115,1712919643,46.273533,-58.726051,105.0,8,1300.0
538008115,1712919763,46.269783,-58.719582,104.0,8,1290.0
538008115,1712920655,46.241734,-58.672684,103.0,8,1300.0
538008115,1712921053,46.229431,-58.651531,103.0,8,1290.0
538008115,1712921653,46.211231,-58.619385,102.0,8,1280.0
538008115,1712922286,46.192219,-58.585968,102.0,8,1290.0
538008115,1712922412,46.188366,-58.579082,102.0,8,1280.0
538008115,1712922606,46.182652,-58.569,103.0,8,1290.0
538008115,1712924336,46.129902,-58.4772,102.0,8,1290.0
538008115,1712924624,46.120667,-58.461983,103.0,8,1310.0
538008115,1712924854,46.1134,-58.450031,103.0,8,1300.0
538008115,1712925294,46.099533,-58.427132,103.0,8,1300.0
538008115,1712926964,46.049465,-58.337685,101.0,8,1280.0
538008115,1712927594,46.0303,-58.304585,101.0,8,1300.0
538008115,1712928023,46.016998,-58.282131,101.0,8,1300.0
538008115,1712929265,45.978699,-58.217617,103.0,8,1290.0
538008115,1712929325,45.976849,-58.214466,103.0,8,1300.0
538008115,1712929834,45.960999,-58.187584,104.0,8,1300.0
538008115,1712931024,45.924351,-58.124367,104.0,8,1270.0
538008115,1712931081,45.922565,-58.121067,104.0,8,1270.0
538008115,1712931153,45.920448,-58.117168,105.0,8,1270.0
538008115,1712931233,45.918152,-58.112732,105.0,8,1260.0
538008115,1712931394,45.913284,-58.103931,105.0,8,1280.0
538008115,1712931534,45.909016,-58.096249,105.0,8,1270.0
538008115,1712931685,45.904449,-58.087917,105.0,8,1270.0
538008115,1712932205,45.888733,-58.059849,104.0,8,1290.0
538008115,1712932322,45.884983,-58.053398,104.0,8,1290.0
538008115,1712932816,45.869999,-58.026966,105.0,8,1280.0
538008115,1712934486,45.817368,-57.936184,107.0,8,1300.0
538008115,1712934786,45.807835,-57.919918,107.0,8,1300.0
538008115,1712935083,45.798351,-57.903683,107.0,8,1290.0
538008115,1712935102,45.797668,-57.902466,107.0,8,1280.0
538008115,1712935121,45.797066,-57.901402,107.0,8,1280.0
538008115,1712935131,45.796783,-57.900902,107.0,8,1280.0
538008115,1712935181,45.79525,-57.898117,107.0,8,1280.0
538008115,1712935212,45.7943,-57.8964,107.0,8,1280.0
538008115,1712935222,45.793999,-57.895851,107.0,8,1280.0
538008115,1712936116,45.766418,-57.846218,107.0,8,1280.0
538008115,1712936255,45.762066,-57.838516,107.0,8,1290.0
538008115,1712936721,45.7472,-57.812649,107.0,8,1300.0
538008115,1712936808,45.744598,-57.808231,107.0,8,1290.0
538008115,1712937773,45.714233,-57.755234,105.0,8,1280.0
538008115,1712938153,45.702019,-57.735119,104.0,8,1300.0
538008115,1712939534,45.658184,-57.662731,103.0,8,1290.0
538008115,1712942406,45.569168,-57.509083,104.0,8,1270.0
538008115,1712942588,45.563885,-57.499233,103.0,8,1270.0
538008115,1712943695,45.531666,-57.438168,103.0,8,1260.0
538008115,1712944333,45.513351,-57.402248,105.0,8,1260.0
538008115,1712947126,45.425667,-57.254902,104.0,8,1310.0
538008115,1712947285,45.420567,-57.246666,103.0,8,1310.0
538008115,1712947356,45.41835,-57.242985,103.0,8,1300.0
538008115,1712947515,45.413334,-57.234634,103.0,8,1300.0
538008115,1712947573,45.411415,-57.231483,103.0,8,1300.0
538008115,1712947835,45.403217,-57.217949,103.0,8,1300.0
538008115,1712948237,45.390499,-57.197285,103.0,8,1310.0
538008115,1712948484,45.382381,-57.184299,103.0,8,1310.0
538008115,1712948774,45.373016,-57.16935,103.0,8,1310.0
538008115,1712948904,45.368866,-57.16275,103.0,8,1320.0
538008115,1712948995,45.365932,-57.158218,103.0,8,1320.0
538008115,1712949004,45.365601,-57.157719,102.0,8,1320.0
538008115,1712949263,45.357201,-57.144699,102.0,8,1320.0
538008115,1712949613,45.3456,-57.127167,104.0,8,1330.0
538008115,1712949642,45.344582,-57.125702,104.0,8,1340.0
538008115,1712950153,45.328869,-57.099068,103.0,8,1290.0
538008115,1712950525,45.317719,-57.079784,102.0,8,1290.0
538008115,1712950875,45.307499,-57.061451,100.0,8,1280.0
538008115,1712950905,45.306633,-57.059898,100.0,8,1280.0
538008115,1712951527,45.288651,-57.027916,100.0,8,1270.0
538008115,1712952276,45.266998,-56.989117,100.0,8,1280.0
538008115,1712952464,45.261517,-56.979301,100.0,8,1280.0
538008115,1712952526,45.259716,-56.976215,100.0,8,1290.0
538008115,1712952842,45.250282,-56.959648,101.0,8,1290.0
538008115,1712953997,45.216618,-56.899818,100.0,8,1260.0
538008115,1712955497,45.174198,-56.821533,98.0,8,1270.0
538008115,1712955974,45.160851,-56.796333,99.0,8,1260.0
538008115,1712956037,45.159149,-56.793182,99.0,8,1270.0
538008115,1712958823,45.075333,-56.65295,99.0,8,1320.0
538008115,1712960783,45.015266,-56.5569,98.0,8,1290.0
538008115,1712962665,44.959732,-56.462685,100.0,8,1280.0
538008115,1712962724,44.958015,-56.459599,99.0,8,1270.0
538008115,1712963025,44.949383,-56.444118,98.0,8,1270.0
538008115,1712963244,44.943169,-56.432919,99.0,8,1270.0
538008115,1712963406,44.938702,-56.424702,97.0,8,1260.0
538008115,1712963565,44.93425,-56.416584,96.0,8,1290.0
538008115,1712963656,44.931648,-56.412182,96.0,8,1290.0
538008115,1712963883,44.925018,-56.400848,96.0,8,1290.0
538008115,1712964003,44.921532,-56.39505,97.0,8,1300.0
538008115,1712964095,44.918919,-56.390766,96.0,8,1300.0
538008115,1712964645,44.903267,-56.363815,95.0,8,1290.0
538008115,1712965033,44.892101,-56.344769,95.0,8,1280.0
538008115,1712965275,44.885082,-56.333401,96.0,8,1310.0
538008115,1712965713,44.87215,-56.31245,96.0,8,1300.0
538008115,1712965833,44.868698,-56.306667,96.0,8,1290.0
538008115,1712966426,44.851685,-56.278618,95.0,8,1310.0
538008115,1712966514,44.849068,-56.274368,95.0,8,1300.0
538008115,1712966694,44.843868,-56.265717,96.0,8,1300.0
538008115,1712966866,44.838917,-56.257782,96.0,8,1310.0
538008115,1712967303,44.826099,-56.236519,98.0,8,1300.0
538008115,1712967350,44.82465,-56.234116,98.0,8,1300.0
538008115,1712967362,44.824318,-56.233582,98.0,8,1300.0
538008115,1712967371,44.824017,-56.233101,98.0,8,1300.0
538008115,1712967372,44.824017,-56.233101,98.0,8,1300.0
538008115,1712967392,44.823433,-56.232132,98.0,8,1300.0
538008115,1712967401,44.823151,-56.231701,98.0,8,1300.0
538008115,1712967410,44.822884,-56.231266,98.0,8,1300.0
538008115,1712967411,44.822884,-56.231266,98.0,8,1300.0
538008115,1712967422,44.822533,-56.230682,98.0,8,1310.0
538008115,1712967432,44.822266,-56.230251,98.0,8,1310.0
538008115,1712967452,44.821632,-56.229233,98.0,8,1300.0
538008115,1712967470,44.821068,-56.228333,98.0,8,1300.0
538008115,1712967471,44.821068,-56.228333,98.0,8,1300.0
538008115,1712967482,44.820732,-56.227798,98.0,8,1310.0
538008115,1712967502,44.820133,-56.226833,98.0,8,1310.0
538008115,1712967531,44.819267,-56.225433,98.0,8,1310.0
538008115,1712967542,44.818932,-56.224918,98.0,8,1310.0
538008115,1712967562,44.818317,-56.223969,98.0,8,1310.0
538008115,1712967571,44.818085,-56.223583,98.0,8,1310.0
538008115,1712967581,44.817749,-56.223049,97.0,8,1310.0
538008115,1712967590,44.817516,-56.222649,97.0,8,1310.0
538008115,1712967602,44.817165,-56.222099,97.0,8,1310.0
538008115,1712967631,44.816319,-56.220669,97.0,8,1300.0
538008115,1712967641,44.816002,-56.220116,97.0,8,1300.0
538008115,1712967651,44.815716,-56.219616,97.0,8,1290.0
538008115,1712967662,44.815418,-56.219116,96.0,8,1290.0
538008115,1712967701,44.814316,-56.217167,98.0,8,1280.0
538008115,1712967722,44.813732,-56.216099,98.0,8,1270.0
538008115,1712967751,44.812935,-56.214649,98.0,8,1280.0
538008115,1712967761,44.812618,-56.2141,98.0,8,1270.0
538008115,1712967792,44.811768,-56.212532,97.0,8,1270.0
538008115,1712967811,44.811268,-56.211617,97.0,8,1270.0
538008115,1712967862,44.809868,-56.209034,98.0,8,1270.0
538008115,1712967922,44.808182,-56.206032,98.0,8,1280.0
538008115,1712967931,44.807919,-56.205582,98.0,8,1280.0
538008115,1712968253,44.798866,-56.189484,98.0,8,1270.0
538008115,1712969375,44.767368,-56.134033,95.0,8,1290.0
538008115,1712969531,44.762882,-56.126251,96.0,8,1280.0
538008115,1712969974,44.750282,-56.104881,95.0,8,1290.0
538008115,1712971305,44.712849,-56.040085,96.0,8,1270.0
538008115,1712971365,44.711182,-56.037117,97.0,8,1270.0
538008115,1712971685,44.702118,-56.021282,97.0,8,1270.0
538008115,1712971943,44.694649,-56.008282,98.0,8,1310.0
538008115,1712972133,44.68895,-55.998833,99.0,8,1290.0
538008115,1712972983,44.663967,-55.956699,99.0,8,1290.0
538008115,1712973154,44.658833,-55.948284,98.0,8,1300.0
538008115,1712973225,44.65675,-55.944782,99.0,8,1290.0
538008115,1712973515,44.648067,-55.929981,101.0,8,1290.0
538008115,1712973727,44.641766,-55.919266,102.0,8,1290.0
538008115,1712973826,44.638733,-55.914116,103.0,8,1290.0
538008115,1712975005,44.603352,-55.852383,103.0,8,1280.0
538008115,1712975823,44.578098,-55.809448,105.0,8,1300.0
538008115,1712977442,44.526001,-55.725368,107.0,8,1290.0
538008115,1712977513,44.523766,-55.721634,107.0,8,1300.0
538008115,1712977803,44.514435,-55.706081,107.0,8,1300.0
538008115,1712978444,44.494148,-55.671848,107.0,8,1290.0
538008115,1712978634,44.488117,-55.661499,107.0,8,1290.0
538008115,1712978706,44.485901,-55.657749,107.0,8,1290.0
538008115,1712978824,44.482132,-55.651234,107.0,8,1290.0
538008115,1712979255,44.468601,-55.62825,107.0,8,1300.0
538008115,1712979287,44.467632,-55.626667,106.0,8,1300.0
538008115,1712979405,44.463749,-55.620399,106.0,8,1300.0
538008115,1712979884,44.448601,-55.595402,104.0,8,1300.0
538008115,1712980035,44.444,-55.587715,104.0,8,1290.0
538008115,1712980572,44.427235,-55.559517,104.0,8,1290.0
538008115,1712981723,44.392319,-55.498634,104.0,8,1300.0
538008115,1712982164,44.378582,-55.476215,102.0,8,1290.0
538008115,1712982275,44.375267,-55.4706,102.0,8,1290.0
538008115,1712983906,44.326069,-55.386784,102.0,8,1290.0
538008115,1712984325,44.313084,-55.365185,102.0,8,1290.0
538008115,1712985283,44.283916,-55.315266,102.0,8,1280.0
538008115,1712986129,44.258533,-55.271568,104.0,8,1290.0
538008115,1712986184,44.256634,-55.268482,103.0,8,1310.0
538008115,1712986354,44.251301,-55.259785,103.0,8,1300.0
538008115,1712986444,44.248516,-55.25515,104.0,8,1290.0
538008115,1712986644,44.242367,-55.244835,103.0,8,1300.0
538008115,1712987535,44.215832,-55.197849,103.0,8,1290.0
538008115,1712988534,44.184517,-55.147217,102.0,8,1300.0
538008115,1712988634,44.181366,-55.142319,102.0,8,1320.0
538008115,1712988953,44.171234,-55.1264,102.0,8,1310.0
538008115,1712989953,44.139233,-55.077232,103.0,8,1330.0
538008115,1712990383,44.125267,-55.056499,102.0,8,1340.0
538008115,1712990815,44.111431,-55.0359,100.0,8,1330.0
538008115,1712991344,44.095417,-55.010033,97.0,8,1240.0
538008115,1712991513,44.0909,-55.001282,99.0,8,1260.0
538008115,1712991607,44.088451,-54.996582,99.0,8,1250.0
538008115,1712991655,44.087067,-54.993881,99.0,8,1250.0
538008115,1712992293,44.069332,-54.960884,100.0,8,1260.0
538008115,1712992887,44.052883,-54.930065,98.0,8,1260.0
538008115,1712992991,44.049801,-54.924282,98.0,8,1260.0
538008115,1712993271,44.042034,-54.909718,100.0,8,1260.0
538008115,1712993776,44.027832,-54.883919,99.0,8,1280.0
538008115,1712994034,44.020599,-54.870483,99.0,8,1270.0
538008115,1712994285,44.013332,-54.857967,98.0,8,1300.0
538008115,1712994515,44.006516,-54.846634,98.0,8,1280.0
538008115,1712994607,44.003899,-54.842232,98.0,8,1290.0
538008115,1712994825,43.997284,-54.831482,98.0,8,1280.0
538008115,1712995994,43.962849,-54.774418,97.0,8,1300.0
538008115,1712997215,43.928017,-54.715382,95.0,8,1280.0
538008115,1712997755,43.912785,-54.689732,94.0,8,1300.0
538008115,1712997814,43.911098,-54.686966,94.0,8,1300.0
538008115,1712998843,43.882034,-54.638931,92.0,8,1290.0
538008115,1712999588,43.861034,-54.605568,91.0,8,1290.0
538008115,1712999904,43.852184,-54.590916,92.0,8,1300.0
538008115,1713000516,43.835083,-54.562916,94.0,8,1300.0
538008115,1713000654,43.831184,-54.556435,94.0,8,1290.0
538008115,1713000665,43.830883,-54.555916,94.0,8,1290.0
538008115,1713000744,43.828682,-54.552216,94.0,8,1280.0
538008115,1713001034,43.820499,-54.538818,93.0,8,1270.0
538008115,1713001194,43.816151,-54.531319,94.0,8,1290.0
538008115,1713001452,43.808918,-54.519367,93.0,8,1280.0
538008115,1713001755,43.800518,-54.505531,92.0,8,1290.0
538008115,1713002305,43.785133,-54.480682,92.0,8,1310.0
538008115,1713002573,43.777649,-54.468285,92.0,8,1280.0
538008115,1713002863,43.769733,-54.455101,92.0,8,1300.0
538008115,1713003084,43.763569,-54.445251,91.0,8,1300.0
538008115,1713003326,43.757084,-54.4342,91.0,8,1280.0
538008115,1713005055,43.711018,-54.353931,90.0,8,1270.0
538008115,1713006546,43.670666,-54.286083,91.0,8,1310.0
538008115,1713006756,43.664719,-54.276733,91.0,8,1310.0
538008115,1713007087,43.655518,-54.262169,90.0,8,1300.0
538008115,1713007152,43.653584,-54.259102,90.0,8,1300.0
538008115,1713007322,43.649033,-54.251434,90.0,8,1270.0
538008115,1713007692,43.639217,-54.234383,91.0,8,1290.0
538008115,1713008666,43.612701,-54.189949,92.0,8,1290.0
538008115,1713008827,43.608234,-54.182583,92.0,8,1300.0
538008115,1713009535,43.588951,-54.150318,91.0,8,1280.0
538008115,1713009694,43.584667,-54.142982,91.0,8,1280.0
538008115,1713010014,43.576099,-54.128284,91.0,8,1280.0
538008115,1713010074,43.574482,-54.125568,90.0,8,1280.0
538008115,1713010634,43.559216,-54.100117,93.0,8,1270.0
538008115,1713010994,43.549366,-54.083317,94.0,8,1270.0
538008115,1713013645,43.473583,-53.959068,97.0,8,1290.0
538008115,1713013853,43.467499,-53.948799,98.0,8,1280.0
538008115,1713014987,43.435219,-53.893501,98.0,8,1280.0
538008115,1713015296,43.426315,-53.878132,98.0,8,1280.0
538008115,1713015674,43.415283,-53.859184,99.0,8,1310.0
538008115,1713015864,43.409534,-53.850018,99.0,8,1310.0
538008115,1713016321,43.395668,-53.827599,100.0,8,1300.0
538008115,1713017137,43.370667,-53.787834,101.0,8,1310.0
538008115,1713017736,43.351952,-53.758251,101.0,8,1300.0
538008115,1713018584,43.326099,-53.715401,102.0,8,1290.0
538008115,1713019627,43.291866,-53.658016,104.0,8,1290.0
538008115,1713019687,43.290085,-53.654835,104.0,8,1270.0
538008115,1713019850,43.287434,-53.65015,104.0,8,1270.0
538008115,1713019870,43.286835,-53.649101,104.0,8,1280.0
538008115,1713021047,43.251835,-53.5882,102.0,8,1280.0
538008115,1713021117,43.249699,-53.584534,103.0,8,1280.0
538008115,1713022153,43.218384,-53.530651,104.0,8,1300.0
538008115,1713022265,43.214985,-53.524948,103.0,8,1290.0
538008115,1713022354,43.212234,-53.520317,103.0,8,1290.0
538008115,1713022535,43.206768,-53.510933,103.0,8,1280.0
538008115,1713022614,43.204418,-53.506931,103.0,8,1290.0
538008115,1713022655,43.203083,-53.5047,103.0,8,1290.0
538008115,1713022824,43.197918,-53.496201,103.0,8,1280.0
538008115,1713023673,43.171318,-53.453568,103.0,8,1300.0
538008115,1713023743,43.169132,-53.45015,102.0,8,1310.0
538008115,1713024735,43.138351,-53.401615,101.0,8,1300.0
538008115,1713025326,43.120617,-53.372581,101.0,8,1310.0
538008115,1713026256,43.092583,-53.326935,100.0,8,1310.0
538008115,1713028303,43.030701,-53.224018,100.0,8,1290.0
538008115,1713029763,42.985718,-53.153316,100.0,8,1300.0
538008115,1713030003,42.978516,-53.141651,100.0,8,1300.0
538008115,1713030614,42.9599,-53.112415,100.0,8,1320.0
538008115,1713030775,42.955116,-53.104733,99.0,8,1310.0
538008115,1713031575,42.931583,-53.066299,98.0,8,1290.0
538008115,1713031634,42.929901,-53.06345,98.0,8,1290.0
538008115,1713031715,42.927601,-53.059685,97.0,8,1290.0
538008115,1713032205,42.913601,-53.036316,96.0,8,1290.0
538008115,1713033117,42.888668,-52.992401,95.0,8,1270.0
538008115,1713034117,42.86005,-52.945751,96.0,8,1280.0
538008115,1713034222,42.857018,-52.940617,96.0,8,1290.0
538008115,1713034664,42.844398,-52.919716,96.0,8,1300.0
538008115,1713034763,42.841469,-52.915031,95.0,8,1300.0
538008115,1713035246,42.828033,-52.892082,96.0,8,1280.0
538008115,1713035424,42.823032,-52.883366,96.0,8,1280.0
538008115,1713035656,42.816448,-52.872551,95.0,8,1290.0
538008115,1713035805,42.812218,-52.865467,95.0,8,1290.0
538008115,1713035864,42.810501,-52.862568,95.0,8,1270.0
538008115,1713036341,42.797031,-52.839748,96.0,8,1280.0
538008115,1713036674,42.787701,-52.823967,95.0,8,1300.0
538008115,1713037065,42.776283,-52.805832,96.0,8,1290.0
538008115,1713037295,42.769615,-52.794933,97.0,8,1280.0
538008115,1713037386,42.766968,-52.790649,97.0,8,1290.0
538008115,1713038407,42.737232,-52.742367,97.0,8,1260.0
538008115,1713039395,42.708466,-52.694965,97.0,8,1280.0
538008115,1713039606,42.7024,-52.684883,96.0,8,1300.0
538008115,1713040274,42.683167,-52.652802,97.0,8,1270.0
538008115,1713040603,42.673767,-52.637001,97.0,8,1290.0
538008115,1713041523,42.646969,-52.593849,95.0,8,1290.0
538008115,1713041693,42.641983,-52.586132,96.0,8,1310.0
538008115,1713041813,42.638367,-52.580685,95.0,8,1310.0
538008115,1713042155,42.628265,-52.565048,96.0,8,1320.0
538008115,1713042325,42.623234,-52.55735,96.0,8,1280.0
538008115,1713043256,42.598183,-52.511116,95.0,8,1310.0
538008115,1713043294,42.596916,-52.509449,95.0,8,1340.0
538008115,1713043436,42.592731,-52.503067,95.0,8,1270.0
538008115,1713043744,42.584469,-52.487667,97.0,8,1290.0
538008115,1713043866,42.580917,-52.482082,96.0,8,1320.0
538008115,1713044495,42.561966,-52.453365,95.0,8,1290.0
538008115,1713044572,42.559715,-52.449635,96.0,8,1300.0
538008115,1713044705,42.55595,-52.443432,96.0,8,1290.0
538008115,1713045055,42.546101,-52.4268,95.0,8,1280.0
538008115,1713048142,42.455532,-52.2803,98.0,8,1280.0
538008115,1713048575,42.442516,-52.259731,99.0,8,1300.0
538008115,1713049376,42.41795,-52.221783,99.0,8,1300.0
538008115,1713049463,42.415283,-52.217567,99.0,8,1300.0
538008115,1713049523,42.413433,-52.214733,99.0,8,1310.0
538008115,1713049553,42.412449,-52.2132,99.0,8,1290.0
538008115,1713049663,42.4091,-52.208118,99.0,8,1320.0
538008115,1713050006,42.398266,-52.192333,100.0,8,1320.0
538008115,1713050106,42.395065,-52.187584,100.0,8,1310.0
538008115,1713050154,42.393482,-52.185299,101.0,8,1330.0
538008115,1713050265,42.389935,-52.180065,100.0,8,1310.0
538008115,1713050414,42.385117,-52.173134,101.0,8,1340.0
538008115,1713050713,42.375782,-52.158684,102.0,8,1280.0
538008115,1713051126,42.363682,-52.137966,102.0,8,1260.0
538008115,1713051366,42.356667,-52.125668,102.0,8,1280.0
538008115,1713051602,42.349583,-52.113499,102.0,8,1280.0
538008115,1713051842,42.342434,-52.101349,102.0,8,1290.0
538008115,1713051880,42.341251,-52.099365,102.0,8,1280.0
538008115,1713051890,42.340916,-52.098801,102.0,8,1270.0
538008115,1713051960,42.338833,-52.095268,102.0,8,1290.0
538008115,1713051991,42.337868,-52.093735,102.0,8,1290.0
538008115,1713052072,42.335434,-52.089718,103.0,8,1280.0
538008115,1713052135,42.333599,-52.086617,102.0,8,1270.0
538008115,1713052340,42.327415,-52.076149,103.0,8,1270.0
538008115,1713052355,42.327099,-52.075565,103.0,8,1270.0
538008115,1713053393,42.296383,-52.022469,104.0,8,1270.0
538008115,1713054013,42.277733,-51.99115,103.0,8,1290.0
538008115,1713054212,42.271618,-51.981201,103.0,8,1290.0
538008115,1713054594,42.260052,-51.9622,103.0,8,1290.0
538008115,1713054994,42.247719,-51.942333,104.0,8,1300.0
538008115,1713055034,42.246468,-51.940369,104.0,8,1300.0
538008115,1713055124,42.243668,-51.935932,103.0,8,1300.0
538008115,1713055714,42.225533,-51.906769,101.0,8,1290.0
538008115,1713056484,42.202599,-51.868534,101.0,8,1270.0
538008115,1713056952,42.188732,-51.844967,102.0,8,1290.0
538008115,1713057056,42.185635,-51.840034,102.0,8,1300.0
538008115,1713057312,42.177551,-51.827217,102.0,8,1300.0
538008115,1713057321,42.177265,-51.826782,102.0,8,1310.0
538008115,1713057343,42.176666,-51.825867,102.0,8,1300.0
538008115,1713057350,42.17635,-51.825367,102.0,8,1300.0
538008115,1713057361,42.175999,-51.824818,102.0,8,1300.0
538008115,1713057391,42.175068,-51.823349,102.0,8,1300.0
538008115,1713057400,42.174751,-51.822868,102.0,8,1300.0
538008115,1713057401,42.174751,-51.822868,102.0,8,1300.0
538008115,1713057410,42.17445,-51.822369,102.0,8,1290.0
538008115,1713057411,42.17445,-51.822369,102.0,8,1290.0
538008115,1713057421,42.174133,-51.821884,102.0,8,1300.0
538008115,1713057451,42.173183,-51.820435,102.0,8,1310.0
538008115,1713057460,42.172867,-51.81995,102.0,8,1300.0
538008115,1713057470,42.1726,-51.8195,101.0,8,1290.0
538008115,1713057491,42.171982,-51.818451,101.0,8,1290.0
538008115,1713057501,42.171684,-51.817966,101.0,8,1290.0
538008115,1713057511,42.171383,-51.817467,101.0,8,1280.0
538008115,1713057520,42.171116,-51.817017,101.0,8,1290.0
538008115,1713057521,42.171116,-51.817017,101.0,8,1290.0
538008115,1713057530,42.170784,-51.816467,101.0,8,1280.0
538008115,1713057531,42.170784,-51.816467,101.0,8,1280.0
538008115,1713057542,42.170418,-51.815868,101.0,8,1290.0
538008115,1713057551,42.170166,-51.815468,101.0,8,1290.0
538008115,1713057561,42.169834,-51.814949,101.0,8,1290.0
538008115,1713057580,42.169266,-51.814018,101.0,8,1290.0
538008115,1713057590,42.168983,-51.813519,101.0,8,1290.0
538008115,1713057591,42.168983,-51.813519,101.0,8,1290.0
538008115,1713057621,42.168034,-51.81205,101.0,8,1300.0
538008115,1713057631,42.167717,-51.811535,101.0,8,1290.0
538008115,1713057640,42.16745,-51.8111,101.0,8,1290.0
538008115,1713057641,42.16745,-51.8111,101.0,8,1290.0
538008115,1713057644,42.16745,-51.8111,101.0,8,1290.0
538008115,1713057650,42.167133,-51.810616,101.0,8,1300.0
538008115,1713057651,42.167133,-51.810616,101.0,8,1300.0
538008115,1713057671,42.166534,-51.80965,101.0,8,1300.0
538008115,1713057681,42.166199,-51.809116,101.0,8,1300.0
538008115,1713057700,42.165565,-51.808151,101.0,8,1300.0
538008115,1713057701,42.165565,-51.808151,101.0,8,1300.0
538008115,1713057711,42.165268,-51.807682,101.0,8,1300.0
538008115,1713057722,42.164917,-51.807152,101.0,8,1300.0
538008115,1713057760,42.163666,-51.805218,101.0,8,1310.0
538008115,1713057771,42.163368,-51.804733,101.0,8,1300.0
538008115,1713057801,42.162449,-51.803318,101.0,8,1300.0
538008115,1713057944,42.158031,-51.796516,101.0,8,1320.0
538008115,1713058126,42.152515,-51.78775,101.0,8,1280.0
538008115,1713058246,42.149067,-51.781631,101.0,8,1250.0
538008115,1713058435,42.1436,-51.772018,101.0,8,1270.0
538008115,1713059303,42.118267,-51.728233,101.0,8,1250.0
538008115,1713059635,42.107983,-51.712101,101.0,8,1320.0
538008115,1713060312,42.085999,-51.679966,101.0,8,1310.0
538008115,1713062856,42.010181,-51.556183,99.0,8,1260.0
538008115,1713063132,42.002533,-51.542068,99.0,8,1250.0
538008115,1713063372,41.995983,-51.530048,100.0,8,1280.0
538008115,1713063435,41.994183,-51.527065,100.0,8,1290.0
538008115,1713063694,41.986568,-51.514183,101.0,8,1290.0
538008115,1713063815,41.98275,-51.508434,101.0,8,1330.0
538008115,1713063925,41.979183,-51.5033,102.0,8,1320.0
538008115,1713064254,41.968735,-51.487682,102.0,8,1310.0
538008115,1713064445,41.962818,-51.478432,102.0,8,1300.0
538008115,1713064484,41.961517,-51.476398,102.0,8,1300.0
538008115,1713064886,41.949402,-51.456318,103.0,8,1280.0
538008115,1713065082,41.943401,-51.446133,104.0,8,1280.0
538008115,1713065332,41.935665,-51.433434,104.0,8,1290.0
538008115,1713066104,41.912102,-51.394718,103.0,8,1300.0
538008115,1713066183,41.909668,-51.390682,101.0,8,1280.0
538008115,1713066664,41.894817,-51.367233,102.0,8,1320.0
538008115,1713066731,41.892651,-51.363918,102.0,8,1310.0
538008115,1713067893,41.855282,-51.307983,103.0,8,1310.0
538008115,1713071116,41.7575,-51.143833,103.0,8,1300.0
538008115,1713071794,41.736649,-51.109833,103.0,8,1320.0
538008115,1713071846,41.735085,-51.107384,103.0,8,1310.0
538008115,1713071986,41.730633,-51.100517,103.0,8,1310.0
538008115,1713073255,41.692768,-51.0378,100.0,8,1270.0
538008115,1713074194,41.665184,-50.992401,99.0,8,1300.0
538008115,1713074263,41.663082,-50.989216,99.0,8,1310.0
538008115,1713074518,41.655582,-50.977551,98.0,8,1300.0
538008115,1713074655,41.651268,-50.971115,98.0,8,1320.0
538008115,1713074835,41.645668,-50.963116,97.0,8,1340.0
538008115,1713075465,41.626667,-50.934151,98.0,8,1290.0
538008115,1713075662,41.620983,-50.924416,100.0,8,1280.0
538008115,1713076667,41.592049,-50.875519,99.0,8,1290.0
538008115,1713076954,41.583534,-50.861801,98.0,8,1280.0
538008115,1713077213,41.575867,-50.849667,97.0,8,1290.0
538008115,1713077596,41.564533,-50.832233,96.0,8,1300.0
538008115,1713077653,41.562717,-50.829533,95.0,8,1310.0
538008115,1713077774,41.559151,-50.824184,95.0,8,1310.0
538008115,1713077875,41.556118,-50.819683,96.0,8,1310.0
538008115,1713077995,41.552502,-50.814335,95.0,8,1310.0
538008115,1713078672,41.532215,-50.78355,96.0,8,1280.0
538008115,1713078697,41.531631,-50.782616,96.0,8,1290.0
538008115,1713078763,41.529568,-50.779251,97.0,8,1290.0
538008115,1713079007,41.522667,-50.767883,98.0,8,1280.0
538008115,1713079087,41.520351,-50.76405,98.0,8,1280.0
538008115,1713079203,41.5168,-50.758484,98.0,8,1290.0
538008115,1713079604,41.5051,-50.739449,98.0,8,1280.0
538008115,1713079805,41.499268,-50.729916,99.0,8,1290.0
538008115,1713079834,41.498417,-50.7285,99.0,8,1280.0
538008115,1713080033,41.492451,-50.719032,98.0,8,1300.0
538008115,1713080124,41.48975,-50.714748,98.0,8,1290.0
538008115,1713080314,41.484184,-50.705833,98.0,8,1290.0
538008115,1713080595,41.4758,-50.692749,98.0,8,1300.0
538008115,1713080895,41.466766,-50.678799,98.0,8,1310.0
538008115,1713081512,41.448566,-50.649319,99.0,8,1300.0
538008115,1713081634,41.444965,-50.643532,99.0,8,1280.0
538008115,1713081862,41.438232,-50.632568,99.0,8,1280.0
538008115,1713082173,41.429085,-50.6175,99.0,8,1280.0
538008115,1713082216,41.427898,-50.615501,99.0,8,1280.0
538008115,1713082474,41.420349,-50.602867,99.0,8,1280.0
538008115,1713082853,41.409248,-50.584301,100.0,8,1290.0
538008115,1713083183,41.399483,-50.568432,99.0,8,1300.0
538008115,1713083613,41.386532,-50.548,100.0,8,1290.0
538008115,1713084015,41.374416,-50.528969,100.0,8,1300.0
538008115,1713084276,41.366482,-50.516434,101.0,8,1290.0
538008115,1713084583,41.357052,-50.501682,101.0,8,1300.0
538008115,1713085246,41.337067,-50.470135,100.0,8,1290.0
538008115,1713085456,41.330685,-50.460083,100.0,8,1300.0
538008115,1713085624,41.325565,-50.452099,99.0,8,1310.0
538008115,1713086646,41.296001,-50.402767,100.0,8,1280.0
538008115,1713086875,41.289299,-50.391716,100.0,8,1290.0
538008115,1713086996,41.285717,-50.386002,99.0,8,1290.0
538008115,1713087174,41.280434,-50.377449,100.0,8,1280.0
538008115,1713087355,41.275234,-50.368717,100.0,8,1290.0
538008115,1713087535,41.27,-50.359966,99.0,8,1280.0
538008115,1713087705,41.264801,-50.351917,100.0,8,1320.0
538008115,1713087826,41.261101,-50.346317,100.0,8,1300.0
538008115,1713087946,41.257416,-50.340767,100.0,8,1310.0
538008115,1713088025,41.255001,-50.336884,99.0,8,1280.0
538008115,1713088335,41.245632,-50.322266,99.0,8,1290.0
538008115,1713088654,41.236034,-50.307152,99.0,8,1310.0
538008115,1713089865,41.201199,-50.248001,100.0,8,1290.0
538008115,1713089875,41.200932,-50.247566,100.0,8,1290.0
538008115,1713090117,41.193668,-50.236183,100.0,8,1290.0
538008115,1713090604,41.179066,-50.212631,99.0,8,1280.0
538008115,1713090858,41.171432,-50.201,99.0,8,1320.0
538008115,1713091024,41.166199,-50.193169,99.0,8,1310.0
538008115,1713091614,41.148548,-50.165401,98.0,8,1300.0
538008115,1713091725,41.145267,-50.160282,99.0,8,1290.0
538008115,1713092012,41.136616,-50.146717,98.0,8,1300.0
538008115,1713092087,41.134533,-50.143417,97.0,8,1300.0
538008115,1713092182,41.131584,-50.138718,98.0,8,1290.0
538008115,1713092232,41.130135,-50.136368,98.0,8,1280.0
538008115,1713092482,41.122818,-50.124619,98.0,8,1290.0
538008115,1713092685,41.116901,-50.11515,99.0,8,1290.0
538008115,1713092788,41.113949,-50.110416,99.0,8,1290.0
538008115,1713093114,41.104317,-50.094501,99.0,8,1280.0
538008115,1713093906,41.081566,-50.056416,97.0,8,1270.0
538008115,1713094143,41.074749,-50.044998,98.0,8,1270.0
538008115,1713094465,41.065216,-50.030048,98.0,8,1300.0
538008115,1713094936,41.050919,-50.008816,97.0,8,1310.0
538008115,1713095324,41.038666,-49.991932,95.0,8,1300.0
538008115,1713095495,41.033733,-49.9841,96.0,8,1290.0
538008115,1713095723,41.0271,-49.973415,97.0,8,1270.0
538008115,1713097445,40.981884,-49.888634,99.0,8,1160.0
538008115,1713097743,40.974434,-49.873749,93.0,8,1300.0
538008115,1713097894,40.970219,-49.867085,93.0,8,1310.0
538008115,1713098465,40.952633,-49.845249,87.0,8,1420.0
538008115,1713099345,40.923134,-49.821899,81.0,8,1500.0
538008115,1713099464,40.919117,-49.818867,81.0,8,1500.0
538008115,1713099626,40.913818,-49.814781,80.0,8,1480.0
538008115,1713100023,40.901016,-49.804382,80.0,8,1480.0
538008115,1713100446,40.887833,-49.793499,78.0,8,1480.0
538008115,1713100535,40.885017,-49.791218,78.0,8,1480.0
538008115,1713101136,40.867416,-49.773632,82.0,8,1320.0
538008115,1713101256,40.864182,-49.769199,82.0,8,1330.0
538008115,1713101777,40.849266,-49.751949,81.0,8,1380.0
538008115,1713102305,40.834019,-49.733349,83.0,8,1370.0
538008115,1713102615,40.825001,-49.722515,84.0,8,1360.0
538008115,1713103166,40.809067,-49.702702,84.0,8,1380.0
538008115,1713103326,40.804367,-49.697048,85.0,8,1370.0
538008115,1713103462,40.800251,-49.692135,85.0,8,1370.0
538008115,1713103607,40.796131,-49.686852,87.0,8,1360.0
538008115,1713104440,40.771133,-49.655666,88.0,8,1350.0
538008115,1713104471,40.770233,-49.654449,88.0,8,1340.0
538008115,1713104481,40.769966,-49.654083,88.0,8,1350.0
538008115,1713104490,40.769669,-49.653717,89.0,8,1350.0
538008115,1713104657,40.764935,-49.647434,89.0,8,1340.0
538008115,1713106393,40.711552,-49.579132,92.0,8,1360.0
538008115,1713106964,40.693699,-49.556984,91.0,8,1380.0
538008115,1713107803,40.666851,-49.525101,93.0,8,1400.0
538008115,1713107864,40.664783,-49.522865,93.0,8,1410.0
538008115,1713107994,40.6605,-49.518101,92.0,8,1380.0
538008115,1713108512,40.644432,-49.4963,94.0,8,1350.0
538008115,1713108635,40.640667,-49.491234,95.0,8,1340.0
538008115,1713108971,40.629967,-49.477283,94.0,8,1350.0
538008115,1713109047,40.627682,-49.474434,94.0,8,1360.0
538008115,1713109131,40.624802,-49.470833,94.0,8,1350.0
538008115,1713109376,40.617168,-49.461082,95.0,8,1360.0
538008115,1713109803,40.603233,-49.443432,96.0,8,1360.0
538008115,1713110195,40.590431,-49.427334,96.0,8,1360.0
538008115,1713110355,40.585251,-49.420734,97.0,8,1350.0
538008115,1713110795,40.570984,-49.40255,95.0,8,1370.0
538008115,1713111125,40.560135,-49.388985,97.0,8,1380.0
538008115,1713111296,40.554451,-49.382183,97.0,8,1370.0
538008115,1713111577,40.544933,-49.371033,97.0,8,1380.0
538008115,1713111636,40.54285,-49.368599,97.0,8,1370.0
538008115,1713113257,40.488785,-49.302132,98.0,8,1350.0
538008115,1713113416,40.483532,-49.295399,99.0,8,1360.0
538008115,1713114425,40.4501,-49.252216,101.0,8,1350.0
538008115,1713115233,40.422367,-49.217785,102.0,8,1340.0
538008115,1713116023,40.395283,-49.183651,102.0,8,1350.0
538008115,1713116167,40.390499,-49.177532,102.0,8,1350.0
538008115,1713116336,40.384567,-49.170216,103.0,8,1370.0
538008115,1713118005,40.327599,-49.095749,102.0,8,1340.0
538008115,1713118205,40.320816,-49.086849,103.0,8,1350.0
538008115,1713118232,40.319782,-49.085518,103.0,8,1340.0
538008115,1713118247,40.31945,-49.085068,103.0,8,1340.0
538008115,1713118325,40.316784,-49.081417,103.0,8,1320.0
538008115,1713118532,40.309532,-49.072048,104.0,8,1360.0
538008115,1713118665,40.305,-49.066166,105.0,8,1350.0
538008115,1713119414,40.278,-49.032902,104.0,8,1380.0
538008115,1713119454,40.276531,-49.031181,106.0,8,1380.0
538008115,1713119857,40.26165,-49.013866,106.0,8,1370.0
538008115,1713120284,40.245682,-48.994968,106.0,8,1350.0
538008115,1713120392,40.241817,-48.990116,105.0,8,1350.0
538008115,1713120457,40.239616,-48.987385,106.0,8,1360.0
538008115,1713120795,40.227684,-48.971916,104.0,8,1330.0
538008115,1713120857,40.225666,-48.969166,104.0,8,1320.0
538008115,1713121493,40.203968,-48.940632,103.0,8,1370.0
538008115,1713121724,40.1959,-48.930866,102.0,8,1370.0
538008115,1713121984,40.186501,-48.919701,103.0,8,1380.0
538008115,1713122155,40.180584,-48.91235,104.0,8,1360.0
538008115,1713122353,40.174168,-48.903099,101.0,8,1300.0
538008115,1713122404,40.172531,-48.90065,102.0,8,1300.0
538008115,1713122645,40.164883,-48.8894,103.0,8,1310.0
538008115,1713122705,40.1628,-48.8866,104.0,8,1340.0
538008115,1713123084,40.149284,-48.870216,103.0,8,1360.0
538008115,1713123184,40.145718,-48.865917,102.0,8,1370.0
538008115,1713123202,40.145035,-48.865101,103.0,8,1370.0
538008115,1713123305,40.141399,-48.860882,103.0,8,1370.0
538008115,1713123383,40.138535,-48.857632,102.0,8,1380.0
538008115,1713123803,40.123966,-48.839966,100.0,8,1340.0
538008115,1713124956,40.086632,-48.790916,97.0,8,1350.0
538008115,1713125614,40.066067,-48.763649,93.0,8,1330.0
538008115,1713126714,40.032101,-48.720367,92.0,8,1380.0
538008115,1713127804,39.997284,-48.680332,89.0,8,1380.0
538008115,1713128106,39.988216,-48.669216,88.0,8,1350.0
538008115,1713128226,39.984669,-48.6647,88.0,8,1360.0
538008115,1713128366,39.980568,-48.659401,88.0,8,1340.0
538008115,1713128491,39.976818,-48.654484,88.0,8,1330.0
538008115,1713128853,39.966183,-48.641083,87.0,8,1360.0
538008115,1713128913,39.964367,-48.638882,87.0,8,1370.0
538008115,1713129364,39.951199,-48.622318,86.0,8,1350.0
538008115,1713129482,39.947716,-48.617882,86.0,8,1350.0
538008115,1713129705,39.941368,-48.609749,87.0,8,1350.0
538008115,1713129907,39.935566,-48.602283,87.0,8,1360.0
538008115,1713130046,39.931534,-48.597267,87.0,8,1370.0
538008115,1713132016,39.873734,-48.525616,86.0,8,1350.0
538008115,1713133113,39.842033,-48.485619,86.0,8,1370.0
538008115,1713133238,39.838501,-48.481365,86.0,8,1370.0
538008115,1713133584,39.828167,-48.468716,87.0,8,1350.0
538008115,1713133874,39.819485,-48.45845,87.0,8,1350.0
538008115,1713134244,39.80835,-48.445049,88.0,8,1360.0
538008115,1713134594,39.797852,-48.432316,88.0,8,1350.0
538008115,1713134654,39.796032,-48.430084,88.0,8,1370.0
538008115,1713134987,39.786034,-48.417984,89.0,8,1360.0
538008115,1713135046,39.784233,-48.415749,89.0,8,1350.0
538008115,1713135325,39.775848,-48.40535,89.0,8,1350.0
538008115,1713135693,39.764881,-48.391251,90.0,8,1340.0
538008115,1713136055,39.754131,-48.377483,90.0,8,1350.0
538008115,1713136225,39.749035,-48.371117,90.0,8,1360.0
538008115,1713136341,39.745399,-48.366634,90.0,8,1350.0
538008115,1713136345,39.745399,-48.366634,90.0,8,1350.0
538008115,1713137364,39.715183,-48.327801,89.0,8,1350.0
538008115,1713137432,39.71315,-48.325249,90.0,8,1350.0
538008115,1713137708,39.705132,-48.314983,89.0,8,1350.0
538008115,1713137814,39.701935,-48.310848,89.0,8,1350.0
538008115,1713137944,39.698032,-48.305901,89.0,8,1350.0
538008115,1713140065,39.633385,-48.226215,92.0,8,1370.0
538008115,1713140603,39.616432,-48.20565,92.0,8,1360.0
538008115,1713141024,39.603184,-48.189499,94.0,8,1360.0
538008115,1713141535,39.586884,-48.169785,94.0,8,1360.0
538008115,1713141608,39.584599,-48.167019,93.0,8,1360.0
538008115,1713141710,39.581017,-48.162868,95.0,8,1380.0
538008115,1713141711,39.581017,-48.162868,95.0,8,1380.0
538008115,1713141721,39.580666,-48.162449,95.0,8,1370.0
538008115,1713141722,39.580666,-48.162449,95.0,8,1370.0
538008115,1713141731,39.580299,-48.162018,95.0,8,1370.0
538008115,1713141732,39.580299,-48.162018,95.0,8,1370.0
538008115,1713141742,39.580017,-48.161682,95.0,8,1380.0
538008115,1713141745,39.580017,-48.161682,95.0,8,1380.0
538008115,1713141751,39.579681,-48.161301,95.0,8,1370.0
538008115,1713141752,39.579681,-48.161301,95.0,8,1370.0
538008115,1713141770,39.579048,-48.160568,95.0,8,1380.0
538008115,1713141781,39.578701,-48.160149,95.0,8,1380.0
538008115,1713141782,39.578701,-48.160149,95.0,8,1380.0
538008115,1713141791,39.578365,-48.159767,95.0,8,1370.0
538008115,1713141801,39.578033,-48.159382,95.0,8,1370.0
538008115,1713141802,39.578033,-48.159382,95.0,8,1370.0
538008115,1713141811,39.577717,-48.158981,95.0,8,1370.0
538008115,1713141812,39.577717,-48.158981,95.0,8,1370.0
538008115,1713141830,39.577084,-48.158268,95.0,8,1380.0
538008115,1713141831,39.577084,-48.158268,95.0,8,1380.0
538008115,1713141841,39.576767,-48.157867,95.0,8,1370.0
538008115,1713141842,39.576767,-48.157867,95.0,8,1370.0
538008115,1713141850,39.576466,-48.157532,95.0,8,1370.0
538008115,1713141851,39.576466,-48.157532,95.0,8,1370.0
538008115,1713141860,39.576099,-48.157116,95.0,8,1370.0
538008115,1713141861,39.576099,-48.157116,95.0,8,1370.0
538008115,1713141871,39.575783,-48.156715,95.0,8,1360.0
538008115,1713141891,39.575115,-48.155949,95.0,8,1380.0
538008115,1713141911,39.574482,-48.155151,95.0,8,1360.0
538008115,1713141921,39.574165,-48.154766,95.0,8,1370.0
538008115,1713141931,39.573799,-48.15435,95.0,8,1370.0
538008115,1713141962,39.572849,-48.153233,95.0,8,1360.0
538008115,1713141971,39.572552,-48.152817,95.0,8,1350.0
538008115,1713141981,39.572216,-48.152431,95.0,8,1360.0
538008115,1713141991,39.571884,-48.15205,95.0,8,1370.0
538008115,1713141992,39.571884,-48.15205,95.0,8,1370.0
538008115,1713142031,39.570583,-48.150482,95.0,8,1370.0
538008115,1713142041,39.570267,-48.150101,95.0,8,1360.0
538008115,1713142051,39.569901,-48.149685,95.0,8,1360.0
538008115,1713142072,39.569267,-48.148884,95.0,8,1360.0
538008115,1713142081,39.568932,-48.148499,95.0,8,1370.0
538008115,1713142101,39.568317,-48.147766,95.0,8,1360.0
538008115,1713142151,39.5667,-48.145866,95.0,8,1370.0
538008115,1713142155,39.5667,-48.145866,95.0,8,1370.0
538008115,1713142211,39.564701,-48.143517,95.0,8,1370.0
538008115,1713142216,39.564701,-48.143517,95.0,8,1370.0
538008115,1713142221,39.564365,-48.143131,95.0,8,1370.0
538008115,1713142342,39.560398,-48.138401,95.0,8,1360.0
538008115,1713142625,39.551216,-48.127483,96.0,8,1370.0
538008115,1713142745,39.547318,-48.122784,96.0,8,1370.0
538008115,1713143614,39.519417,-48.087933,95.0,8,1340.0
538008115,1713143844,39.512299,-48.078449,94.0,8,1330.0
538008115,1713144193,39.501534,-48.064167,93.0,8,1340.0
538008115,1713144304,39.498199,-48.059631,93.0,8,1330.0
538008115,1713144496,39.492432,-48.051899,93.0,8,1340.0
538008115,1713144616,39.488651,-48.047249,93.0,8,1360.0
538008115,1713144735,39.484798,-48.042633,94.0,8,1360.0
538008115,1713145071,39.473949,-48.029598,92.0,8,1360.0
538008115,1713145205,39.469769,-48.024483,93.0,8,1360.0
538008115,1713145725,39.453251,-48.00465,93.0,8,1370.0
538008115,1713146836,39.419552,-47.960548,92.0,8,1340.0
538008115,1713147383,39.403233,-47.938168,93.0,8,1320.0
538008115,1713148825,39.359699,-47.879166,94.0,8,1390.0
538008115,1713149094,39.350666,-47.869118,94.0,8,1370.0
538008115,1713149187,39.347683,-47.865601,94.0,8,1370.0
538008115,1713149476,39.338066,-47.854534,94.0,8,1380.0
538008115,1713149584,39.334332,-47.850433,94.0,8,1400.0
538008115,1713150526,39.302933,-47.816368,92.0,8,1370.0
538008115,1713150626,39.299767,-47.812634,92.0,8,1380.0
538008115,1713151135,39.283218,-47.79335,93.0,8,1350.0
538008115,1713151186,39.281685,-47.791431,92.0,8,1360.0
538008115,1713152324,39.245884,-47.748367,88.0,8,1370.0
538008115,1713152823,39.230885,-47.730667,85.0,8,1360.0
538008115,1713154373,39.186768,-47.674732,85.0,8,1360.0
538008115,1713156175,39.133968,-47.609516,90.0,8,1370.0
538008115,1713156377,39.127899,-47.601883,89.0,8,1350.0
538008115,1713156664,39.119202,-47.590916,88.0,8,1360.0
538008115,1713157436,39.096416,-47.563732,83.0,8,1380.0
538008115,1713157526,39.093819,-47.560734,82.0,8,1370.0
538008115,1713158035,39.079567,-47.543583,82.0,8,1350.0
538008115,1713158243,39.073734,-47.536083,83.0,8,1340.0
538008115,1713158626,39.063148,-47.522316,86.0,8,1340.0
538008115,1713158635,39.062866,-47.521935,86.0,8,1350.0
538008115,1713159236,39.045517,-47.498981,90.0,8,1350.0
538008115,1713159261,39.044617,-47.497818,90.0,8,1330.0
538008115,1713159886,39.025467,-47.474766,90.0,8,1370.0
538008115,1713160004,39.021801,-47.470367,90.0,8,1360.0
538008115,1713160144,39.017532,-47.465267,89.0,8,1370.0
538008115,1713160477,39.007401,-47.45295,89.0,8,1360.0
538008115,1713161314,38.982666,-47.422318,84.0,8,1350.0
538008115,1713161475,38.978119,-47.416801,82.0,8,1370.0
538008115,1713161665,38.972782,-47.410366,81.0,8,1360.0
538008115,1713162075,38.961468,-47.396782,80.0,8,1370.0
538008115,1713162952,38.9375,-47.367031,80.0,8,1350.0
538008115,1713163122,38.932934,-47.361252,80.0,8,1350.0
538008115,1713163244,38.929634,-47.357132,80.0,8,1360.0
538008115,1713163595,38.920166,-47.345249,80.0,8,1340.0
538008115,1713163606,38.919918,-47.344952,80.0,8,1350.0
538008115,1713163675,38.917969,-47.342499,80.0,8,1340.0
538008115,1713163836,38.913784,-47.336948,80.0,8,1330.0
538008115,1713163944,38.910851,-47.333084,81.0,8,1330.0
538008115,1713164034,38.908417,-47.329899,81.0,8,1340.0
538008115,1713164236,38.903084,-47.323002,81.0,8,1350.0
538008115,1713164335,38.900299,-47.319382,81.0,8,1340.0
538008115,1713164755,38.888882,-47.304482,82.0,8,1340.0
538008115,1713164955,38.883316,-47.297401,83.0,8,1350.0
538008115,1713165436,38.869148,-47.280918,86.0,8,1380.0
538008115,1713165556,38.86565,-47.276684,86.0,8,1350.0
538008115,1713166085,38.849651,-47.25705,91.0,8,1350.0
538008115,1713166363,38.840851,-47.2463,93.0,8,1350.0
538008115,1713166566,38.834518,-47.238533,93.0,8,1350.0
538008115,1713167604,38.801601,-47.198532,93.0,8,1360.0
538008115,1713167784,38.795883,-47.191582,93.0,8,1350.0
538008115,1713169574,38.737499,-47.120949,98.0,8,1350.0
538008115,1713169695,38.733532,-47.116016,98.0,8,1360.0
538008115,1713170593,38.703232,-47.079216,99.0,8,1360.0
538008115,1713170775,38.697117,-47.07185,99.0,8,1360.0
538008115,1713171035,38.688351,-47.061184,99.0,8,1370.0
538008115,1713171199,38.682865,-47.054733,100.0,8,1370.0
538008115,1713171252,38.680817,-47.052166,101.0,8,1350.0
538008115,1713171380,38.67675,-47.047016,101.0,8,1350.0
538008115,1713171492,38.672699,-47.041916,101.0,8,1360.0
538008115,1713171577,38.669968,-47.038582,101.0,8,1360.0
538008115,1713171712,38.665218,-47.032768,101.0,8,1360.0
538008115,1713171932,38.657684,-47.023582,101.0,8,1360.0
538008115,1713171972,38.656284,-47.021866,101.0,8,1350.0
538008115,1713172295,38.645302,-47.008316,102.0,8,1360.0
538008115,1713172423,38.640835,-47.00285,102.0,8,1360.0
538008115,1713172505,38.638134,-46.999466,102.0,8,1350.0
538008115,1713172685,38.632015,-46.991699,103.0,8,1350.0
538008115,1713172736,38.630199,-46.989418,103.0,8,1350.0
538008115,1713172995,38.621334,-46.978199,103.0,8,1350.0
538008115,1713173054,38.619217,-46.975552,103.0,8,1360.0
538008115,1713173204,38.613983,-46.968967,103.0,8,1350.0
538008115,1713173823,38.592098,-46.942402,104.0,8,1360.0
538008115,1713174203,38.578434,-46.926167,105.0,8,1370.0
538008115,1713174336,38.573715,-46.920567,105.0,8,1360.0
538008115,1713174782,38.557468,-46.900917,107.0,8,1360.0
538008115,1713174872,38.5541,-46.896915,108.0,8,1370.0
538008115,1713175054,38.547382,-46.889084,107.0,8,1370.0
538008115,1713175174,38.54285,-46.883835,108.0,8,1370.0
538008115,1713175865,38.517384,-46.852585,108.0,8,1330.0
538008115,1713175987,38.513184,-46.846951,107.0,8,1330.0
538008115,1713176085,38.509682,-46.842281,107.0,8,1330.0
538008115,1713177426,38.461632,-46.783318,106.0,8,1360.0
538008115,1713178076,38.438332,-46.754284,107.0,8,1350.0
538008115,1713178164,38.4352,-46.750252,107.0,8,1340.0
538008115,1713178586,38.420166,-46.7313,107.0,8,1350.0
538008115,1713178646,38.417999,-46.72855,107.0,8,1340.0
538008115,1713179674,38.38065,-46.682999,107.0,8,1360.0
538008115,1713179773,38.377018,-46.678719,108.0,8,1360.0
538008115,1713180233,38.359932,-46.658585,107.0,8,1370.0
538008115,1713180327,38.356518,-46.654667,108.0,8,1370.0
538008115,1713180536,38.348667,-46.64555,108.0,8,1360.0
538008115,1713180977,38.331902,-46.626415,109.0,8,1380.0
538008115,1713181138,38.325718,-46.619385,109.0,8,1380.0
538008115,1713181755,38.302616,-46.591499,110.0,8,1350.0
538008115,1713184495,38.199581,-46.4632,112.0,8,1360.0
538008115,1713184545,38.197701,-46.460884,113.0,8,1360.0
538008115,1713184788,38.188381,-46.449932,112.0,8,1360.0
538008115,1713185373,38.165565,-46.423965,110.0,8,1380.0
538008115,1713185603,38.156631,-46.414284,108.0,8,1390.0
538008115,1713185723,38.152515,-46.408699,106.0,8,1300.0
538008115,1713185861,38.147816,-46.402084,107.0,8,1340.0
538008115,1713185921,38.145668,-46.399418,106.0,8,1340.0
538008115,1713185986,38.143501,-46.396832,107.0,8,1360.0
538008115,1713186191,38.135834,-46.387451,107.0,8,1360.0
538008115,1713187271,38.097168,-46.339085,107.0,8,1330.0
538008115,1713187706,38.081932,-46.319717,106.0,8,1340.0
538008115,1713187835,38.0774,-46.313866,107.0,8,1350.0
538008115,1713187893,38.075283,-46.311115,107.0,8,1340.0
538008115,1713187955,38.073151,-46.308434,107.0,8,1340.0
538008115,1713188046,38.069866,-46.304367,108.0,8,1350.0
538008115,1713188320,38.05975,-46.292118,107.0,8,1360.0
538008115,1713188361,38.058285,-46.290268,107.0,8,1360.0
538008115,1713188366,38.058285,-46.290268,107.0,8,1360.0
538008115,1713188382,38.057568,-46.289383,107.0,8,1350.0
538008115,1713188392,38.057251,-46.288982,107.0,8,1350.0
538008115,1713188442,38.055351,-46.286701,107.0,8,1360.0
538008115,1713188502,38.053219,-46.284134,107.0,8,1360.0
538008115,1713188522,38.052483,-46.283268,107.0,8,1360.0
538008115,1713188551,38.051449,-46.281952,107.0,8,1350.0
538008115,1713188562,38.051048,-46.281467,107.0,8,1360.0
538008115,1713188571,38.050682,-46.281052,107.0,8,1370.0
538008115,1713188582,38.050266,-46.280582,106.0,8,1360.0
538008115,1713188591,38.04995,-46.280182,106.0,8,1360.0
538008115,1713188592,38.04995,-46.280182,106.0,8,1360.0
538008115,1713188602,38.049599,-46.279732,106.0,8,1350.0
538008115,1713188611,38.049252,-46.279301,106.0,8,1350.0
538008115,1713188612,38.049252,-46.279301,106.0,8,1350.0
538008115,1713188622,38.048866,-46.278866,106.0,8,1360.0
538008115,1713188682,38.0467,-46.276283,105.0,8,1350.0
538008115,1713188690,38.046417,-46.275951,106.0,8,1350.0
538008115,1713188731,38.044918,-46.274117,106.0,8,1340.0
538008115,1713188732,38.044918,-46.274117,106.0,8,1340.0
538008115,1713188791,38.042782,-46.2715,106.0,8,1340.0
538008115,1713188792,38.042782,-46.2715,106.0,8,1340.0
538008115,1713188801,38.04245,-46.271034,105.0,8,1340.0
538008115,1713188810,38.042133,-46.270668,105.0,8,1350.0
538008115,1713188811,38.042133,-46.270668,105.0,8,1350.0
538008115,1713188822,38.041733,-46.270199,105.0,8,1350.0
538008115,1713188831,38.041431,-46.269783,105.0,8,1340.0
538008115,1713188841,38.041084,-46.269333,105.0,8,1340.0
538008115,1713188851,38.040733,-46.268883,105.0,8,1350.0
538008115,1713188861,38.040367,-46.268482,105.0,8,1360.0
538008115,1713188862,38.040367,-46.268482,105.0,8,1360.0
538008115,1713188870,38.040051,-46.268116,104.0,8,1360.0
538008115,1713188891,38.039333,-46.267166,104.0,8,1360.0
538008115,1713188901,38.038918,-46.266766,104.0,8,1380.0
538008115,1713188911,38.038567,-46.266315,104.0,8,1350.0
538008115,1713188921,38.038216,-46.265865,104.0,8,1350.0
538008115,1713188930,38.037899,-46.265484,104.0,8,1360.0
538008115,1713188931,38.037899,-46.265484,104.0,8,1360.0
538008115,1713188942,38.037518,-46.264999,104.0,8,1360.0
538008115,1713188951,38.037182,-46.264633,104.0,8,1360.0
538008115,1713188961,38.036835,-46.264183,105.0,8,1350.0
538008115,1713188971,38.036499,-46.263733,105.0,8,1340.0
538008115,1713188981,38.036133,-46.263302,105.0,8,1350.0
538008115,1713188982,38.036133,-46.263302,105.0,8,1350.0
538008115,1713188990,38.035816,-46.262917,105.0,8,1350.0
538008115,1713188991,38.035816,-46.262917,105.0,8,1350.0
538008115,1713189096,38.032116,-46.258518,106.0,8,1360.0
538008115,1713191427,37.947868,-46.156483,106.0,8,1360.0
538008115,1713192482,37.908333,-46.111332,107.0,8,1350.0
538008115,1713192814,37.896317,-46.096767,108.0,8,1330.0
538008115,1713193026,37.888851,-46.087116,108.0,8,1340.0
538008115,1713193454,37.873501,-46.067635,109.0,8,1340.0
538008115,1713193514,37.871334,-46.064884,109.0,8,1350.0
538008115,1713193865,37.858631,-46.048767,109.0,8,1340.0
538008115,1713193976,37.854649,-46.043682,110.0,8,1350.0
538008115,1713194443,37.837582,-46.021969,110.0,8,1340.0
538008115,1713195095,37.813717,-45.992317,111.0,8,1350.0
538008115,1713195155,37.811584,-45.989582,110.0,8,1340.0
538008115,1713195726,37.790798,-45.963249,111.0,8,1350.0
538008115,1713197435,37.730469,-45.885265,105.0,8,1350.0
538008115,1713199537,37.652985,-45.794785,109.0,8,1370.0
538008115,1713200465,37.618134,-45.755833,107.0,8,1370.0
538008115,1713200616,37.612701,-45.749599,107.0,8,1360.0
538008115,1713201284,37.5882,-45.721283,106.0,8,1360.0
538008115,1713202506,37.544231,-45.669819,106.0,8,1370.0
538008115,1713202646,37.539131,-45.664032,105.0,8,1370.0
538008115,1713203016,37.525734,-45.648682,106.0,8,1370.0
538008115,1713204246,37.481499,-45.596565,103.0,8,1350.0
538008115,1713204264,37.480816,-45.595684,103.0,8,1350.0
538008115,1713204466,37.474201,-45.586617,103.0,8,1310.0
538008115,1713204708,37.466351,-45.575867,106.0,8,1340.0
538008115,1713204714,37.466049,-45.575481,105.0,8,1350.0
538008115,1713204833,37.461784,-45.570484,103.0,8,1370.0
538008115,1713204995,37.456318,-45.563782,102.0,8,1350.0
538008115,1713205115,37.452148,-45.55875,102.0,8,1350.0
538008115,1713205275,37.446449,-45.552082,103.0,8,1370.0
538008115,1713205384,37.4426,-45.547619,101.0,8,1380.0
538008115,1713205455,37.440166,-45.544701,102.0,8,1360.0
538008115,1713205593,37.435184,-45.538883,102.0,8,1380.0
538008115,1713205917,37.423901,-45.525982,103.0,8,1370.0
538008115,1713206464,37.405132,-45.502834,101.0,8,1340.0
538008115,1713206634,37.399517,-45.495651,101.0,8,1340.0
538008115,1713206906,37.390385,-45.484268,101.0,8,1350.0
538008115,1713207016,37.38665,-45.479668,101.0,8,1350.0
538008115,1713207113,37.38335,-45.475533,101.0,8,1340.0
538008115,1713207451,37.371849,-45.461201,101.0,8,1350.0
538008115,1713207822,37.359467,-45.445351,102.0,8,1340.0
538008115,1713208116,37.349651,-45.432865,103.0,8,1330.0
538008115,1713208192,37.346966,-45.429466,103.0,8,1340.0
538008115,1713208322,37.342499,-45.424034,103.0,8,1350.0
538008115,1713209105,37.315216,-45.390217,108.0,8,1320.0
538008115,1713209291,37.308716,-45.381382,110.0,8,1320.0
538008115,1713209422,37.303932,-45.375465,110.0,8,1380.0
538008115,1713210455,37.264282,-45.331432,112.0,8,1360.0
538008115,1713210555,37.260468,-45.327068,111.0,8,1360.0
538008115,1713210835,37.249866,-45.314865,110.0,8,1370.0
538008115,1713210845,37.2495,-45.314434,110.0,8,1360.0
538008115,1713210969,37.244968,-45.30925,108.0,8,1370.0
538008115,1713211406,37.228718,-45.29055,106.0,8,1360.0
538008115,1713212147,37.20285,-45.259018,104.0,8,1350.0
538008115,1713212488,37.190983,-45.244865,103.0,8,1350.0
538008115,1713212754,37.181381,-45.233749,103.0,8,1370.0
538008115,1713213105,37.169182,-45.219849,99.0,8,1350.0
538008115,1713213165,37.167198,-45.2174,99.0,8,1340.0
538008115,1713213275,37.1637,-45.212883,99.0,8,1320.0
538008115,1713213365,37.160732,-45.209148,99.0,8,1340.0
538008115,1713213515,37.155849,-45.202915,100.0,8,1330.0
538008115,1713213794,37.146732,-45.191517,98.0,8,1340.0
538008115,1713213843,37.1451,-45.1894,99.0,8,1340.0
538008115,1713213943,37.141785,-45.185333,99.0,8,1340.0
538008115,1713214365,37.127949,-45.168049,100.0,8,1360.0
538008115,1713214564,37.121166,-45.159752,102.0,8,1340.0
538008115,1713214633,37.118801,-45.156898,102.0,8,1350.0
538008115,1713215073,37.103565,-45.138481,103.0,8,1360.0
538008115,1713215655,37.083069,-45.114468,103.0,8,1370.0
538008115,1713215968,37.071968,-45.101685,102.0,8,1360.0
538008115,1713218086,36.996449,-45.011684,105.0,8,1370.0
538008115,1713218817,36.970718,-44.979633,103.0,8,1290.0
538008115,1713219097,36.961899,-44.966633,104.0,8,1290.0
538008115,1713219595,36.944016,-44.945484,106.0,8,1390.0
538008115,1713219674,36.941067,-44.942219,106.0,8,1380.0
538008115,1713219834,36.935081,-44.935749,106.0,8,1380.0
538008115,1713220194,36.921848,-44.920517,106.0,8,1370.0
538008115,1713220314,36.917484,-44.915451,106.0,8,1350.0
538008115,1713220374,36.915352,-44.912884,106.0,8,1350.0
538008115,1713220658,36.905399,-44.901031,105.0,8,1360.0
538008115,1713221824,36.864498,-44.851368,103.0,8,1360.0
538008115,1713221904,36.861851,-44.848034,102.0,8,1350.0
538008115,1713222285,36.8484,-44.8325,102.0,8,1370.0
538008115,1713222344,36.846268,-44.830082,102.0,8,1370.0
538008115,1713222443,36.8428,-44.826035,103.0,8,1370.0
538008115,1713222778,36.831451,-44.812534,101.0,8,1350.0
538008115,1713222958,36.825184,-44.805119,103.0,8,1360.0
538008115,1713223046,36.822048,-44.801369,103.0,8,1350.0
538008115,1713223254,36.814884,-44.792381,104.0,8,1330.0
538008115,1713223596,36.802868,-44.778301,103.0,8,1360.0
538008115,1713223653,36.800766,-44.775833,102.0,8,1370.0
538008115,1713224006,36.788368,-44.761566,102.0,8,1370.0
538008115,1713224214,36.781017,-44.753082,102.0,8,1370.0
538008115,1713224596,36.767982,-44.737816,99.0,8,1330.0
538008115,1713225876,36.724602,-44.685116,102.0,8,1350.0
538008115,1713225926,36.722866,-44.683018,102.0,8,1350.0
538008115,1713225932,36.722549,-44.682652,102.0,8,1350.0
538008115,1713226194,36.713551,-44.671951,102.0,8,1350.0
538008115,1713226211,36.712883,-44.67115,102.0,8,1360.0
538008115,1713226222,36.712502,-44.6707,102.0,8,1360.0
538008115,1713226251,36.711517,-44.669518,102.0,8,1350.0
538008115,1713226272,36.7108,-44.668652,102.0,8,1350.0
538008115,1713226302,36.709816,-44.667381,102.0,8,1340.0
538008115,1713226311,36.709518,-44.667,102.0,8,1340.0
538008115,1713226331,36.708832,-44.666183,102.0,8,1350.0
538008115,1713226362,36.707767,-44.664867,102.0,8,1350.0
538008115,1713226371,36.707451,-44.664501,103.0,8,1350.0
538008115,1713226392,36.706734,-44.663616,102.0,8,1360.0
538008115,1713226401,36.706417,-44.66325,102.0,8,1360.0
538008115,1713226412,36.706051,-44.662785,102.0,8,1350.0
538008115,1713226452,36.7047,-44.661152,102.0,8,1340.0
538008115,1713226461,36.704384,-44.660801,102.0,8,1350.0
538008115,1713226463,36.704384,-44.660801,102.0,8,1350.0
538008115,1713226482,36.703667,-44.659931,102.0,8,1350.0
538008115,1713226512,36.702618,-44.658733,101.0,8,1370.0
538008115,1713226521,36.702316,-44.658352,101.0,8,1360.0
538008115,1713226562,36.700901,-44.656631,101.0,8,1340.0
538008115,1713226572,36.700565,-44.656216,101.0,8,1350.0
538008115,1713226582,36.700233,-44.655815,101.0,8,1360.0
538008115,1713226592,36.699902,-44.655399,101.0,8,1340.0
538008115,1713226662,36.697552,-44.652431,101.0,8,1350.0
538008115,1713226722,36.695568,-44.650002,102.0,8,1350.0
538008115,1713227082,36.68325,-44.634918,103.0,8,1340.0
538008115,1713227244,36.6777,-44.628132,103.0,8,1360.0
538008115,1713228072,36.649483,-44.592968,104.0,8,1330.0
538008115,1713228256,36.64315,-44.58535,105.0,8,1360.0
538008115,1713228312,36.640999,-44.582932,105.0,8,1380.0
538008115,1713228506,36.634102,-44.575031,104.0,8,1360.0
538008115,1713228644,36.62915,-44.569199,105.0,8,1360.0
538008115,1713228667,36.628448,-44.568432,105.0,8,1370.0
538008115,1713228851,36.621567,-44.560719,104.0,8,1380.0
538008115,1713228907,36.619751,-44.558701,104.0,8,1380.0
538008115,1713229263,36.606834,-44.543682,104.0,8,1350.0
538008115,1713229783,36.589169,-44.522331,101.0,8,1380.0
538008115,1713229925,36.584518,-44.516651,101.0,8,1330.0
538008115,1713230063,36.579716,-44.510948,101.0,8,1360.0
538008115,1713230114,36.578018,-44.508949,100.0,8,1360.0
538008115,1713230245,36.573502,-44.503883,100.0,8,1380.0
538008115,1713230567,36.562248,-44.491516,100.0,8,1380.0
538008115,1713230804,36.553818,-44.482132,100.0,8,1380.0
538008115,1713231363,36.534698,-44.459801,99.0,8,1370.0
538008115,1713231904,36.516518,-44.438316,98.0,8,1360.0
538008115,1713232925,36.482983,-44.398815,97.0,8,1370.0
538008115,1713233554,36.4622,-44.374851,98.0,8,1370.0
538008115,1713235004,36.413235,-44.3186,102.0,8,1370.0
538008115,1713235074,36.410816,-44.315884,101.0,8,1370.0
538008115,1713235164,36.407616,-44.312168,102.0,8,1370.0
538008115,1713235347,36.401531,-44.304916,101.0,8,1350.0
538008115,1713235512,36.395767,-44.298149,99.0,8,1370.0
538008115,1713235572,36.393719,-44.295666,99.0,8,1360.0
538008115,1713235742,36.388401,-44.288532,98.0,8,1310.0
538008115,1713235885,36.384151,-44.282719,98.0,8,1310.0
538008115,1713236635,36.361015,-44.252483,97.0,8,1340.0
538008115,1713236832,36.354519,-44.244633,97.0,8,1360.0
538008115,1713237203,36.34235,-44.230068,98.0,8,1330.0
538008115,1713237314,36.338966,-44.225468,98.0,8,1300.0
538008115,1713237404,36.336182,-44.221802,98.0,8,1310.0
538008115,1713237693,36.326801,-44.210049,97.0,8,1350.0
538008115,1713237802,36.323334,-44.205849,94.0,8,1370.0
538008115,1713237923,36.319569,-44.201267,95.0,8,1340.0
538008115,1713238043,36.315884,-44.19635,96.0,8,1330.0
538008115,1713238052,36.315632,-44.195969,97.0,8,1320.0
538008115,1713238224,36.310467,-44.188999,96.0,8,1310.0
538008115,1713238284,36.308632,-44.186634,95.0,8,1320.0
538008115,1713238393,36.305267,-44.182266,93.0,8,1320.0
538008115,1713238534,36.300999,-44.176834,92.0,8,1350.0
538008115,1713238756,36.294132,-44.168365,95.0,8,1340.0
538008115,1713239345,36.274033,-44.147583,97.0,8,1380.0
538008115,1713239832,36.257317,-44.12915,99.0,8,1350.0
538008115,1713242295,36.174168,-44.030632,100.0,8,1370.0
538008115,1713242567,36.164967,-44.019749,100.0,8,1330.0
538008115,1713242876,36.154434,-44.007534,99.0,8,1380.0
538008115,1713242996,36.150284,-44.002731,100.0,8,1360.0
538008115,1713243464,36.134018,-43.984032,102.0,8,1360.0
538008115,1713243607,36.129131,-43.9785,101.0,8,1360.0
538008115,1713244454,36.1008,-43.944534,101.0,8,1340.0
538008115,1713244606,36.095669,-43.938351,102.0,8,1350.0
538008115,1713245436,36.067284,-43.904518,102.0,8,1360.0
538008115,1713245525,36.064301,-43.900833,102.0,8,1350.0
538008115,1713245695,36.058567,-43.893665,102.0,8,1350.0
538008115,1713245866,36.0527,-43.886665,102.0,8,1350.0
538008115,1713245972,36.049099,-43.882267,101.0,8,1350.0
538008115,1713246544,36.029484,-43.858719,104.0,8,1350.0
538008115,1713246864,36.018349,-43.845531,104.0,8,1370.0
538008115,1713246955,36.015217,-43.841866,104.0,8,1360.0
538008115,1713247813,35.985332,-43.806183,103.0,8,1320.0
538008115,1713247822,35.98505,-43.805782,103.0,8,1310.0
538008115,1713247923,35.981766,-43.801315,103.0,8,1330.0
538008115,1713248653,35.957481,-43.770149,102.0,8,1340.0
538008115,1713248824,35.951733,-43.762917,102.0,8,1330.0
538008115,1713249123,35.941769,-43.750332,101.0,8,1330.0
538008115,1713249185,35.939816,-43.747818,101.0,8,1340.0
538008115,1713249443,35.930866,-43.737385,100.0,8,1370.0
538008115,1713249787,35.918999,-43.723717,101.0,8,1360.0
538008115,1713250195,35.904968,-43.707333,101.0,8,1360.0
538008115,1713250346,35.899784,-43.701351,100.0,8,1370.0
538008115,1713250444,35.896366,-43.69735,100.0,8,1350.0
538008115,1713250687,35.8881,-43.688034,98.0,8,1370.0
538008115,1713250796,35.884315,-43.683701,98.0,8,1370.0
538008115,1713250936,35.879581,-43.678284,99.0,8,1370.0
538008115,1713251034,35.876183,-43.674351,99.0,8,1350.0
538008115,1713251188,35.870934,-43.668568,99.0,8,1390.0
538008115,1713251274,35.867783,-43.66515,99.0,8,1370.0
538008115,1713251344,35.865383,-43.662533,99.0,8,1380.0
538008115,1713251477,35.860817,-43.657532,100.0,8,1370.0
538008115,1713251525,35.8591,-43.655651,100.0,8,1380.0
538008115,1713251644,35.854916,-43.650982,100.0,8,1370.0
538008115,1713251776,35.850368,-43.645966,98.0,8,1380.0
538008115,1713252025,35.841866,-43.636566,97.0,8,1350.0
538008115,1713253124,35.806068,-43.593948,95.0,8,1330.0
538008115,1713253442,35.796066,-43.581516,95.0,8,1330.0
538008115,1713254567,35.760601,-43.539234,93.0,8,1380.0
538008115,1713255634,35.724899,-43.501202,97.0,8,1370.0
538008115,1713256153,35.707649,-43.4823,97.0,8,1370.0
538008115,1713256448,35.698433,-43.471016,97.0,8,1330.0
538008115,1713256525,35.695915,-43.467918,97.0,8,1330.0
538008115,1713256624,35.692783,-43.463932,98.0,8,1330.0
538008115,1713256887,35.684666,-43.453468,97.0,8,1320.0
538008115,1713256896,35.684349,-43.453049,97.0,8,1330.0
538008115,1713257124,35.677082,-43.443733,98.0,8,1330.0
538008115,1713257143,35.676468,-43.442902,98.0,8,1330.0
538008115,1713257374,35.669468,-43.433334,98.0,8,1310.0
538008115,1713258154,35.647118,-43.400467,94.0,8,1300.0
538008115,1713258243,35.644516,-43.396751,93.0,8,1300.0
538008115,1713258347,35.641602,-43.392601,94.0,8,1300.0
538008115,1713258467,35.638168,-43.387684,95.0,8,1290.0
538008115,1713258585,35.634632,-43.382717,96.0,8,1300.0
538008115,1713258736,35.630234,-43.376415,95.0,8,1310.0
538008115,1713258798,35.628502,-43.373981,95.0,8,1320.0
538008115,1713258983,35.622799,-43.366333,96.0,8,1370.0
538008115,1713259117,35.618301,-43.361698,95.0,8,1400.0
538008115,1713259226,35.614517,-43.357784,95.0,8,1390.0
538008115,1713259256,35.613449,-43.356682,95.0,8,1400.0
538008115,1713259345,35.610382,-43.353352,95.0,8,1380.0
538008115,1713259486,35.605801,-43.348331,94.0,8,1360.0
538008115,1713259795,35.595402,-43.3372,95.0,8,1410.0
538008115,1713259906,35.591633,-43.3335,94.0,8,1400.0
538008115,1713260114,35.584351,-43.326332,95.0,8,1400.0
538008115,1713260287,35.5784,-43.320549,94.0,8,1400.0
538008115,1713260351,35.576015,-43.318169,94.0,8,1400.0
538008115,1713260395,35.574615,-43.316734,94.0,8,1400.0
538008115,1713260645,35.565834,-43.308151,95.0,8,1410.0
538008115,1713260804,35.560219,-43.302769,95.0,8,1420.0
538008115,1713261378,35.540932,-43.282082,96.0,8,1350.0
538008115,1713261952,35.521618,-43.259602,98.0,8,1360.0
538008115,1713262082,35.51725,-43.254532,99.0,8,1350.0
538008115,1713262281,35.510532,-43.246849,98.0,8,1360.0
538008115,1713262531,35.502281,-43.237469,98.0,8,1360.0
538008115,1713262834,35.491867,-43.225418,99.0,8,1370.0
538008115,1713262908,35.489552,-43.222782,98.0,8,1370.0
538008115,1713263384,35.473652,-43.204201,98.0,8,1360.0
538008115,1713263495,35.470135,-43.199734,97.0,8,1340.0
538008115,1713263707,35.463383,-43.191448,96.0,8,1360.0
538008115,1713263876,35.457867,-43.185066,96.0,8,1360.0
538008115,1713263974,35.454666,-43.181232,96.0,8,1360.0
538008115,1713264095,35.450817,-43.176601,97.0,8,1350.0
538008115,1713264107,35.450451,-43.176201,96.0,8,1350.0
538008115,1713264216,35.446918,-43.171967,98.0,8,1360.0
538008115,1713264623,35.433483,-43.156132,97.0,8,1360.0
538008115,1713265124,35.416916,-43.136932,97.0,8,1350.0
538008115,1713265176,35.415333,-43.135052,97.0,8,1350.0
538008115,1713265596,35.401566,-43.118767,98.0,8,1350.0
538008115,1713265713,35.397549,-43.114201,97.0,8,1370.0
538008115,1713266316,35.377567,-43.091232,98.0,8,1360.0
538008115,1713268586,35.300499,-43.000782,103.0,8,1340.0
538008115,1713269327,35.274799,-42.97015,102.0,8,1350.0
538008115,1713269656,35.263332,-42.956432,103.0,8,1360.0
538008115,1713269736,35.260502,-42.953098,104.0,8,1360.0
538008115,1713269986,35.251781,-42.942749,105.0,8,1360.0
538008115,1713270367,35.238201,-42.926868,105.0,8,1350.0
538008115,1713270501,35.233551,-42.921482,105.0,8,1370.0
538008115,1713270533,35.232132,-42.919868,106.0,8,1360.0
538008115,1713270712,35.225666,-42.91235,104.0,8,1350.0
538008115,1713270805,35.222485,-42.908482,104.0,8,1350.0
538008115,1713270916,35.218735,-42.90395,104.0,8,1350.0
538008115,1713271179,35.2094,-42.893051,106.0,8,1350.0
538008115,1713271426,35.200268,-42.882683,104.0,8,1380.0
538008115,1713271638,35.192768,-42.874119,105.0,8,1360.0
538008115,1713271664,35.191685,-42.872883,105.0,8,1370.0
538008115,1713271717,35.1898,-42.8708,106.0,8,1370.0
538008115,1713271996,35.179783,-42.8592,105.0,8,1330.0
538008115,1713272595,35.159184,-42.833832,103.0,8,1340.0
538008115,1713272905,35.148384,-42.821033,103.0,8,1350.0
538008115,1713272951,35.146618,-42.818901,104.0,8,1350.0
538008115,1713272952,35.146618,-42.818901,104.0,8,1350.0
538008115,1713273000,35.144917,-42.816868,104.0,8,1340.0
538008115,1713273002,35.144917,-42.816868,104.0,8,1340.0
538008115,1713273011,35.14455,-42.816418,104.0,8,1350.0
538008115,1713273021,35.144199,-42.816002,104.0,8,1350.0
538008115,1713273041,35.143501,-42.815182,103.0,8,1360.0
538008115,1713273051,35.143166,-42.814816,103.0,8,1360.0
538008115,1713273060,35.142849,-42.814468,104.0,8,1360.0
538008115,1713273061,35.142849,-42.814468,104.0,8,1360.0
538008115,1713273071,35.142399,-42.81395,103.0,8,1360.0
538008115,1713273081,35.142082,-42.813583,103.0,8,1360.0
538008115,1713273090,35.141766,-42.813232,102.0,8,1360.0
538008115,1713273110,35.141083,-42.812401,102.0,8,1360.0
538008115,1713273111,35.141083,-42.812401,102.0,8,1360.0
538008115,1713273113,35.141083,-42.812401,102.0,8,1360.0
538008115,1713273120,35.140717,-42.812,102.0,8,1370.0
538008115,1713273141,35.139984,-42.81115,102.0,8,1350.0
538008115,1713273170,35.139,-42.809952,102.0,8,1350.0
538008115,1713273171,35.139,-42.809952,102.0,8,1350.0
538008115,1713273180,35.138649,-42.809532,102.0,8,1350.0
538008115,1713273181,35.138649,-42.809532,102.0,8,1350.0
538008115,1713273191,35.138268,-42.809101,102.0,8,1350.0
538008115,1713273192,35.138268,-42.809101,102.0,8,1350.0
538008115,1713273201,35.137932,-42.808681,102.0,8,1350.0
538008115,1713273202,35.137932,-42.808681,102.0,8,1350.0
538008115,1713273210,35.137615,-42.808315,102.0,8,1350.0
538008115,1713273221,35.137283,-42.807919,102.0,8,1350.0
538008115,1713273230,35.136932,-42.807499,103.0,8,1350.0
538008115,1713273240,35.1366,-42.807083,102.0,8,1350.0
538008115,1713273241,35.1366,-42.807083,102.0,8,1350.0
538008115,1713273252,35.136215,-42.806633,103.0,8,1350.0
538008115,1713273253,35.136215,-42.806633,103.0,8,1350.0
538008115,1713273262,35.135868,-42.806217,102.0,8,1350.0
538008115,1713273271,35.135567,-42.805851,102.0,8,1340.0
538008115,1713273301,35.134533,-42.804634,102.0,8,1350.0
538008115,1713273312,35.134132,-42.804199,103.0,8,1360.0
538008115,1713273322,35.133801,-42.803783,102.0,8,1350.0
538008115,1713273351,35.132816,-42.802601,103.0,8,1350.0
538008115,1713273361,35.1325,-42.802235,102.0,8,1350.0
538008115,1713273372,35.132034,-42.801716,102.0,8,1360.0
538008115,1713273382,35.131683,-42.801315,103.0,8,1360.0
538008115,1713273392,35.131382,-42.800934,102.0,8,1350.0
538008115,1713273401,35.131035,-42.800533,102.0,8,1350.0
538008115,1713273411,35.130718,-42.800182,102.0,8,1350.0
538008115,1713273441,35.1297,-42.798965,102.0,8,1350.0
538008115,1713273452,35.129318,-42.798515,102.0,8,1360.0
538008115,1713273461,35.129002,-42.798168,101.0,8,1360.0
538008115,1713273481,35.128349,-42.797417,101.0,8,1350.0
538008115,1713273491,35.127983,-42.797001,101.0,8,1350.0
538008115,1713274164,35.1049,-42.770035,101.0,8,1340.0
538008115,1713274348,35.098667,-42.762783,102.0,8,1360.0
538008115,1713274396,35.096966,-42.760818,101.0,8,1360.0
538008115,1713275003,35.075901,-42.73645,102.0,8,1360.0
538008115,1713275748,35.049984,-42.7071,101.0,8,1370.0
538008115,1713277056,35.005402,-42.653198,104.0,8,1360.0
538008115,1713277264,34.998184,-42.644402,103.0,8,1340.0
538008115,1713277386,34.994118,-42.63945,102.0,8,1340.0
538008115,1713277499,34.990452,-42.63485,103.0,8,1340.0
538008115,1713277784,34.980568,-42.622734,104.0,8,1340.0
538008115,1713277863,34.977901,-42.619366,103.0,8,1340.0
538008115,1713278047,34.971802,-42.611767,103.0,8,1360.0
538008115,1713278125,34.969131,-42.608501,103.0,8,1340.0
538008115,1713278296,34.963551,-42.601318,103.0,8,1340.0
538008115,1713278661,34.95105,-42.5858,104.0,8,1350.0
538008115,1713278686,34.950401,-42.585033,104.0,8,1370.0
538008115,1713278805,34.946201,-42.580181,103.0,8,1370.0
538008115,1713278985,34.939919,-42.572933,104.0,8,1360.0
538008115,1713279235,34.931267,-42.562984,102.0,8,1370.0
538008115,1713279402,34.925365,-42.556198,102.0,8,1370.0
538008115,1713279528,34.9212,-42.551384,102.0,8,1360.0
538008115,1713279877,34.909119,-42.537716,102.0,8,1380.0
538008115,1713280046,34.902966,-42.531181,101.0,8,1390.0
538008115,1713280104,34.900902,-42.528915,102.0,8,1370.0
538008115,1713281075,34.866585,-42.49155,103.0,8,1370.0
538008115,1713281108,34.865482,-42.490349,103.0,8,1380.0
538008115,1713281228,34.861168,-42.485649,104.0,8,1370.0
538008115,1713281595,34.847816,-42.47105,105.0,8,1380.0
538008115,1713281772,34.841232,-42.463932,104.0,8,1370.0
538008115,1713283824,34.768318,-42.381481,104.0,8,1340.0
538008115,1713284807,34.733818,-42.340935,104.0,8,1350.0
538008115,1713285936,34.694149,-42.294315,103.0,8,1340.0
538008115,1713286804,34.663883,-42.258018,105.0,8,1340.0
538008115,1713286884,34.661098,-42.254635,105.0,8,1350.0
538008115,1713287045,34.655518,-42.247784,105.0,8,1340.0
538008115,1713287846,34.62735,-42.213383,108.0,8,1330.0
538008115,1713287934,34.624199,-42.209435,107.0,8,1340.0
538008115,1713288126,34.617451,-42.201,108.0,8,1350.0
538008115,1713288343,34.609367,-42.1917,109.0,8,1370.0
538008115,1713288395,34.607468,-42.189533,109.0,8,1350.0
538008115,1713288557,34.601601,-42.182652,109.0,8,1350.0
538008115,1713289025,34.584133,-42.162231,110.0,8,1360.0
538008115,1713289274,34.574718,-42.151566,110.0,8,1360.0
538008115,1713289634,34.561218,-42.136131,110.0,8,1360.0
538008115,1713289837,34.553665,-42.127533,110.0,8,1370.0
538008115,1713290245,34.538467,-42.109882,110.0,8,1350.0
538008115,1713290325,34.535381,-42.106365,110.0,8,1360.0
538008115,1713290382,34.533115,-42.103767,110.0,8,1360.0
538008115,1713290574,34.525982,-42.095718,109.0,8,1360.0
538008115,1713290743,34.519634,-42.088467,108.0,8,1370.0
538008115,1713290816,34.517017,-42.085548,107.0,8,1370.0
538008115,1713290913,34.513317,-42.081348,108.0,8,1360.0
538008115,1713290973,34.511082,-42.07885,108.0,8,1360.0
538008115,1713291456,34.493168,-42.058632,109.0,8,1360.0
538008115,1713291477,34.492451,-42.0578,109.0,8,1350.0
538008115,1713291637,34.486465,-42.050983,108.0,8,1360.0
538008115,1713291698,34.484249,-42.048382,108.0,8,1350.0
538008115,1713291904,34.47665,-42.039349,108.0,8,1360.0
538008115,1713291965,34.474419,-42.036766,109.0,8,1360.0
538008115,1713292394,34.459084,-42.0182,107.0,8,1340.0
538008115,1713292516,34.454735,-42.013,107.0,8,1370.0
538008115,1713292544,34.453667,-42.011719,107.0,8,1350.0
538008115,1713292724,34.447216,-42.004101,107.0,8,1350.0
538008115,1713292947,34.439251,-41.994701,106.0,8,1360.0
538008115,1713293129,34.4328,-41.987068,106.0,8,1350.0
538008115,1713293773,34.409332,-41.959599,107.0,8,1370.0
538008115,1713294114,34.397068,-41.945484,106.0,8,1370.0
538008115,1713294615,34.378834,-41.924549,107.0,8,1340.0
538008115,1713295155,34.359451,-41.901516,108.0,8,1340.0
538008115,1713295895,34.333099,-41.869415,109.0,8,1360.0
538008115,1713296575,34.307652,-41.840935,111.0,8,1360.0
538008115,1713296706,34.3027,-41.835468,111.0,8,1370.0
538008115,1713297033,34.290352,-41.821365,111.0,8,1360.0
538008115,1713297095,34.288132,-41.818832,111.0,8,1360.0
538008115,1713297185,34.284733,-41.814919,111.0,8,1360.0
538008115,1713297485,34.273449,-41.802052,111.0,8,1370.0
538008115,1713298367,34.240917,-41.764618,109.0,8,1360.0
538008115,1713298671,34.229698,-41.751484,108.0,8,1360.0
538008115,1713298735,34.227516,-41.749035,108.0,8,1370.0
538008115,1713298858,34.223068,-41.743881,109.0,8,1360.0
538008115,1713298970,34.219067,-41.739216,109.0,8,1360.0
538008115,1713299337,34.205566,-41.723385,110.0,8,1350.0
538008115,1713299456,34.201118,-41.71825,110.0,8,1350.0
538008115,1713299535,34.198116,-41.714867,111.0,8,1370.0
538008115,1713299907,34.184116,-41.699432,110.0,8,1370.0
538008115,1713299984,34.181133,-41.696083,110.0,8,1360.0
538008115,1713300107,34.176632,-41.691151,110.0,8,1380.0
538008115,1713300332,34.167866,-41.681583,111.0,8,1370.0
538008115,1713300482,34.162167,-41.675316,109.0,8,1360.0
538008115,1713300495,34.1618,-41.67495,110.0,8,1370.0
538008115,1713300552,34.159569,-41.672501,111.0,8,1370.0
538008115,1713300846,34.1488,-41.660366,108.0,8,1360.0
538008115,1713301126,34.13855,-41.648617,109.0,8,1360.0
538008115,1713301185,34.136383,-41.646168,108.0,8,1370.0
538008115,1713301256,34.133816,-41.643131,109.0,8,1350.0
538008115,1713301737,34.116749,-41.622185,109.0,8,1340.0
538008115,1713303626,34.047882,-41.542034,108.0,8,1360.0
538008115,1713304063,34.031952,-41.523666,107.0,8,1360.0
538008115,1713304125,34.02985,-41.521099,107.0,8,1340.0
538008115,1713304796,34.005531,-41.49305,108.0,8,1370.0
538008115,1713304904,34.001617,-41.488419,107.0,8,1360.0
538008115,1713305104,33.9944,-41.480068,108.0,8,1350.0
538008115,1713305613,33.975666,-41.458965,108.0,8,1370.0
538008115,1713305657,33.974232,-41.457382,107.0,8,1370.0
538008115,1713306225,33.953548,-41.433918,107.0,8,1350.0
538008115,1713306256,33.952484,-41.432632,108.0,8,1360.0
538008115,1713306371,33.948151,-41.4277,107.0,8,1370.0
538008115,1713306795,33.933048,-41.410519,106.0,8,1350.0
538008115,1713306974,33.926601,-41.403118,106.0,8,1360.0
538008115,1713307097,33.922352,-41.398201,106.0,8,1360.0
538008115,1713307297,33.915382,-41.389969,106.0,8,1350.0
538008115,1713307334,33.913967,-41.388317,106.0,8,1340.0
538008115,1713307683,33.901451,-41.374134,105.0,8,1360.0
538008115,1713307905,33.893566,-41.365051,106.0,8,1350.0
538008115,1713308096,33.886719,-41.357399,106.0,8,1370.0
538008115,1713308332,33.878082,-41.347649,105.0,8,1350.0
538008115,1713308462,33.873516,-41.342316,104.0,8,1350.0
538008115,1713308856,33.859852,-41.326717,104.0,8,1350.0
538008115,1713308945,33.856716,-41.323151,103.0,8,1350.0
538008115,1713309155,33.849384,-41.314816,104.0,8,1370.0
538008115,1713309404,33.840782,-41.304749,104.0,8,1340.0
538008115,1713309494,33.837769,-41.301201,104.0,8,1360.0
538008115,1713309804,33.827183,-41.288418,103.0,8,1350.0
538008115,1713310244,33.812233,-41.27055,102.0,8,1340.0
538008115,1713310591,33.800331,-41.256302,103.0,8,1340.0
538008115,1713310621,33.799301,-41.255116,103.0,8,1360.0
538008115,1713310636,33.798916,-41.254684,103.0,8,1350.0
538008115,1713310670,33.7976,-41.253101,103.0,8,1360.0
538008115,1713310671,33.7976,-41.253101,103.0,8,1360.0
538008115,1713310681,33.797268,-41.252682,103.0,8,1360.0
538008115,1713310701,33.796532,-41.25185,104.0,8,1360.0
538008115,1713310741,33.795216,-41.250252,104.0,8,1340.0
538008115,1713310790,33.793518,-41.248234,103.0,8,1340.0
538008115,1713310791,33.793518,-41.248234,103.0,8,1340.0
538008115,1713310811,33.792831,-41.247417,103.0,8,1340.0
538008115,1713310885,33.790401,-41.244534,104.0,8,1360.0
538008115,1713310892,33.790031,-41.244133,104.0,8,1360.0
538008115,1713310910,33.789383,-41.243366,104.0,8,1340.0
538008115,1713311040,33.784882,-41.238068,104.0,8,1360.0
538008115,1713311041,33.784882,-41.238068,104.0,8,1360.0
538008115,1713311091,33.783115,-41.236034,105.0,8,1360.0
538008115,1713311101,33.782749,-41.235649,105.0,8,1360.0
538008115,1713311132,33.781685,-41.234432,105.0,8,1360.0
538008115,1713311152,33.780998,-41.233601,105.0,8,1350.0
538008115,1713311575,33.7663,-41.216583,105.0,8,1350.0
538008115,1713312404,33.736717,-41.182816,107.0,8,1370.0
538008115,1713312704,33.725567,-41.171017,107.0,8,1380.0
538008115,1713312982,33.71505,-41.159916,108.0,8,1370.0
538008115,1713313159,33.709019,-41.152782,107.0,8,1350.0
538008115,1713313396,33.700481,-41.142883,106.0,8,1350.0
538008115,1713313455,33.698399,-41.14035,105.0,8,1340.0
538008115,1713313505,33.696682,-41.138233,105.0,8,1330.0
538008115,1713313758,33.687984,-41.127983,105.0,8,1350.0
538008115,1713313775,33.687248,-41.127117,105.0,8,1340.0
538008115,1713313896,33.683033,-41.122082,106.0,8,1350.0
538008115,1713314212,33.671818,-41.108849,106.0,8,1340.0
538008115,1713314354,33.666882,-41.103031,106.0,8,1350.0
538008115,1713314445,33.663631,-41.099281,106.0,8,1360.0
538008115,1713314824,33.650185,-41.083752,105.0,8,1350.0
538008115,1713315013,33.643215,-41.076302,106.0,8,1370.0
538008115,1713315075,33.640999,-41.073933,106.0,8,1380.0
538008115,1713315323,33.631931,-41.063969,106.0,8,1360.0
538008115,1713315654,33.619766,-41.051018,106.0,8,1370.0
538008115,1713315895,33.610851,-41.04155,107.0,8,1370.0
538008115,1713316023,33.606167,-41.036331,106.0,8,1370.0
538008115,1713316105,33.603367,-41.033001,106.0,8,1350.0
538008115,1713316130,33.602333,-41.031834,106.0,8,1360.0
538008115,1713316131,33.602333,-41.031834,106.0,8,1360.0
538008115,1713316134,33.602333,-41.031834,106.0,8,1360.0
538008115,1713316140,33.601917,-41.031399,106.0,8,1360.0
538008115,1713316150,33.601566,-41.030983,106.0,8,1350.0
538008115,1713316161,33.6012,-41.030518,106.0,8,1340.0
538008115,1713316162,33.6012,-41.030518,106.0,8,1340.0
538008115,1713316182,33.600468,-41.029701,106.0,8,1350.0
538008115,1713316191,33.600166,-41.029385,106.0,8,1360.0
538008115,1713316201,33.5998,-41.028984,106.0,8,1360.0
538008115,1713316211,33.599468,-41.028568,106.0,8,1350.0
538008115,1713316222,33.599068,-41.028118,106.0,8,1360.0
538008115,1713316232,33.598701,-41.027718,106.0,8,1370.0
538008115,1713316242,33.598351,-41.027317,106.0,8,1360.0
538008115,1713316261,33.597683,-41.026516,105.0,8,1350.0
538008115,1713316264,33.597683,-41.026516,105.0,8,1350.0
538008115,1713316271,33.597332,-41.0261,106.0,8,1350.0
538008115,1713316292,33.596535,-41.025215,106.0,8,1360.0
538008115,1713316302,33.596169,-41.024799,106.0,8,1360.0
538008115,1713316321,33.595501,-41.024017,106.0,8,1350.0
538008115,1713316331,33.595165,-41.023651,106.0,8,1350.0
538008115,1713316341,33.594784,-41.023201,106.0,8,1350.0
538008115,1713316352,33.594433,-41.022781,106.0,8,1350.0
538008115,1713316362,33.594082,-41.022385,106.0,8,1350.0
538008115,1713316372,33.593735,-41.021969,106.0,8,1360.0
538008115,1713316382,33.593369,-41.021568,106.0,8,1360.0
538008115,1713316391,33.593048,-41.021198,106.0,8,1360.0
538008115,1713316412,33.592365,-41.020351,106.0,8,1340.0
538008115,1713316452,33.590881,-41.018616,106.0,8,1350.0
538008115,1713316512,33.588783,-41.016216,106.0,8,1370.0
538008115,1713316572,33.586666,-41.013748,105.0,8,1360.0
538008115,1713316581,33.586384,-41.013416,105.0,8,1360.0
538008115,1713316611,33.585281,-41.01215,105.0,8,1350.0
538008115,1713316922,33.574318,-40.99955,105.0,8,1350.0
538008115,1713318026,33.534931,-40.953548,107.0,8,1360.0
538008115,1713319444,33.482983,-40.892433,112.0,8,1370.0
538008115,1713319607,33.476952,-40.885681,112.0,8,1370.0
538008115,1713319784,33.470016,-40.878082,112.0,8,1370.0
538008115,1713319904,33.465485,-40.873066,112.0,8,1370.0
538008115,1713319944,33.463882,-40.8713,112.0,8,1370.0
538008115,1713320153,33.455917,-40.862598,112.0,8,1370.0
538008115,1713321154,33.418598,-40.820202,109.0,8,1360.0
538008115,1713321406,33.409515,-40.809631,110.0,8,1340.0
538008115,1713321477,33.406967,-40.806534,110.0,8,1350.0
538008115,1713321654,33.400452,-40.798717,110.0,8,1310.0
538008115,1713321776,33.396233,-40.793331,110.0,8,1340.0
538008115,1713322115,33.383732,-40.778732,111.0,8,1360.0
538008115,1713322235,33.3792,-40.773602,110.0,8,1370.0
538008115,1713322353,33.374748,-40.768482,111.0,8,1340.0
538008115,1713322495,33.369633,-40.762501,110.0,8,1350.0
538008115,1713322704,33.361782,-40.753582,111.0,8,1350.0
538008115,1713322752,33.359966,-40.751499,110.0,8,1360.0
538008115,1713322784,33.358833,-40.750183,110.0,8,1350.0
538008115,1713323265,33.341099,-40.729465,111.0,8,1350.0
538008115,1713323504,33.332268,-40.719101,112.0,8,1360.0
538008115,1713323525,33.331501,-40.718266,112.0,8,1360.0
538008115,1713323625,33.327732,-40.713902,112.0,8,1350.0
538008115,1713323702,33.324768,-40.710499,112.0,8,1370.0
538008115,1713323786,33.321766,-40.706882,112.0,8,1340.0
538008115,1713324274,33.303467,-40.686031,111.0,8,1370.0
538008115,1713324475,33.295918,-40.677448,111.0,8,1350.0
538008115,1713326227,33.230366,-40.603783,109.0,8,1360.0
538008115,1713326946,33.203899,-40.574032,107.0,8,1340.0
538008115,1713327015,33.201466,-40.571133,108.0,8,1330.0
538008115,1713327103,33.198101,-40.567383,108.0,8,1360.0
538008115,1713327345,33.189651,-40.557232,107.0,8,1340.0
538008115,1713327465,33.185501,-40.552166,108.0,8,1340.0
538008115,1713327645,33.179066,-40.544468,108.0,8,1330.0
538008115,1713327826,33.172634,-40.536865,108.0,8,1360.0
538008115,1713327837,33.172283,-40.536449,108.0,8,1350.0
538008115,1713327888,33.170502,-40.534332,108.0,8,1360.0
538008115,1713328006,33.166233,-40.529266,108.0,8,1340.0
538008115,1713328237,33.158085,-40.519585,108.0,8,1340.0
538008115,1713329123,33.125851,-40.482483,108.0,8,1380.0
538008115,1713330135,33.087967,-40.4412,111.0,8,1370.0
538008115,1713330255,33.0835,-40.436218,109.0,8,1360.0
538008115,1713330335,33.080601,-40.43285,109.0,8,1360.0
538008115,1713330363,33.079483,-40.431534,109.0,8,1360.0
538008115,1713331096,33.052818,-40.40115,109.0,8,1360.0
538008115,1713331101,33.052502,-40.400768,109.0,8,1360.0
538008115,1713331335,33.044033,-40.391201,109.0,8,1370.0
538008115,1713331411,33.041183,-40.387917,108.0,8,1350.0
538008115,1713331524,33.037182,-40.383266,109.0,8,1360.0
538008115,1713332043,33.018284,-40.361568,109.0,8,1350.0
538008115,1713332223,33.011719,-40.353916,109.0,8,1360.0
538008115,1713332303,33.0089,-40.350616,109.0,8,1360.0
538008115,1713332475,33.002548,-40.343399,109.0,8,1360.0
538008115,1713332596,32.998165,-40.338467,108.0,8,1370.0
538008115,1713332863,32.988316,-40.327267,109.0,8,1340.0
538008115,1713333118,32.979149,-40.316952,109.0,8,1360.0
538008115,1713333483,32.965767,-40.301701,109.0,8,1370.0
538008115,1713333767,32.955349,-40.289951,109.0,8,1370.0
538008115,1713333944,32.948769,-40.282398,110.0,8,1360.0
538008115,1713334194,32.939468,-40.271999,110.0,8,1360.0
538008115,1713334295,32.935684,-40.267769,110.0,8,1370.0
538008115,1713334553,32.926151,-40.256699,110.0,8,1340.0
538008115,1713334653,32.922432,-40.252384,111.0,8,1340.0
538008115,1713334665,32.92205,-40.251968,109.0,8,1350.0
538008115,1713334813,32.916515,-40.245632,111.0,8,1340.0
538008115,1713334953,32.911331,-40.239632,109.0,8,1350.0
538008115,1713335065,32.907249,-40.234917,110.0,8,1350.0
538008115,1713335314,32.898151,-40.224468,109.0,8,1360.0
538008115,1713335425,32.894135,-40.219818,110.0,8,1350.0
538008115,1713335704,32.883999,-40.208015,109.0,8,1350.0
538008115,1713335885,32.877434,-40.200401,108.0,8,1350.0
538008115,1713335974,32.874168,-40.196602,109.0,8,1350.0
538008115,1713336116,32.869118,-40.190651,109.0,8,1350.0
538008115,1713336204,32.865868,-40.186901,109.0,8,1350.0
538008115,1713336454,32.856651,-40.176266,109.0,8,1360.0
538008115,1713336634,32.850231,-40.168633,110.0,8,1350.0
538008115,1713336653,32.849483,-40.167717,110.0,8,1340.0
538008115,1713336696,32.848,-40.166035,110.0,8,1350.0
538008115,1713336896,32.840801,-40.157433,109.0,8,1340.0
538008115,1713337195,32.829918,-40.14465,110.0,8,1360.0
538008115,1713337453,32.820068,-40.13385,110.0,8,1370.0
538008115,1713337663,32.812035,-40.125233,110.0,8,1380.0
538008115,1713338063,32.796665,-40.109001,110.0,8,1370.0
538008115,1713338595,32.777016,-40.087082,107.0,8,1360.0
538008115,1713338900,32.766132,-40.074383,110.0,8,1360.0
538008115,1713339747,32.734932,-40.038517,109.0,8,1350.0
538008115,1713339806,32.732716,-40.035999,110.0,8,1350.0
538008115,1713340535,32.705666,-40.005718,110.0,8,1350.0
538008115,1713341122,32.682251,-39.983665,110.0,8,1390.0
538008115,1713342582,32.623852,-39.926716,112.0,8,1400.0
538008115,1713342773,32.615967,-39.919369,112.0,8,1420.0
538008115,1713342941,32.609081,-39.912834,112.0,8,1400.0
538008115,1713342996,32.607033,-39.910851,112.0,8,1400.0
538008115,1713343045,32.605019,-39.908867,111.0,8,1390.0
538008115,1713343212,32.598251,-39.902218,111.0,8,1400.0
538008115,1713343264,32.596249,-39.900249,112.0,8,1400.0
538008115,1713343296,32.594967,-39.899082,111.0,8,1420.0
538008115,1713343422,32.589699,-39.894135,111.0,8,1420.0
538008115,1713343798,32.57465,-39.8797,112.0,8,1400.0
538008115,1713343814,32.573784,-39.878899,113.0,8,1410.0
538008115,1713344128,32.560734,-39.867268,112.0,8,1420.0
538008115,1713344346,32.551617,-39.858868,113.0,8,1410.0
538008115,1713344615,32.540451,-39.848167,114.0,8,1390.0
538008115,1713344955,32.526402,-39.834469,115.0,8,1410.0
538008115,1713345302,32.511665,-39.82095,115.0,8,1420.0
538008115,1713345533,32.501865,-39.812119,114.0,8,1430.0
538008115,1713345555,32.501034,-39.811367,113.0,8,1430.0
538008115,1713345653,32.496849,-39.807549,113.0,8,1400.0
538008115,1713345868,32.488419,-39.799149,113.0,8,1390.0
538008115,1713346175,32.476017,-39.786766,111.0,8,1410.0
538008115,1713346282,32.471481,-39.782516,111.0,8,1410.0
538008115,1713346318,32.470219,-39.781418,111.0,8,1430.0
538008115,1713346734,32.452618,-39.765949,111.0,8,1400.0
538008115,1713346864,32.447266,-39.761116,111.0,8,1420.0
538008115,1713346943,32.443916,-39.758099,111.0,8,1420.0
538008115,1713347133,32.4361,-39.750999,111.0,8,1410.0
538008115,1713347165,32.434834,-39.749733,111.0,8,1400.0
538008115,1713348314,32.388084,-39.7066,110.0,8,1430.0
538008115,1713348337,32.387218,-39.705868,109.0,8,1420.0
538008115,1713348455,32.382301,-39.701515,109.0,8,1430.0
538008115,1713348516,32.379833,-39.699383,109.0,8,1430.0
538008115,1713348865,32.365482,-39.687016,108.0,8,1430.0
538008115,1713348906,32.363949,-39.685665,108.0,8,1420.0
538008115,1713349177,32.353451,-39.67535,107.0,8,1390.0
538008115,1713349535,32.339649,-39.661667,109.0,8,1380.0
538008115,1713349667,32.334499,-39.656715,109.0,8,1400.0
538008115,1713349886,32.325932,-39.648182,109.0,8,1390.0
538008115,1713350165,32.314999,-39.637402,110.0,8,1390.0
538008115,1713350225,32.312683,-39.635101,110.0,8,1390.0
538008115,1713350345,32.307968,-39.630432,110.0,8,1400.0
538008115,1713350615,32.297432,-39.619717,109.0,8,1380.0
538008115,1713350901,32.286133,-39.608501,109.0,8,1430.0
538008115,1713351166,32.275398,-39.598969,111.0,8,1410.0
538008115,1713351264,32.271366,-39.59515,111.0,8,1400.0
538008115,1713351502,32.261768,-39.585869,111.0,8,1410.0
538008115,1713351567,32.2593,-39.583515,113.0,8,1400.0
538008115,1713351683,32.254417,-39.578934,112.0,8,1410.0
538008115,1713351786,32.250381,-39.575016,112.0,8,1400.0
538008115,1713351863,32.247051,-39.571934,112.0,8,1410.0
538008115,1713352223,32.2323,-39.558701,111.0,8,1420.0
538008115,1713352414,32.224419,-39.551785,111.0,8,1430.0
538008115,1713352945,32.202267,-39.532368,111.0,8,1430.0
538008115,1713354715,32.131783,-39.463768,110.0,8,1410.0
538008115,1713355163,32.11375,-39.446583,110.0,8,1410.0
538008115,1713355835,32.086617,-39.421452,111.0,8,1410.0
538008115,1713355947,32.082199,-39.417252,111.0,8,1410.0
538008115,1713356135,32.074501,-39.410034,110.0,8,1410.0
538008115,1713356183,32.072533,-39.408169,110.0,8,1410.0
538008115,1713356248,32.070168,-39.405849,110.0,8,1400.0
538008115,1713356374,32.064899,-39.400917,110.0,8,1400.0
538008115,1713356545,32.058151,-39.394482,109.0,8,1400.0
538008115,1713356887,32.044582,-39.381733,110.0,8,1410.0
538008115,1713357085,32.036633,-39.374184,109.0,8,1410.0
538008115,1713357326,32.026932,-39.365215,110.0,8,1410.0
538008115,1713357432,32.022499,-39.361099,110.0,8,1410.0
538008115,1713357462,32.021332,-39.36005,110.0,8,1410.0
538008115,1713357512,32.019318,-39.3582,109.0,8,1420.0
538008115,1713357522,32.018967,-39.357868,109.0,8,1410.0
538008115,1713357532,32.018532,-39.357433,109.0,8,1410.0
538008115,1713357541,32.018215,-39.357117,109.0,8,1410.0
538008115,1713357552,32.017651,-39.356682,109.0,8,1420.0
538008115,1713357561,32.017334,-39.356384,109.0,8,1420.0
538008115,1713357572,32.016918,-39.355968,109.0,8,1410.0
538008115,1713357582,32.016518,-39.355598,109.0,8,1410.0
538008115,1713357592,32.016068,-39.355202,109.0,8,1410.0
538008115,1713357601,32.015751,-39.354881,109.0,8,1420.0
538008115,1713357621,32.01495,-39.354168,109.0,8,1420.0
538008115,1713357642,32.014118,-39.353367,109.0,8,1410.0
538008115,1713357661,32.013382,-39.35265,109.0,8,1410.0
538008115,1713357671,32.012981,-39.352283,109.0,8,1410.0
538008115,1713357681,32.012634,-39.351933,109.0,8,1400.0
538008115,1713357711,32.011452,-39.350716,109.0,8,1400.0
538008115,1713357740,32.0103,-39.349567,109.0,8,1380.0
538008115,1713357762,32.009499,-39.348732,109.0,8,1390.0
538008115,1713357812,32.007549,-39.346817,109.0,8,1400.0
538008115,1713357860,32.005615,-39.344967,109.0,8,1400.0
538008115,1713357882,32.004784,-39.344185,109.0,8,1400.0
538008115,1713357891,32.004417,-39.343849,109.0,8,1410.0
538008115,1713357932,32.002766,-39.34235,109.0,8,1410.0
538008115,1713357940,32.002449,-39.342068,109.0,8,1410.0
538008115,1713357971,32.001232,-39.340984,110.0,8,1430.0
538008115,1713358421,31.982983,-39.324482,110.0,8,1420.0
538008115,1713358694,31.971933,-39.314583,110.0,8,1420.0
538008115,1713358887,31.964001,-39.307667,111.0,8,1440.0
538008115,1713358948,31.961533,-39.3055,110.0,8,1430.0
538008115,1713359005,31.959017,-39.303333,111.0,8,1430.0
538008115,1713359134,31.953699,-39.2985,111.0,8,1420.0
538008115,1713359266,31.9484,-39.293617,111.0,8,1400.0
538008115,1713359325,31.945932,-39.291382,111.0,8,1420.0
538008115,1713359464,31.94025,-39.286182,111.0,8,1410.0
538008115,1713359635,31.933283,-39.279766,111.0,8,1420.0
538008115,1713360154,31.9121,-39.260201,111.0,8,1400.0
538008115,1713360943,31.87995,-39.230919,110.0,8,1420.0
538008115,1713361193,31.870016,-39.221317,110.0,8,1390.0
538008115,1713361546,31.856449,-39.207783,110.0,8,1400.0
538008115,1713362205,31.831017,-39.182316,108.0,8,1400.0
538008115,1713362724,31.810484,-39.163235,108.0,8,1420.0
538008115,1713362857,31.80525,-39.158466,108.0,8,1410.0
538008115,1713363166,31.792967,-39.147385,108.0,8,1420.0
538008115,1713363192,31.791718,-39.146252,108.0,8,1410.0
538008115,1713363261,31.788982,-39.143749,108.0,8,1420.0
538008115,1713363272,31.788567,-39.143333,108.0,8,1410.0
538008115,1713363321,31.786617,-39.141582,107.0,8,1420.0
538008115,1713363332,31.786133,-39.141167,108.0,8,1430.0
538008115,1713363374,31.784599,-39.139767,108.0,8,1420.0
538008115,1713363392,31.783817,-39.13905,107.0,8,1420.0
538008115,1713363456,31.781401,-39.136848,108.0,8,1410.0
538008115,1713363525,31.778717,-39.134266,108.0,8,1400.0
538008115,1713363596,31.775949,-39.131767,108.0,8,1420.0
538008115,1713365355,31.705099,-39.069599,107.0,8,1430.0
538008115,1713365533,31.69775,-39.063332,107.0,8,1430.0
538008115,1713365713,31.690416,-39.057049,107.0,8,1430.0
538008115,1713365923,31.682266,-39.049232,106.0,8,1400.0
538008115,1713366056,31.677168,-39.044285,106.0,8,1390.0
538008115,1713366336,31.666283,-39.033768,107.0,8,1410.0
538008115,1713366984,31.640949,-39.009232,108.0,8,1400.0
538008115,1713367166,31.633949,-39.002335,109.0,8,1390.0
538008115,1713367804,31.608517,-38.978001,110.0,8,1410.0
538008115,1713367986,31.601299,-38.971169,110.0,8,1400.0
538008115,1713368115,31.5961,-38.966282,110.0,8,1420.0
538008115,1713368196,31.592783,-38.9632,110.0,8,1410.0
538008115,1713368943,31.562416,-38.934616,110.0,8,1390.0
538008115,1713369063,31.557716,-38.929852,111.0,8,1380.0
538008115,1713370398,31.504183,-38.877682,112.0,8,1420.0
538008115,1713371436,31.461184,-38.838135,112.0,8,1410.0
538008115,1713372205,31.429983,-38.808483,111.0,8,1410.0
538008115,1713372455,31.419701,-38.79895,112.0,8,1400.0
538008115,1713372517,31.417233,-38.796684,111.0,8,1410.0
538008115,1713372655,31.411417,-38.791401,111.0,8,1410.0
538008115,1713372907,31.401217,-38.781982,111.0,8,1400.0
538008115,1713372955,31.399267,-38.780167,111.0,8,1420.0
538008115,1713373555,31.374599,-38.757584,111.0,8,1420.0
538008115,1713373853,31.362301,-38.746483,112.0,8,1420.0
538008115,1713374033,31.354868,-38.739784,111.0,8,1420.0
538008115,1713374053,31.353968,-38.738983,111.0,8,1430.0
538008115,1713374164,31.3494,-38.734951,111.0,8,1430.0
538008115,1713374187,31.348534,-38.734165,111.0,8,1420.0
538008115,1713374656,31.329666,-38.716099,112.0,8,1370.0
538008115,1713374886,31.320633,-38.706882,112.0,8,1410.0
538008115,1713375024,31.314783,-38.701633,112.0,8,1420.0
538008115,1713375202,31.307301,-38.695049,112.0,8,1420.0
538008115,1713375575,31.291533,-38.6814,114.0,8,1430.0
538008115,1713375713,31.285667,-38.676151,113.0,8,1420.0
538008115,1713375813,31.281601,-38.672367,113.0,8,1420.0
538008115,1713376095,31.269934,-38.661667,113.0,8,1410.0
538008115,1713376425,31.256399,-38.649166,113.0,8,1410.0
538008115,1713376685,31.2456,-38.639233,113.0,8,1410.0
538008115,1713376925,31.235666,-38.630135,113.0,8,1420.0
538008115,1713377394,31.216232,-38.612484,112.0,8,1420.0
538008115,1713377515,31.211132,-38.608051,112.0,8,1430.0
538008115,1713377606,31.207417,-38.604801,112.0,8,1430.0
538008115,1713377985,31.191982,-38.590401,111.0,8,1400.0
538008115,1713378114,31.18675,-38.585281,111.0,8,1390.0
538008115,1713378385,31.176067,-38.574867,111.0,8,1400.0
538008115,1713378485,31.172132,-38.570999,111.0,8,1400.0
538008115,1713378575,31.168501,-38.567417,111.0,8,1390.0
538008115,1713378603,31.1674,-38.566334,111.0,8,1400.0
538008115,1713378695,31.163816,-38.562767,111.0,8,1390.0
538008115,1713378775,31.160667,-38.559631,111.0,8,1390.0
538008115,1713378998,31.15185,-38.551334,111.0,8,1400.0
538008115,1713379043,31.149834,-38.54945,111.0,8,1400.0
538008115,1713379216,31.142918,-38.543098,111.0,8,1410.0
538008115,1713379337,31.138018,-38.538567,111.0,8,1410.0
538008115,1713379572,31.128317,-38.529533,111.0,8,1410.0
538008115,1713379792,31.119583,-38.521217,111.0,8,1400.0
538008115,1713380348,31.097467,-38.500267,112.0,8,1410.0
538008115,1713380594,31.087267,-38.490833,112.0,8,1420.0
538008115,1713380944,31.072783,-38.477966,112.0,8,1420.0
538008115,1713381955,31.030317,-38.440483,115.0,8,1430.0
538008115,1713382885,30.992033,-38.40485,114.0,8,1400.0
538008115,1713383394,30.971451,-38.384949,113.0,8,1410.0
538008115,1713383612,30.962334,-38.376534,113.0,8,1410.0
538008115,1713383775,30.955717,-38.370567,113.0,8,1420.0
538008115,1713384174,30.939167,-38.355385,113.0,8,1400.0
538008115,1713384344,30.932249,-38.348801,112.0,8,1400.0
538008115,1713384475,30.927017,-38.343948,112.0,8,1410.0
538008115,1713384738,30.916384,-38.334099,112.0,8,1410.0
538008115,1713384974,30.906616,-38.3251,112.0,8,1400.0
538008115,1713385037,30.904217,-38.322868,112.0,8,1410.0
538008115,1713385424,30.888317,-38.308216,112.0,8,1410.0
538008115,1713385566,30.882532,-38.303032,111.0,8,1420.0
538008115,1713386135,30.859266,-38.281666,111.0,8,1410.0
538008115,1713386144,30.858868,-38.281284,112.0,8,1410.0
538008115,1713387556,30.801434,-38.228298,112.0,8,1390.0
538008115,1713389706,30.714417,-38.147133,111.0,8,1430.0
538008115,1713390074,30.699118,-38.133583,111.0,8,1420.0
538008115,1713390194,30.694283,-38.129101,111.0,8,1400.0
538008115,1713390613,30.677418,-38.113434,110.0,8,1410.0
538008115,1713391065,30.659149,-38.096931,110.0,8,1420.0
538008115,1713391375,30.646732,-38.085732,109.0,8,1410.0
538008115,1713391737,30.63205,-38.072582,110.0,8,1430.0
538008115,1713391905,30.625116,-38.066566,109.0,8,1420.0
538008115,1713391926,30.62435,-38.065884,109.0,8,1420.0
538008115,1713392006,30.621067,-38.063,109.0,8,1430.0
538008115,1713392275,30.610233,-38.053082,109.0,8,1400.0
538008115,1713392356,30.60705,-38.050034,109.0,8,1390.0
538008115,1713392477,30.602301,-38.045551,109.0,8,1400.0
538008115,1713392744,30.591682,-38.035332,109.0,8,1390.0
538008115,1713392836,30.588133,-38.031918,110.0,8,1390.0
538008115,1713393086,30.578318,-38.022434,110.0,8,1400.0
538008115,1713393224,30.572849,-38.017082,110.0,8,1400.0
538008115,1713393344,30.568132,-38.012615,110.0,8,1390.0
538008115,1713393434,30.564516,-38.009201,109.0,8,1400.0
538008115,1713393557,30.55975,-38.004616,109.0,8,1390.0
538008115,1713393895,30.546267,-37.991982,110.0,8,1410.0
538008115,1713393985,30.542667,-37.988583,110.0,8,1400.0
538008115,1713394055,30.539867,-37.98595,110.0,8,1410.0
538008115,1713394214,30.533518,-37.979984,111.0,8,1410.0
538008115,1713394235,30.532667,-37.979218,111.0,8,1410.0
538008115,1713394316,30.529333,-37.976269,111.0,8,1420.0
538008115,1713394416,30.525267,-37.972733,111.0,8,1430.0
538008115,1713394484,30.522367,-37.970234,111.0,8,1430.0
538008115,1713394584,30.51825,-37.966633,111.0,8,1420.0
538008115,1713394744,30.511633,-37.960884,111.0,8,1430.0
538008115,1713395047,30.49935,-37.949932,110.0,8,1410.0
538008115,1713395196,30.493183,-37.944431,110.0,8,1420.0
538008115,1713395605,30.476467,-37.929619,110.0,8,1420.0
538008115,1713396133,30.455517,-37.9095,109.0,8,1390.0
538008115,1713396185,30.453533,-37.907532,109.0,8,1380.0
538008115,1713396315,30.448517,-37.902534,109.0,8,1380.0
538008115,1713396784,30.429983,-37.884666,110.0,8,1390.0
538008115,1713397443,30.40365,-37.859901,110.0,8,1410.0
538008115,1713397643,30.395483,-37.852516,110.0,8,1420.0
538008115,1713397832,30.387833,-37.845451,110.0,8,1400.0
538008115,1713397975,30.382183,-37.840183,110.0,8,1410.0
538008115,1713397996,30.381399,-37.839466,110.0,8,1410.0
538008115,1713398177,30.374083,-37.832767,110.0,8,1410.0
538008115,1713398352,30.366949,-37.825981,110.0,8,1400.0
538008115,1713398455,30.362917,-37.822151,110.0,8,1400.0
538008115,1713398624,30.35615,-37.815681,110.0,8,1400.0
538008115,1713398707,30.352934,-37.812618,110.0,8,1390.0
538008115,1713399174,30.335382,-37.795685,111.0,8,1410.0
538008115,1713399304,30.3288,-37.789902,111.0,8,1430.0
538008115,1713399453,30.322683,-37.784451,111.0,8,1420.0
538008115,1713399516,30.32025,-37.782269,111.0,8,1420.0
538008115,1713399663,30.314167,-37.776783,111.0,8,1410.0
538008115,1713400243,30.290518,-37.755249,111.0,8,1420.0
538008115,1713400413,30.283501,-37.748966,111.0,8,1410.0
538008115,1713400500,30.279867,-37.745701,111.0,8,1410.0
538008115,1713400501,30.279867,-37.745701,111.0,8,1410.0
538008115,1713400512,30.279367,-37.745251,111.0,8,1410.0
538008115,1713400521,30.279051,-37.744949,111.0,8,1410.0
538008115,1713400531,30.278601,-37.744534,111.0,8,1410.0
538008115,1713400542,30.2782,-37.744167,111.0,8,1420.0
538008115,1713400551,30.277834,-37.743851,111.0,8,1420.0
538008115,1713400560,30.277433,-37.743484,111.0,8,1420.0
538008115,1713400561,30.277433,-37.743484,111.0,8,1420.0
538008115,1713400572,30.277,-37.743084,111.0,8,1410.0
538008115,1713400581,30.276632,-37.742733,111.0,8,1410.0
538008115,1713400591,30.276234,-37.742367,111.0,8,1410.0
538008115,1713400600,30.276234,-37.742367,111.0,8,1410.0
538008115,1713400611,30.275417,-37.741615,111.0,8,1410.0
538008115,1713400620,30.275049,-37.741283,111.0,8,1410.0
538008115,1713400651,30.273733,-37.740116,111.0,8,1410.0
538008115,1713400662,30.273333,-37.73975,111.0,8,1410.0
538008115,1713400671,30.272917,-37.739384,111.0,8,1410.0
538008115,1713400680,30.272551,-37.739052,111.0,8,1410.0
538008115,1713400692,30.272083,-37.738651,111.0,8,1420.0
538008115,1713400701,30.271717,-37.738316,111.0,8,1420.0
538008115,1713400722,30.270849,-37.737534,111.0,8,1410.0
538008115,1713400731,30.270483,-37.737202,111.0,8,1410.0
538008115,1713400740,30.270117,-37.736866,111.0,8,1410.0
538008115,1713400741,30.270117,-37.736866,111.0,8,1410.0
538008115,1713400752,30.269632,-37.736416,111.0,8,1420.0
538008115,1713400761,30.269266,-37.736084,112.0,8,1420.0
538008115,1713400765,30.269266,-37.736084,112.0,8,1420.0
538008115,1713400780,30.26845,-37.735382,111.0,8,1420.0
538008115,1713400781,30.26845,-37.735382,111.0,8,1420.0
538008115,1713400791,30.268,-37.734982,111.0,8,1420.0
538008115,1713400801,30.267599,-37.734634,112.0,8,1420.0
538008115,1713400812,30.267134,-37.734234,111.0,8,1420.0
538008115,1713400821,30.266768,-37.733898,111.0,8,1420.0
538008115,1713400840,30.266001,-37.7332,112.0,8,1420.0
538008115,1713400841,30.266001,-37.7332,112.0,8,1420.0
538008115,1713400861,30.265182,-37.732468,111.0,8,1420.0
538008115,1713400870,30.264767,-37.732101,111.0,8,1410.0
538008115,1713400871,30.264767,-37.732101,111.0,8,1410.0
538008115,1713400872,30.264767,-37.732101,111.0,8,1410.0
538008115,1713400881,30.264366,-37.731731,112.0,8,1410.0
538008115,1713400911,30.263132,-37.730598,111.0,8,1410.0
538008115,1713400921,30.262716,-37.730232,111.0,8,1410.0
538008115,1713400941,30.2619,-37.7295,111.0,8,1420.0
538008115,1713400951,30.261482,-37.729134,111.0,8,1420.0
538008115,1713400960,30.261084,-37.728767,111.0,8,1410.0
538008115,1713400971,30.260683,-37.728401,111.0,8,1410.0
538008115,1713401008,30.259399,-37.727268,111.0,8,1410.0
538008115,1713401091,30.255783,-37.723915,111.0,8,1400.0
538008115,1713401235,30.250217,-37.718716,111.0,8,1400.0
538008115,1713401295,30.247766,-37.7164,110.0,8,1400.0
538008115,1713401386,30.244217,-37.71315,110.0,8,1410.0
538008115,1713401643,30.233749,-37.703484,110.0,8,1400.0
538008115,1713401716,30.230949,-37.700901,110.0,8,1400.0
538008115,1713401833,30.226084,-37.696468,110.0,8,1410.0
538008115,1713402073,30.2164,-37.687569,110.0,8,1410.0
538008115,1713403554,30.157167,-37.633617,109.0,8,1410.0
538008115,1713404465,30.12035,-37.601116,109.0,8,1410.0
538008115,1713404701,30.110783,-37.592484,110.0,8,1410.0
538008115,1713405406,30.0826,-37.566566,111.0,8,1400.0
538008115,1713406004,30.058451,-37.54425,111.0,8,1420.0
538008115,1713406643,30.0324,-37.520901,111.0,8,1410.0
538008115,1713406818,30.0254,-37.514751,111.0,8,1420.0
538008115,1713407192,30.0096,-37.501167,110.0,8,1430.0
538008115,1713407264,30.00675,-37.498501,110.0,8,1400.0
538008115,1713407733,29.988216,-37.480549,111.0,8,1380.0
538008115,1713408063,29.975,-37.468067,111.0,8,1400.0
538008115,1713408143,29.971817,-37.465099,111.0,8,1410.0
538008115,1713408263,29.966999,-37.460548,111.0,8,1390.0
538008115,1713408383,29.962067,-37.456032,111.0,8,1410.0
538008115,1713408463,29.95895,-37.453201,111.0,8,1410.0
538008115,1713408733,29.947901,-37.4431,111.0,8,1400.0
538008115,1713408883,29.941799,-37.43755,111.0,8,1410.0
538008115,1713408992,29.937267,-37.433434,111.0,8,1410.0
538008115,1713409123,29.931999,-37.4286,111.0,8,1400.0
538008115,1713409711,29.907867,-37.406734,111.0,8,1420.0
538008115,1713409823,29.903351,-37.402649,111.0,8,1410.0
538008115,1713409896,29.900499,-37.400051,112.0,8,1410.0
538008115,1713410121,29.89105,-37.391418,113.0,8,1410.0
538008115,1713410365,29.8811,-37.382401,113.0,8,1400.0
538008115,1713410604,29.871233,-37.373451,113.0,8,1400.0
538008115,1713410755,29.865032,-37.367619,113.0,8,1400.0
538008115,1713410925,29.858084,-37.361099,113.0,8,1410.0
538008115,1713411483,29.835199,-37.339718,113.0,8,1400.0
538008115,1713412024,29.813116,-37.318882,113.0,8,1420.0
538008115,1713412045,29.812366,-37.318218,113.0,8,1420.0
538008115,1713412565,29.790968,-37.298466,112.0,8,1410.0
538008115,1713413333,29.7596,-37.270134,111.0,8,1420.0
538008115,1713413453,29.754683,-37.265751,111.0,8,1420.0
538008115,1713413553,29.7505,-37.262051,111.0,8,1410.0
538008115,1713414535,29.710649,-37.226032,112.0,8,1410.0
538008115,1713414616,29.707333,-37.223019,112.0,8,1410.0
538008115,1713414726,29.702868,-37.218948,112.0,8,1410.0
538008115,1713415497,29.671368,-37.190483,112.0,8,1420.0
538008115,1713415568,29.66855,-37.187901,112.0,8,1410.0
538008115,1713415707,29.662832,-37.182682,112.0,8,1410.0
538008115,1713415764,29.660383,-37.180431,112.0,8,1400.0
538008115,1713415905,29.654682,-37.175182,113.0,8,1400.0
538008115,1713416727,29.620983,-37.144634,113.0,8,1420.0
538008115,1713416963,29.611,-37.135735,113.0,8,1420.0
538008115,1713417004,29.609383,-37.1343,113.0,8,1420.0
538008115,1713417074,29.606518,-37.131748,113.0,8,1420.0
538008115,1713417184,29.60195,-37.127716,113.0,8,1420.0
538008115,1713417285,29.5977,-37.123966,113.0,8,1430.0
538008115,1713417344,29.595234,-37.121819,113.0,8,1430.0
538008115,1713417713,29.580032,-37.108215,113.0,8,1410.0
538008115,1713417878,29.573383,-37.102249,113.0,8,1420.0
538008115,1713417993,29.568382,-37.0979,113.0,8,1430.0
538008115,1713418043,29.56625,-37.096031,113.0,8,1420.0
538008115,1713418083,29.5646,-37.094631,113.0,8,1430.0
538008115,1713418144,29.562099,-37.092484,113.0,8,1430.0
538008115,1713418595,29.5434,-37.076099,112.0,8,1420.0
538008115,1713418747,29.537132,-37.070702,112.0,8,1430.0
538008115,1713418903,29.5305,-37.064919,112.0,8,1420.0
538008115,1713419235,29.516768,-37.052917,111.0,8,1420.0
538008115,1713419483,29.506367,-37.043816,112.0,8,1420.0
538008115,1713419966,29.487133,-37.025551,111.0,8,1380.0
538008115,1713420053,29.483549,-37.021999,112.0,8,1390.0
538008115,1713420173,29.478767,-37.0173,112.0,8,1390.0
538008115,1713420616,29.461132,-37.0,112.0,8,1390.0
538008115,1713420766,29.455017,-36.994068,112.0,8,1390.0
538008115,1713420965,29.447132,-36.986351,111.0,8,1390.0
538008115,1713421044,29.443867,-36.983131,112.0,8,1390.0
538008115,1713421205,29.437483,-36.976952,112.0,8,1390.0
538008115,1713421643,29.419817,-36.960018,111.0,8,1410.0
538008115,1713421805,29.413151,-36.954048,112.0,8,1410.0
538008115,1713422084,29.401783,-36.943684,113.0,8,1420.0
538008115,1713422173,29.397984,-36.940369,111.0,8,1420.0
538008115,1713422293,29.392982,-36.936016,111.0,8,1420.0
538008115,1713422496,29.384632,-36.928684,111.0,8,1420.0
538008115,1713422586,29.380899,-36.925449,111.0,8,1430.0
538008115,1713422756,29.373833,-36.919369,111.0,8,1420.0
538008115,1713423314,29.3505,-36.899082,111.0,8,1430.0
538008115,1713423405,29.346701,-36.895817,111.0,8,1420.0
538008115,1713423637,29.337116,-36.887432,112.0,8,1410.0
538008115,1713423736,29.332968,-36.883816,111.0,8,1420.0
538008115,1713424393,29.305918,-36.859116,112.0,8,1400.0
538008115,1713425096,29.277599,-36.832199,112.0,8,1400.0
538008115,1713425287,29.269917,-36.824883,112.0,8,1400.0
538008115,1713427054,29.198334,-36.759182,111.0,8,1420.0
538008115,1713427333,29.186817,-36.749332,110.0,8,1440.0
538008115,1713427453,29.181816,-36.745167,109.0,8,1440.0
538008115,1713427513,29.179333,-36.743084,109.0,8,1430.0
538008115,1713427653,29.173567,-36.738167,109.0,8,1430.0
538008115,1713427743,29.169832,-36.735065,110.0,8,1440.0
538008115,1713427863,29.164833,-36.730919,110.0,8,1440.0
538008115,1713427985,29.159866,-36.726833,110.0,8,1430.0
538008115,1713428082,29.155767,-36.723232,109.0,8,1410.0
538008115,1713428215,29.150551,-36.718433,109.0,8,1410.0
538008115,1713428405,29.143017,-36.711483,109.0,8,1400.0
538008115,1713428516,29.138651,-36.707432,109.0,8,1400.0
538008115,1713428635,29.133966,-36.70295,109.0,8,1400.0
538008115,1713429015,29.119167,-36.688782,108.0,8,1390.0
538008115,1713429243,29.110201,-36.680035,109.0,8,1390.0
538008115,1713429656,29.094334,-36.664684,110.0,8,1390.0
538008115,1713429714,29.091949,-36.662369,110.0,8,1390.0
538008115,1713430246,29.071234,-36.642117,110.0,8,1380.0
538008115,1713430303,29.068899,-36.639801,110.0,8,1380.0
538008115,1713430393,29.065434,-36.636433,110.0,8,1390.0
538008115,1713430665,29.054632,-36.62635,110.0,8,1430.0
538008115,1713430695,29.05345,-36.625366,110.0,8,1440.0
538008115,1713430845,29.047251,-36.620152,110.0,8,1420.0
538008115,1713430933,29.043617,-36.616932,109.0,8,1410.0
538008115,1713431043,29.03915,-36.613018,110.0,8,1420.0
538008115,1713431245,29.031033,-36.6059,110.0,8,1420.0
538008115,1713431405,29.024532,-36.6003,110.0,8,1430.0
538008115,1713431554,29.0184,-36.595016,110.0,8,1430.0
538008115,1713431602,29.016367,-36.59325,110.0,8,1420.0
538008115,1713431677,29.013517,-36.590683,110.0,8,1420.0
538008115,1713432723,28.970734,-36.553452,110.0,8,1430.0
538008115,1713433003,28.959232,-36.543682,110.0,8,1420.0
538008115,1713433182,28.952032,-36.537102,110.0,8,1400.0
538008115,1713433423,28.942484,-36.528301,110.0,8,1410.0
538008115,1713433846,28.925516,-36.513084,110.0,8,1410.0
538008115,1713433922,28.922333,-36.510216,110.0,8,1410.0
538008115,1713434076,28.916267,-36.5047,110.0,8,1410.0
538008115,1713434333,28.905933,-36.495468,110.0,8,1400.0
538008115,1713434624,28.89435,-36.484818,110.0,8,1400.0
538008115,1713434765,28.888783,-36.479649,110.0,8,1400.0
538008115,1713434933,28.882099,-36.4734,109.0,8,1400.0
538008115,1713435077,28.876499,-36.468151,110.0,8,1400.0
538008115,1713435231,28.870234,-36.462334,110.0,8,1400.0
538008115,1713435494,28.8598,-36.452751,110.0,8,1400.0
538008115,1713435616,28.855049,-36.448284,110.0,8,1400.0
538008115,1713435753,28.8494,-36.443066,111.0,8,1410.0
538008115,1713435997,28.839767,-36.434284,111.0,8,1400.0
538008115,1713436106,28.835432,-36.430168,110.0,8,1390.0
538008115,1713436175,28.832666,-36.427551,110.0,8,1390.0
538008115,1713436337,28.826218,-36.421581,111.0,8,1410.0
538008115,1713436575,28.81665,-36.412701,110.0,8,1410.0
538008115,1713437003,28.799767,-36.396534,111.0,8,1400.0
538008115,1713437103,28.795732,-36.392967,111.0,8,1420.0
538008115,1713437293,28.787916,-36.386185,111.0,8,1420.0
538008115,1713437416,28.783033,-36.381901,111.0,8,1420.0
538008115,1713438214,28.750933,-36.352951,110.0,8,1400.0
538008115,1713438594,28.735783,-36.339085,110.0,8,1400.0
538008115,1713439246,28.710051,-36.315266,109.0,8,1410.0
538008115,1713439685,28.692583,-36.299267,109.0,8,1400.0
538008115,1713439993,28.680134,-36.288418,109.0,8,1420.0
538008115,1713440105,28.675568,-36.284515,109.0,8,1420.0
538008115,1713440377,28.664667,-36.275131,110.0,8,1420.0
538008115,1713440831,28.645767,-36.259018,110.0,8,1420.0
538008115,1713441416,28.622032,-36.238449,110.0,8,1420.0
538008115,1713441457,28.62035,-36.236965,110.0,8,1420.0
538008115,1713441603,28.61425,-36.231567,110.0,8,1400.0
538008115,1713441614,28.613899,-36.231232,110.0,8,1400.0
538008115,1713441767,28.607901,-36.225651,111.0,8,1400.0
538008115,1713441806,28.606234,-36.224098,110.0,8,1410.0
538008115,1713441895,28.602768,-36.220932,110.0,8,1400.0
538008115,1713441935,28.601084,-36.219383,110.0,8,1400.0
538008115,1713441950,28.600317,-36.218681,110.0,8,1400.0
538008115,1713441951,28.600317,-36.218681,110.0,8,1400.0
538008115,1713441991,28.598717,-36.217201,110.0,8,1410.0
538008115,1713442010,28.59795,-36.216499,110.0,8,1410.0
538008115,1713442011,28.59795,-36.216499,110.0,8,1410.0
538008115,1713442020,28.5975,-36.216099,110.0,8,1400.0
538008115,1713442021,28.5975,-36.216099,110.0,8,1400.0
538008115,1713442023,28.5975,-36.216099,110.0,8,1400.0
538008115,1713442042,28.596649,-36.215317,111.0,8,1400.0
538008115,1713442051,28.596251,-36.214931,111.0,8,1400.0
538008115,1713442071,28.595484,-36.214233,111.0,8,1410.0
538008115,1713442090,28.5947,-36.213501,110.0,8,1400.0
538008115,1713442102,28.594267,-36.213081,110.0,8,1400.0
538008115,1713442111,28.593849,-36.212715,111.0,8,1410.0
538008115,1713442121,28.593451,-36.212368,111.0,8,1410.0
538008115,1713442130,28.593082,-36.212017,111.0,8,1400.0
538008115,1713442161,28.591917,-36.210918,111.0,8,1400.0
538008115,1713442167,28.591917,-36.210918,111.0,8,1400.0
538008115,1713442171,28.591516,-36.210548,111.0,8,1400.0
538008115,1713442182,28.591066,-36.210133,111.0,8,1400.0
538008115,1713442190,28.59075,-36.20985,111.0,8,1400.0
538008115,1713442201,28.590267,-36.2094,112.0,8,1400.0
538008115,1713442210,28.589899,-36.209068,112.0,8,1410.0
538008115,1713442211,28.589899,-36.209068,112.0,8,1410.0
538008115,1713442221,28.589466,-36.208649,111.0,8,1400.0
538008115,1713442231,28.58905,-36.208267,111.0,8,1400.0
538008115,1713442242,28.588617,-36.207867,111.0,8,1410.0
538008115,1713442251,28.588284,-36.207584,111.0,8,1400.0
538008115,1713442261,28.587851,-36.207199,111.0,8,1410.0
538008115,1713442271,28.587482,-36.206867,111.0,8,1410.0
538008115,1713442302,28.586218,-36.205734,111.0,8,1410.0
538008115,1713442321,28.585432,-36.205017,111.0,8,1410.0
538008115,1713442351,28.584217,-36.203899,111.0,8,1410.0
538008115,1713442361,28.583717,-36.203484,111.0,8,1410.0
538008115,1713442370,28.583384,-36.203182,111.0,8,1410.0
538008115,1713442371,28.583384,-36.203182,111.0,8,1410.0
538008115,1713442381,28.582951,-36.202751,111.0,8,1400.0
538008115,1713442401,28.582132,-36.202049,111.0,8,1420.0
538008115,1713442411,28.581717,-36.201683,111.0,8,1420.0
538008115,1713442430,28.58095,-36.200966,111.0,8,1410.0
538008115,1713442431,28.58095,-36.200966,111.0,8,1410.0
538008115,1713442441,28.580532,-36.2006,111.0,8,1410.0
538008115,1713442450,28.580116,-36.200233,111.0,8,1410.0
538008115,1713442451,28.580116,-36.200233,111.0,8,1410.0
538008115,1713442894,28.562433,-36.183784,112.0,8,1400.0
538008115,1713443024,28.557133,-36.178917,111.0,8,1400.0
538008115,1713443034,28.556784,-36.178581,111.0,8,1400.0
538008115,1713443287,28.5466,-36.169285,112.0,8,1400.0
538008115,1713443423,28.540934,-36.164066,112.0,8,1410.0
538008115,1713443484,28.538532,-36.1619,112.0,8,1410.0
538008115,1713443575,28.534866,-36.158615,112.0,8,1410.0
538008115,1713444122,28.512432,-36.138332,111.0,8,1400.0
538008115,1713444215,28.508818,-36.135017,111.0,8,1410.0
538008115,1713444583,28.49395,-36.121433,111.0,8,1400.0
538008115,1713444735,28.4879,-36.115982,111.0,8,1400.0
538008115,1713444975,28.478167,-36.107132,111.0,8,1400.0
538008115,1713445073,28.47415,-36.10355,111.0,8,1410.0
538008115,1713445134,28.471701,-36.101418,110.0,8,1420.0
538008115,1713445314,28.464417,-36.095001,111.0,8,1410.0
538008115,1713446784,28.404833,-36.041618,111.0,8,1410.0
538008115,1713447502,28.37545,-36.015282,112.0,8,1400.0
538008115,1713447512,28.37505,-36.014935,112.0,8,1410.0
538008115,1713447572,28.37265,-36.012783,111.0,8,1410.0
538008115,1713447591,28.371866,-36.012081,112.0,8,1410.0
538008115,1713447642,28.369801,-36.010235,111.0,8,1410.0
538008115,1713447671,28.368567,-36.009132,111.0,8,1410.0
538008115,1713447672,28.368567,-36.009132,111.0,8,1410.0
538008115,1713447682,28.368151,-36.008781,111.0,8,1420.0
538008115,1713447692,28.36775,-36.008415,111.0,8,1420.0
538008115,1713447731,28.36615,-36.006966,112.0,8,1410.0
538008115,1713447742,28.365732,-36.006599,112.0,8,1410.0
538008115,1713447752,28.365334,-36.006233,112.0,8,1410.0
538008115,1713447791,28.363716,-36.004784,112.0,8,1410.0
538008115,1713447792,28.363716,-36.004784,112.0,8,1410.0
538008115,1713447800,28.36335,-36.004452,112.0,8,1410.0
538008115,1713447801,28.36335,-36.004452,112.0,8,1410.0
538008115,1713447831,28.362083,-36.003319,112.0,8,1420.0
538008115,1713447841,28.361668,-36.002949,112.0,8,1410.0
538008115,1713447851,28.361267,-36.002583,112.0,8,1410.0
538008115,1713447860,28.360884,-36.002251,112.0,8,1420.0
538008115,1713447861,28.360884,-36.002251,112.0,8,1420.0
538008115,1713447871,28.360468,-36.001884,112.0,8,1420.0
538008115,1713447891,28.359583,-36.001133,112.0,8,1420.0
538008115,1713447901,28.359182,-36.000767,112.0,8,1420.0
538008115,1713447902,28.359182,-36.000767,112.0,8,1420.0
538008115,1713447941,28.357582,-35.999382,112.0,8,1420.0
538008115,1713447951,28.357117,-35.999001,112.0,8,1420.0
538008115,1713447957,28.357117,-35.999001,112.0,8,1420.0
538008115,1713447961,28.356701,-35.998634,112.0,8,1420.0
538008115,1713447970,28.3563,-35.998268,112.0,8,1420.0
538008115,1713447980,28.355917,-35.997952,112.0,8,1420.0
538008115,1713447981,28.355917,-35.997952,112.0,8,1420.0
538008115,1713448006,28.355066,-35.9972,112.0,8,1420.0
538008115,1713448165,28.348516,-35.991402,110.0,8,1410.0
538008115,1713448254,28.344917,-35.988049,112.0,8,1400.0
538008115,1713448407,28.3389,-35.982349,111.0,8,1400.0
538008115,1713448484,28.335817,-35.979401,111.0,8,1390.0
538008115,1713448624,28.330233,-35.974068,112.0,8,1400.0
538008115,1713448724,28.326218,-35.970268,112.0,8,1400.0
538008115,1713448813,28.322701,-35.966934,112.0,8,1400.0
538008115,1713448984,28.315817,-35.960651,111.0,8,1410.0
538008115,1713450205,28.267401,-35.915184,109.0,8,1390.0
538008115,1713450244,28.26585,-35.9137,109.0,8,1400.0
538008115,1713450396,28.259933,-35.908115,109.0,8,1400.0
538008115,1713450532,28.25445,-35.903015,109.0,8,1400.0
538008115,1713451303,28.223967,-35.874966,109.0,8,1410.0
538008115,1713451423,28.219116,-35.870716,109.0,8,1420.0
538008115,1713451546,28.21435,-35.866531,109.0,8,1420.0
538008115,1713451677,28.209032,-35.861916,109.0,8,1420.0
538008115,1713451833,28.202667,-35.856266,109.0,8,1410.0
538008115,1713451913,28.1994,-35.853401,109.0,8,1420.0
538008115,1713452014,28.195417,-35.849918,109.0,8,1420.0
538008115,1713452044,28.194218,-35.848866,109.0,8,1420.0
538008115,1713452084,28.192516,-35.847382,108.0,8,1420.0
538008115,1713452365,28.181284,-35.837715,108.0,8,1420.0
538008115,1713452645,28.170067,-35.827915,108.0,8,1420.0
538008115,1713452885,28.1604,-35.819698,108.0,8,1430.0
538008115,1713453136,28.150316,-35.811066,109.0,8,1420.0
538008115,1713453332,28.142267,-35.80415,109.0,8,1420.0
538008115,1713453434,28.138268,-35.800667,109.0,8,1420.0
538008115,1713453496,28.135851,-35.798569,109.0,8,1420.0
538008115,1713453713,28.12685,-35.790951,109.0,8,1430.0
538008115,1713453786,28.124018,-35.788567,109.0,8,1430.0
538008115,1713454207,28.107067,-35.774082,109.0,8,1420.0
538008115,1713454256,28.105034,-35.772331,109.0,8,1430.0
538008115,1713454606,28.090851,-35.760151,109.0,8,1420.0
538008115,1713455733,28.045383,-35.720615,109.0,8,1400.0
538008115,1713455776,28.043818,-35.719151,109.0,8,1400.0
538008115,1713456582,28.012051,-35.689651,109.0,8,1400.0
538008115,1713456662,28.0089,-35.686749,109.0,8,1410.0
538008115,1713456722,28.006567,-35.684582,109.0,8,1400.0
538008115,1713456983,27.996384,-35.675117,109.0,8,1400.0
538008115,1713456996,27.995951,-35.674717,109.0,8,1400.0
538008115,1713457652,27.96995,-35.650818,109.0,8,1410.0
538008115,1713458012,27.955566,-35.638149,109.0,8,1410.0
538008115,1713458333,27.942949,-35.626652,109.0,8,1410.0
538008115,1713458406,27.9401,-35.62405,109.0,8,1400.0
538008115,1713458555,27.934134,-35.618633,110.0,8,1400.0
538008115,1713459196,27.908934,-35.595219,110.0,8,1400.0
538008115,1713459567,27.894234,-35.581551,110.0,8,1390.0
538008115,1713460225,27.867634,-35.557117,112.0,8,1410.0
538008115,1713460444,27.858601,-35.548985,112.0,8,1410.0
538008115,1713460645,27.850416,-35.541668,112.0,8,1410.0
538008115,1713460743,27.846416,-35.538082,112.0,8,1410.0
538008115,1713460893,27.8403,-35.532452,112.0,8,1400.0
538008115,1713461198,27.827818,-35.521618,112.0,8,1420.0
538008115,1713461774,27.803867,-35.500816,112.0,8,1420.0
538008115,1713462306,27.782034,-35.481899,112.0,8,1420.0
538008115,1713462658,27.767483,-35.469433,112.0,8,1420.0
538008115,1713462806,27.761316,-35.46405,112.0,8,1410.0
538008115,1713462964,27.75485,-35.458183,112.0,8,1410.0
538008115,1713463015,27.752867,-35.456383,112.0,8,1410.0
538008115,1713463155,27.747049,-35.451267,112.0,8,1420.0
538008115,1713463803,27.72035,-35.4277,112.0,8,1410.0
538008115,1713464096,27.708467,-35.417099,112.0,8,1420.0
538008115,1713464156,27.705999,-35.414917,112.0,8,1410.0
538008115,1713464308,27.699818,-35.409451,112.0,8,1410.0
538008115,1713464571,27.6889,-35.399532,112.0,8,1400.0
538008115,1713464754,27.68165,-35.392883,110.0,8,1400.0
538008115,1713465042,27.67,-35.382183,110.0,8,1410.0
538008115,1713465152,27.665649,-35.378216,111.0,8,1400.0
538008115,1713465382,27.656433,-35.369682,110.0,8,1400.0
538008115,1713465707,27.643566,-35.357899,110.0,8,1400.0
538008115,1713465925,27.634733,-35.349751,111.0,8,1400.0
538008115,1713466303,27.619516,-35.335583,110.0,8,1400.0
538008115,1713466546,27.609949,-35.326782,110.0,8,1400.0
538008115,1713467595,27.568001,-35.288666,109.0,8,1430.0
538008115,1713467883,27.5562,-35.278667,109.0,8,1420.0
538008115,1713468515,27.530216,-35.25655,112.0,8,1420.0
538008115,1713468596,27.526882,-35.253681,111.0,8,1420.0
538008115,1713468697,27.522833,-35.250069,111.0,8,1400.0
538008115,1713469037,27.508932,-35.237801,111.0,8,1420.0
538008115,1713469177,27.503201,-35.232883,111.0,8,1420.0
538008115,1713469396,27.494083,-35.225216,112.0,8,1430.0
538008115,1713469546,27.487818,-35.219982,112.0,8,1430.0
538008115,1713469815,27.476801,-35.210281,112.0,8,1410.0
538008115,1713469964,27.47065,-35.204868,112.0,8,1410.0
538008115,1713470016,27.46855,-35.202999,112.0,8,1410.0
538008115,1713470405,27.452732,-35.188816,111.0,8,1390.0
538008115,1713470555,27.446817,-35.183285,111.0,8,1400.0
538008115,1713471690,27.402117,-35.141716,109.0,8,1400.0
538008115,1713471972,27.390734,-35.131184,109.0,8,1410.0
538008115,1713472002,27.389517,-35.130135,109.0,8,1410.0
538008115,1713472207,27.381517,-35.123184,109.0,8,1410.0
538008115,1713472958,27.351566,-35.09655,109.0,8,1410.0
538008115,1713473082,27.346333,-35.092033,109.0,8,1420.0
538008115,1713473145,27.343933,-35.089951,110.0,8,1420.0
538008115,1713473902,27.313116,-35.063381,110.0,8,1400.0
538008115,1713476170,27.222151,-34.981785,110.0,8,1390.0
538008115,1713476738,27.199232,-34.96125,110.0,8,1410.0
538008115,1713476807,27.196484,-34.958801,110.0,8,1410.0
538008115,1713476934,27.191282,-34.954132,110.0,8,1410.0
538008115,1713477085,27.185316,-34.948799,110.0,8,1400.0
538008115,1713477163,27.182133,-34.945915,109.0,8,1400.0
538008115,1713477345,27.174982,-34.939434,110.0,8,1410.0
538008115,1713477504,27.1686,-34.933735,110.0,8,1410.0
538008115,1713477615,27.164133,-34.929749,110.0,8,1410.0
538008115,1713477675,27.161783,-34.927666,110.0,8,1410.0
538008115,1713477835,27.155399,-34.922016,110.0,8,1410.0
538008115,1713477935,27.151333,-34.918385,110.0,8,1400.0
538008115,1713478278,27.137733,-34.906368,109.0,8,1400.0
538008115,1713478342,27.134968,-34.903885,109.0,8,1400.0
538008115,1713478465,27.130217,-34.899632,109.0,8,1400.0
538008115,1713478916,27.112267,-34.883667,110.0,8,1410.0
538008115,1713478955,27.110683,-34.882233,109.0,8,1400.0
538008115,1713479182,27.101482,-34.874065,110.0,8,1420.0
538008115,1713479394,27.09305,-34.86655,110.0,8,1410.0
538008115,1713479474,27.089968,-34.863682,109.0,8,1400.0
538008115,1713479663,27.0825,-34.856766,109.0,8,1400.0
538008115,1713480057,27.067167,-34.842632,109.0,8,1400.0
538008115,1713480106,27.065117,-34.840832,110.0,8,1410.0
538008115,1713480302,27.05835,-34.834915,110.0,8,1420.0
538008115,1713480374,27.054167,-34.831333,110.0,8,1420.0
538008115,1713480624,27.0439,-34.822632,110.0,8,1420.0
538008115,1713480904,27.032417,-34.812782,110.0,8,1410.0
538008115,1713481015,27.028084,-34.808868,111.0,8,1410.0
538008115,1713481184,27.021183,-34.802784,110.0,8,1410.0
538008115,1713481375,27.013634,-34.795933,109.0,8,1390.0
538008115,1713481795,26.997383,-34.780815,110.0,8,1410.0
538008115,1713481988,26.989683,-34.774052,109.0,8,1410.0
538008115,1713482132,26.983749,-34.768784,109.0,8,1410.0
538008115,1713482170,26.982517,-34.7677,109.0,8,1410.0
538008115,1713482862,26.95495,-34.742931,109.0,8,1410.0
538008115,1713483072,26.946684,-34.735516,108.0,8,1410.0
538008115,1713483541,26.927999,-34.719269,108.0,8,1420.0
538008115,1713483687,26.922367,-34.714432,108.0,8,1420.0
538008115,1713483697,26.921932,-34.714066,108.0,8,1420.0
538008115,1713483769,26.9191,-34.711632,108.0,8,1420.0
538008115,1713483916,26.913218,-34.7066,108.0,8,1420.0
538008115,1713484157,26.903601,-34.698418,108.0,8,1420.0
538008115,1713484554,26.887783,-34.684582,108.0,8,1410.0
538008115,1713484584,26.886566,-34.683498,107.0,8,1410.0
538008115,1713484735,26.880667,-34.678299,107.0,8,1410.0
538008115,1713484854,26.8759,-34.674118,107.0,8,1410.0
538008115,1713484890,26.874399,-34.672783,107.0,8,1410.0
538008115,1713484891,26.874399,-34.672783,107.0,8,1410.0
538008115,1713484901,26.873966,-34.672401,107.0,8,1410.0
538008115,1713484902,26.873966,-34.672401,107.0,8,1410.0
538008115,1713484921,26.873217,-34.671749,107.0,8,1410.0
538008115,1713484961,26.871599,-34.670334,107.0,8,1410.0
538008115,1713484962,26.871599,-34.670334,107.0,8,1410.0
538008115,1713484971,26.871218,-34.669983,107.0,8,1410.0
538008115,1713484972,26.871218,-34.669983,107.0,8,1410.0
538008115,1713484981,26.870817,-34.669632,107.0,8,1410.0
538008115,1713484991,26.870434,-34.669285,107.0,8,1410.0
538008115,1713485001,26.870033,-34.668949,107.0,8,1410.0
538008115,1713485006,26.870033,-34.668949,107.0,8,1410.0
538008115,1713485011,26.869682,-34.668633,107.0,8,1410.0
538008115,1713485021,26.869249,-34.668266,107.0,8,1410.0
538008115,1713485022,26.869249,-34.668266,107.0,8,1410.0
538008115,1713485031,26.868851,-34.667915,107.0,8,1410.0
538008115,1713485041,26.868467,-34.667568,107.0,8,1410.0
538008115,1713485060,26.867718,-34.666916,107.0,8,1410.0
538008115,1713485081,26.866899,-34.666199,107.0,8,1410.0
538008115,1713485082,26.866899,-34.666199,107.0,8,1410.0
538008115,1713485091,26.866501,-34.665852,107.0,8,1410.0
538008115,1713485092,26.866501,-34.665852,107.0,8,1410.0
538008115,1713485106,26.86615,-34.66555,107.0,8,1410.0
538008115,1713485111,26.865767,-34.665199,107.0,8,1410.0
538008115,1713485112,26.865767,-34.665199,107.0,8,1410.0
538008115,1713485120,26.865417,-34.664883,107.0,8,1410.0
538008115,1713485141,26.8645,-34.664082,107.0,8,1410.0
538008115,1713485142,26.8645,-34.664082,107.0,8,1410.0
538008115,1713485151,26.864149,-34.663769,107.0,8,1420.0
538008115,1713485152,26.864149,-34.663769,107.0,8,1420.0
538008115,1713485160,26.8638,-34.663448,107.0,8,1420.0
538008115,1713485171,26.863367,-34.663082,107.0,8,1420.0
538008115,1713485172,26.863367,-34.663082,107.0,8,1420.0
538008115,1713485180,26.863016,-34.662785,107.0,8,1410.0
538008115,1713485211,26.861782,-34.661716,107.0,8,1420.0
538008115,1713485212,26.861782,-34.661716,107.0,8,1420.0
538008115,1713485232,26.861032,-34.661068,107.0,8,1420.0
538008115,1713485235,26.861032,-34.661068,107.0,8,1420.0
538008115,1713485241,26.860634,-34.660717,107.0,8,1420.0
538008115,1713485262,26.859783,-34.66,107.0,8,1420.0
538008115,1713485272,26.859432,-34.659698,107.0,8,1420.0
538008115,1713485281,26.858999,-34.659317,107.0,8,1420.0
538008115,1713485292,26.858583,-34.658966,107.0,8,1420.0
538008115,1713485301,26.858232,-34.658669,107.0,8,1420.0
538008115,1713485322,26.857367,-34.657917,107.0,8,1420.0
538008115,1713485341,26.856649,-34.657299,107.0,8,1420.0
538008115,1713485382,26.855049,-34.655918,107.0,8,1420.0
538008115,1713485392,26.85465,-34.655567,107.0,8,1420.0
538008115,1713485402,26.854282,-34.655266,107.0,8,1410.0
538008115,1713485511,26.849951,-34.651466,107.0,8,1410.0
538008115,1713485515,26.849951,-34.651466,107.0,8,1410.0
538008115,1713485683,26.8435,-34.645535,106.0,8,1400.0
538008115,1713485745,26.841167,-34.643368,106.0,8,1400.0
538008115,1713485922,26.834267,-34.637051,106.0,8,1400.0
538008115,1713485984,26.832001,-34.634968,106.0,8,1400.0
538008115,1713486134,26.826233,-34.629616,106.0,8,1400.0
538008115,1713486245,26.821966,-34.625732,106.0,8,1400.0
538008115,1713486294,26.820101,-34.624001,106.0,8,1400.0
538008115,1713486553,26.81015,-34.614819,107.0,8,1400.0
538008115,1713487384,26.778316,-34.585567,106.0,8,1400.0
538008115,1713487424,26.776783,-34.584084,106.0,8,1390.0
538008115,1713487633,26.768717,-34.576584,107.0,8,1400.0
538008115,1713487765,26.763634,-34.572166,107.0,8,1420.0
538008115,1713487995,26.754467,-34.564384,107.0,8,1420.0
538008115,1713488214,26.745768,-34.556915,107.0,8,1420.0
538008115,1713489232,26.7052,-34.522202,108.0,8,1420.0
538008115,1713489342,26.700899,-34.518398,108.0,8,1410.0
538008115,1713489673,26.687866,-34.506851,108.0,8,1410.0
538008115,1713489902,26.678766,-34.499016,107.0,8,1410.0
538008115,1713490146,26.669201,-34.490582,108.0,8,1410.0
538008115,1713490296,26.663317,-34.485367,108.0,8,1400.0
538008115,1713490711,26.646917,-34.470734,108.0,8,1400.0
538008115,1713490721,26.646549,-34.470417,108.0,8,1400.0
538008115,1713490781,26.644182,-34.46825,108.0,8,1400.0
538008115,1713490831,26.642218,-34.466499,108.0,8,1400.0
538008115,1713490835,26.642218,-34.466499,108.0,8,1400.0
538008115,1713491214,26.627234,-34.453232,108.0,8,1420.0
538008115,1713491446,26.61805,-34.445267,108.0,8,1420.0
538008115,1713491534,26.614517,-34.44215,108.0,8,1410.0
538008115,1713491685,26.608549,-34.436901,108.0,8,1410.0
538008115,1713492016,26.595432,-34.425484,108.0,8,1410.0
538008115,1713492134,26.590633,-34.421318,108.0,8,1410.0
538008115,1713492266,26.585432,-34.416901,108.0,8,1420.0
538008115,1713492413,26.579399,-34.411816,108.0,8,1420.0
538008115,1713492554,26.573668,-34.407032,108.0,8,1420.0
538008115,1713492614,26.571251,-34.404984,108.0,8,1420.0
538008115,1713492704,26.56765,-34.401867,108.0,8,1410.0
538008115,1713492774,26.564966,-34.399517,107.0,8,1410.0
538008115,1713492934,26.55855,-34.393902,107.0,8,1410.0
538008115,1713493302,26.544184,-34.380932,106.0,8,1400.0
538008115,1713493332,26.543034,-34.379883,106.0,8,1400.0
538008115,1713493456,26.538418,-34.375668,106.0,8,1400.0
538008115,1713494203,26.509768,-34.349232,105.0,8,1400.0
538008115,1713494265,26.507467,-34.347118,105.0,8,1400.0
538008115,1713494384,26.502899,-34.342934,105.0,8,1400.0
538008115,1713494474,26.499468,-34.339832,105.0,8,1400.0
538008115,1713494586,26.495184,-34.335983,105.0,8,1410.0
538008115,1713494706,26.490534,-34.331818,105.0,8,1410.0
538008115,1713494864,26.484432,-34.326183,105.0,8,1400.0
538008115,1713494875,26.484083,-34.325867,105.0,8,1400.0
538008115,1713495024,26.4783,-34.320667,105.0,8,1420.0
538008115,1713495092,26.47555,-34.318298,105.0,8,1420.0
538008115,1713495903,26.443832,-34.290432,106.0,8,1410.0
538008115,1713495933,26.442699,-34.289433,106.0,8,1410.0
538008115,1713495983,26.44075,-34.28775,106.0,8,1420.0
538008115,1713496093,26.436417,-34.283966,106.0,8,1420.0
538008115,1713496463,26.422001,-34.271133,106.0,8,1410.0
538008115,1713496545,26.418882,-34.268383,105.0,8,1410.0
538008115,1713496765,26.4104,-34.260799,107.0,8,1400.0
538008115,1713496793,26.409233,-34.259766,106.0,8,1400.0
538008115,1713497046,26.399733,-34.251148,107.0,8,1400.0
538008115,1713497085,26.398132,-34.249718,107.0,8,1410.0
538008115,1713497602,26.377951,-34.231468,108.0,8,1400.0
538008115,1713498123,26.357668,-34.212799,109.0,8,1400.0
538008115,1713500093,26.278601,-34.1427,110.0,8,1420.0
538008115,1713500134,26.276966,-34.1413,110.0,8,1420.0
538008115,1713500154,26.276182,-34.140652,110.0,8,1420.0
538008115,1713500263,26.2717,-34.136833,110.0,8,1420.0
538008115,1713501065,26.238817,-34.109467,109.0,8,1420.0
538008115,1713501174,26.234301,-34.105732,109.0,8,1430.0
538008115,1713501345,26.227516,-34.100052,108.0,8,1420.0
538008115,1713501633,26.216118,-34.089851,108.0,8,1400.0
538008115,1713501644,26.217716,-34.091301,108.0,8,1400.0
538008115,1713501713,26.213066,-34.087067,108.0,8,1400.0
538008115,1713501745,26.211884,-34.085999,108.0,8,1400.0
538008115,1713501783,26.210234,-34.084518,108.0,8,1410.0
538008115,1713502333,26.188749,-34.065334,108.0,8,1400.0
538008115,1713502463,26.183683,-34.060768,108.0,8,1400.0
538008115,1713502522,26.181351,-34.058651,108.0,8,1400.0
538008115,1713502594,26.178583,-34.056149,108.0,8,1400.0
538008115,1713502666,26.175917,-34.053699,108.0,8,1390.0
538008115,1713502695,26.174732,-34.052582,107.0,8,1390.0
538008115,1713502785,26.171284,-34.049332,107.0,8,1390.0
538008115,1713502835,26.16935,-34.047501,107.0,8,1390.0
538008115,1713502926,26.166,-34.044334,107.0,8,1390.0
538008115,1713503575,26.140633,-34.021332,108.0,8,1410.0
538008115,1713503673,26.136766,-34.017883,108.0,8,1410.0
538008115,1713503795,26.131968,-34.013699,109.0,8,1420.0
538008115,1713503943,26.125933,-34.008499,108.0,8,1420.0
538008115,1713504004,26.12355,-34.006416,108.0,8,1410.0
538008115,1713504163,26.11725,-34.000984,108.0,8,1420.0
538008115,1713504394,26.108,-33.993084,108.0,8,1420.0
538008115,1713504545,26.101999,-33.987968,108.0,8,1420.0
538008115,1713504616,26.099234,-33.985619,108.0,8,1420.0
538008115,1713505077,26.081066,-33.969734,108.0,8,1410.0
538008115,1713505306,26.071934,-33.961735,108.0,8,1420.0
538008115,1713505453,26.065968,-33.956566,107.0,8,1410.0
538008115,1713506021,26.043333,-33.937099,108.0,8,1420.0
538008115,1713506253,26.034184,-33.929134,108.0,8,1420.0
538008115,1713506406,26.028168,-33.923965,109.0,8,1420.0
538008115,1713506556,26.022167,-33.918766,109.0,8,1410.0
538008115,1713506654,26.018183,-33.915352,109.0,8,1420.0
538008115,1713506735,26.014967,-33.912601,109.0,8,1420.0
538008115,1713506794,26.012501,-33.9105,109.0,8,1420.0
538008115,1713507045,26.00255,-33.901768,109.0,8,1410.0
538008115,1713507115,25.999767,-33.8992,109.0,8,1400.0
538008115,1713507242,25.994699,-33.894585,109.0,8,1400.0
538008115,1713507505,25.984501,-33.885284,108.0,8,1400.0
538008115,1713507584,25.98135,-33.882435,109.0,8,1400.0
538008115,1713507736,25.975468,-33.877117,109.0,8,1400.0
538008115,1713507797,25.97315,-33.875,109.0,8,1400.0
538008115,1713507824,25.971951,-33.873901,109.0,8,1400.0
538008115,1713507885,25.969601,-33.871765,109.0,8,1400.0
538008115,1713508055,25.96295,-33.865719,109.0,8,1400.0
538008115,1713508062,25.962601,-33.865383,109.0,8,1400.0
538008115,1713508184,25.957884,-33.861149,109.0,8,1410.0
538008115,1713508333,25.951851,-33.855885,109.0,8,1410.0
538008115,1713508407,25.949034,-33.853382,109.0,8,1410.0
538008115,1713508575,25.942383,-33.8475,109.0,8,1410.0
538008115,1713508964,25.926832,-33.833866,109.0,8,1410.0
538008115,1713509494,25.905382,-33.815517,108.0,8,1420.0
538008115,1713509784,25.89385,-33.805248,109.0,8,1410.0
538008115,1713509943,25.887583,-33.799618,109.0,8,1410.0
538008115,1713509986,25.886,-33.798199,109.0,8,1410.0
538008115,1713510023,25.884501,-33.796867,108.0,8,1400.0
538008115,1713511275,25.83485,-33.754017,106.0,8,1410.0
538008115,1713511986,25.80755,-33.729149,107.0,8,1390.0
538008115,1713512226,25.798317,-33.7206,108.0,8,1390.0
538008115,1713512575,25.784901,-33.708035,108.0,8,1390.0
538008115,1713512655,25.781866,-33.7052,108.0,8,1390.0
538008115,1713513104,25.764549,-33.688732,110.0,8,1400.0
538008115,1713513426,25.751966,-33.677265,110.0,8,1410.0
538008115,1713513531,25.747601,-33.673515,110.0,8,1420.0
538008115,1713513584,25.745449,-33.6717,110.0,8,1420.0
538008115,1713513631,25.743549,-33.670101,110.0,8,1430.0
538008115,1713513741,25.739067,-33.666332,109.0,8,1420.0
538008115,1713513814,25.736282,-33.663967,109.0,8,1420.0
538008115,1713513963,25.730232,-33.658718,109.0,8,1410.0
538008115,1713514426,25.711918,-33.6427,109.0,8,1410.0
538008115,1713514547,25.70705,-33.638584,110.0,8,1420.0
538008115,1713514675,25.701782,-33.634083,110.0,8,1410.0
538008115,1713514753,25.698517,-33.631233,110.0,8,1410.0
538008115,1713514985,25.689199,-33.623234,110.0,8,1420.0
538008115,1713515034,25.687218,-33.621567,110.0,8,1420.0
538008115,1713515154,25.682301,-33.617401,110.0,8,1420.0
538008115,1713515344,25.674417,-33.610832,110.0,8,1430.0
538008115,1713515374,25.673183,-33.609798,110.0,8,1420.0
538008115,1713515384,25.672783,-33.609467,110.0,8,1420.0
538008115,1713515483,25.668768,-33.606098,111.0,8,1420.0
538008115,1713515493,25.668318,-33.605717,110.0,8,1420.0
538008115,1713515533,25.6667,-33.604317,111.0,8,1420.0
538008115,1713515884,25.652533,-33.591984,111.0,8,1410.0
538008115,1713516065,25.64525,-33.585567,111.0,8,1410.0
538008115,1713516265,25.637167,-33.578419,111.0,8,1410.0
538008115,1713516557,25.625433,-33.568199,111.0,8,1410.0
538008115,1713517792,25.5753,-33.524101,110.0,8,1410.0
538008115,1713518092,25.563217,-33.513584,110.0,8,1410.0
538008115,1713518128,25.562033,-33.512516,110.0,8,1410.0
538008115,1713518307,25.554783,-33.506168,110.0,8,1420.0
538008115,1713518631,25.541582,-33.494717,110.0,8,1410.0
538008115,1713518867,25.532316,-33.486649,109.0,8,1410.0
538008115,1713519075,25.523983,-33.479252,109.0,8,1410.0
538008115,1713519857,25.492683,-33.452351,109.0,8,1410.0
538008115,1713519947,25.489033,-33.449219,109.0,8,1410.0
538008115,1713520274,25.475849,-33.437733,109.0,8,1410.0
538008115,1713520404,25.470682,-33.43325,108.0,8,1410.0
538008115,1713520504,25.466784,-33.429768,109.0,8,1400.0
538008115,1713520613,25.4625,-33.425919,108.0,8,1400.0
538008115,1713520734,25.45775,-33.421616,108.0,8,1400.0
538008115,1713520885,25.4519,-33.416351,108.0,8,1400.0
538008115,1713521004,25.447201,-33.412083,109.0,8,1400.0
538008115,1713521205,25.43935,-33.405083,109.0,8,1410.0
538008115,1713521264,25.436968,-33.403,109.0,8,1410.0
538008115,1713521463,25.429033,-33.395931,109.0,8,1400.0
538008115,1713521573,25.424717,-33.392117,109.0,8,1410.0
538008115,1713521685,25.420401,-33.388302,109.0,8,1410.0
538008115,1713521863,25.41325,-33.381985,108.0,8,1400.0
538008115,1713521947,25.410116,-33.379116,108.0,8,1400.0
538008115,1713522118,25.403633,-33.373032,108.0,8,1390.0
538008115,1713522234,25.399,-33.368732,108.0,8,1390.0
538008115,1713522455,25.3906,-33.360916,107.0,8,1390.0
538008115,1713522524,25.387951,-33.358418,107.0,8,1390.0
538008115,1713522749,25.37945,-33.350533,109.0,8,1390.0
538008115,1713522774,25.3783,-33.349483,110.0,8,1400.0
538008115,1713523044,25.36735,-33.339352,115.0,8,1390.0
538008115,1713523413,25.351583,-33.325466,119.0,8,1430.0
538008115,1713523603,25.343184,-33.318481,119.0,8,1420.0
538008115,1713523902,25.329849,-33.307335,120.0,8,1420.0
538008115,1713524347,25.310083,-33.290882,121.0,8,1430.0
538008115,1713524437,25.306116,-33.287418,121.0,8,1410.0
538008115,1713525124,25.275932,-33.260448,121.0,8,1400.0
538008115,1713525264,25.269733,-33.255051,121.0,8,1420.0
538008115,1713525728,25.2491,-33.237667,121.0,8,1420.0
538008115,1713526176,25.229116,-33.220566,121.0,8,1420.0
538008115,1713526264,25.225067,-33.217117,120.0,8,1420.0
538008115,1713526441,25.217083,-33.210281,121.0,8,1420.0
538008115,1713526447,25.217083,-33.210281,121.0,8,1420.0
538008115,1713526452,25.216633,-33.2099,121.0,8,1420.0
538008115,1713526512,25.213949,-33.207634,121.0,8,1420.0
538008115,1713526540,25.2127,-33.206581,121.0,8,1420.0
538008115,1713526541,25.2127,-33.206581,121.0,8,1420.0
538008115,1713526581,25.210882,-33.205017,121.0,8,1420.0
538008115,1713526591,25.210382,-33.204617,121.0,8,1420.0
538008115,1713526641,25.208218,-33.202732,121.0,8,1420.0
538008115,1713526651,25.207767,-33.202366,121.0,8,1420.0
538008115,1713526692,25.20595,-33.200783,121.0,8,1410.0
538008115,1713526711,25.20505,-33.200031,121.0,8,1410.0
538008115,1713526752,25.203318,-33.198483,120.0,8,1410.0
538008115,1713526790,25.201616,-33.196968,120.0,8,1400.0
538008115,1713526791,25.201616,-33.196968,120.0,8,1400.0
538008115,1713526802,25.201151,-33.196548,120.0,8,1400.0
538008115,1713526812,25.200718,-33.196152,120.0,8,1400.0
538008115,1713526821,25.200317,-33.195801,120.0,8,1400.0
538008115,1713526831,25.199883,-33.195415,120.0,8,1400.0
538008115,1713526862,25.198549,-33.194199,120.0,8,1400.0
538008115,1713526871,25.198151,-33.193851,120.0,8,1400.0
538008115,1713526881,25.197718,-33.193451,120.0,8,1400.0
538008115,1713526891,25.197233,-33.193016,120.0,8,1400.0
538008115,1713526892,25.197233,-33.193016,120.0,8,1400.0
538008115,1713526902,25.1968,-33.192635,120.0,8,1400.0
538008115,1713527405,25.175083,-33.173351,120.0,8,1410.0
538008115,1713527766,25.159332,-33.159283,120.0,8,1400.0
538008115,1713528341,25.134367,-33.136932,119.0,8,1410.0
538008115,1713528447,25.129999,-33.133068,119.0,8,1400.0
538008115,1713529215,25.097834,-33.1049,110.0,8,1410.0
538008115,1713529310,25.094133,-33.101665,109.0,8,1410.0
538008115,1713529316,25.093683,-33.101299,109.0,8,1420.0
538008115,1713529376,25.091316,-33.099281,109.0,8,1420.0
538008115,1713529426,25.0893,-33.097549,109.0,8,1420.0
538008115,1713529665,25.0797,-33.089367,108.0,8,1410.0
538008115,1713529764,25.076866,-33.086967,108.0,8,1420.0
538008115,1713529796,25.074499,-33.084969,108.0,8,1420.0
538008115,1713529825,25.073334,-33.083965,109.0,8,1410.0
538008115,1713529992,25.066433,-33.078201,109.0,8,1430.0
538008115,1713530115,25.0616,-33.07415,109.0,8,1420.0
538008115,1713530275,25.055201,-33.068733,108.0,8,1420.0
538008115,1713530323,25.053167,-33.067001,108.0,8,1410.0
538008115,1713531134,25.021433,-33.038933,107.0,8,1400.0
538008115,1713531284,25.015699,-33.033634,107.0,8,1400.0
538008115,1713531434,25.009951,-33.028381,107.0,8,1400.0
538008115,1713531734,24.998501,-33.017918,107.0,8,1400.0
538008115,1713531896,24.992367,-33.012348,107.0,8,1400.0
538008115,1713531921,24.991182,-33.011284,107.0,8,1400.0
538008115,1713531940,24.990482,-33.010651,107.0,8,1400.0
538008115,1713532021,24.98735,-33.007851,107.0,8,1400.0
538008115,1713532032,24.986883,-33.007435,107.0,8,1400.0
538008115,1713532042,24.986532,-33.007118,107.0,8,1400.0
538008115,1713532061,24.985783,-33.006432,107.0,8,1400.0
538008115,1713532102,24.984249,-33.005032,107.0,8,1400.0
538008115,1713532108,24.984249,-33.005032,107.0,8,1400.0
538008115,1713532121,24.983517,-33.004383,107.0,8,1400.0
538008115,1713532122,24.983517,-33.004383,107.0,8,1400.0
538008115,1713532131,24.983133,-33.004051,107.0,8,1400.0
538008115,1713532142,24.982718,-33.003666,107.0,8,1400.0
538008115,1713532152,24.9823,-33.003265,107.0,8,1390.0
538008115,1713532171,24.981567,-33.002617,106.0,8,1400.0
538008115,1713532181,24.981182,-33.002266,107.0,8,1410.0
538008115,1713532182,24.981182,-33.002266,107.0,8,1410.0
538008115,1713532202,24.980417,-33.001568,107.0,8,1390.0
538008115,1713532221,24.979668,-33.000866,107.0,8,1400.0
538008115,1713532222,24.979668,-33.000866,107.0,8,1400.0
538008115,1713532251,24.978518,-32.999832,107.0,8,1390.0
538008115,1713532261,24.978132,-32.999481,107.0,8,1390.0
538008115,1713532271,24.9778,-32.999149,107.0,8,1390.0
538008115,1713532272,24.9778,-32.999149,107.0,8,1390.0
538008115,1713532281,24.977367,-32.998783,107.0,8,1400.0
538008115,1713532282,24.977367,-32.998783,107.0,8,1400.0
538008115,1713532290,24.976999,-32.998432,107.0,8,1390.0
538008115,1713532291,24.976999,-32.998432,107.0,8,1390.0
538008115,1713532311,24.976233,-32.997719,107.0,8,1390.0
538008115,1713532321,24.975849,-32.997368,107.0,8,1400.0
538008115,1713532331,24.975451,-32.997017,107.0,8,1390.0
538008115,1713532332,24.975451,-32.997017,107.0,8,1390.0
538008115,1713532341,24.975067,-32.996651,107.0,8,1390.0
538008115,1713532342,24.975067,-32.996651,107.0,8,1390.0
538008115,1713532350,24.974716,-32.996334,107.0,8,1390.0
538008115,1713532361,24.9743,-32.995949,107.0,8,1390.0
538008115,1713532363,24.9743,-32.995949,107.0,8,1390.0
538008115,1713532371,24.973917,-32.995583,107.0,8,1390.0
538008115,1713532381,24.973551,-32.995232,107.0,8,1390.0
538008115,1713532391,24.9732,-32.994919,107.0,8,1390.0
538008115,1713532460,24.970568,-32.992466,107.0,8,1390.0
538008115,1713532461,24.970568,-32.992466,107.0,8,1390.0
538008115,1713532471,24.970133,-32.992085,107.0,8,1400.0
538008115,1713532491,24.969366,-32.991367,107.0,8,1390.0
538008115,1713532501,24.968983,-32.991001,107.0,8,1390.0
538008115,1713532502,24.968983,-32.991001,107.0,8,1390.0
538008115,1713532511,24.968599,-32.99065,107.0,8,1390.0
538008115,1713533086,24.946051,-32.971298,108.0,8,1420.0
538008115,1713533975,24.910217,-32.941616,108.0,8,1420.0
538008115,1713534076,24.906151,-32.938282,108.0,8,1430.0
538008115,1713534155,24.902866,-32.93565,108.0,8,1440.0
538008115,1713534433,24.891867,-32.926018,108.0,8,1390.0
538008115,1713534685,24.882067,-32.917267,109.0,8,1410.0
538008115,1713534825,24.876467,-32.912369,108.0,8,1410.0
538008115,1713535767,24.839483,-32.879032,109.0,8,1410.0
538008115,1713536017,24.829634,-32.870152,110.0,8,1400.0
538008115,1713536223,24.8214,-32.862652,109.0,8,1390.0
538008115,1713536484,24.811268,-32.853199,109.0,8,1390.0
538008115,1713536574,24.807817,-32.850018,109.0,8,1390.0
538008115,1713536856,24.796801,-32.840015,109.0,8,1400.0
538008115,1713537007,24.790951,-32.834583,108.0,8,1390.0
538008115,1713537066,24.788633,-32.8325,109.0,8,1400.0
538008115,1713537333,24.777834,-32.823318,108.0,8,1410.0
538008115,1713537547,24.769449,-32.816265,108.0,8,1430.0
538008115,1713537676,24.764084,-32.811932,108.0,8,1430.0
538008115,1713537783,24.7596,-32.8083,108.0,8,1430.0
538008115,1713538194,24.742916,-32.79475,108.0,8,1430.0
538008115,1713538415,24.733982,-32.787468,108.0,8,1430.0
538008115,1713538596,24.726667,-32.781567,108.0,8,1440.0
538008115,1713538945,24.71265,-32.770134,107.0,8,1430.0
538008115,1713539275,24.699249,-32.759499,107.0,8,1430.0
538008115,1713541254,24.622717,-32.691616,105.0,8,1410.0
538008115,1713541667,24.6068,-32.677517,107.0,8,1410.0
538008115,1713541846,24.599684,-32.671349,107.0,8,1410.0
538008115,1713541935,24.596132,-32.668301,108.0,8,1410.0
538008115,1713542255,24.583418,-32.657166,108.0,8,1410.0
538008115,1713542556,24.571533,-32.6469,108.0,8,1410.0
538008115,1713542674,24.56675,-32.6427,108.0,8,1410.0
538008115,1713543743,24.524166,-32.605217,109.0,8,1390.0
538008115,1713544627,24.489567,-32.573799,110.0,8,1400.0
538008115,1713544850,24.480818,-32.565948,109.0,8,1400.0
538008115,1713544890,24.47925,-32.564548,109.0,8,1390.0
538008115,1713544896,24.478901,-32.564232,109.0,8,1390.0
538008115,1713545056,24.472668,-32.558483,109.0,8,1400.0
538008115,1713545831,24.441401,-32.531868,109.0,8,1410.0
538008115,1713545866,24.440149,-32.5308,109.0,8,1410.0
538008115,1713546096,24.430967,-32.522732,109.0,8,1410.0
538008115,1713546385,24.419518,-32.51265,109.0,8,1410.0
538008115,1713546444,24.41715,-32.510551,109.0,8,1400.0
538008115,1713546743,24.4053,-32.500168,108.0,8,1410.0
538008115,1713547005,24.395117,-32.491249,107.0,8,1400.0
538008115,1713547152,24.38925,-32.486034,107.0,8,1410.0
538008115,1713547464,24.377251,-32.475315,107.0,8,1400.0
538008115,1713547536,24.374567,-32.47295,108.0,8,1410.0
538008115,1713547587,24.372534,-32.471199,108.0,8,1410.0
538008115,1713547635,24.370567,-32.469501,108.0,8,1410.0
538008115,1713547698,24.368183,-32.467449,108.0,8,1410.0
538008115,1713547794,24.364283,-32.464085,108.0,8,1420.0
538008115,1713547862,24.3615,-32.461681,108.0,8,1420.0
538008115,1713548284,24.345051,-32.447102,108.0,8,1410.0
538008115,1713548542,24.33485,-32.438099,108.0,8,1410.0
538008115,1713548615,24.332083,-32.435635,108.0,8,1400.0
538008115,1713549004,24.316883,-32.422184,108.0,8,1410.0
538008115,1713549134,24.311716,-32.417648,108.0,8,1410.0
538008115,1713549264,24.306667,-32.4132,108.0,8,1410.0
538008115,1713549543,24.295549,-32.403599,108.0,8,1400.0
538008115,1713549765,24.286949,-32.395985,108.0,8,1410.0
538008115,1713550217,24.269199,-32.380501,109.0,8,1410.0
538008115,1713550325,24.264767,-32.376717,109.0,8,1420.0
538008115,1713550465,24.259199,-32.371849,109.0,8,1410.0
538008115,1713550627,24.252934,-32.366318,109.0,8,1410.0
538008115,1713550676,24.250933,-32.364552,109.0,8,1400.0
538008115,1713550763,24.2474,-32.361416,109.0,8,1410.0
538008115,1713550885,24.242733,-32.357265,108.0,8,1400.0
538008115,1713551146,24.232567,-32.348217,108.0,8,1410.0
538008115,1713551263,24.227882,-32.344101,108.0,8,1410.0
538008115,1713551364,24.223967,-32.340668,108.0,8,1410.0
538008115,1713551425,24.221617,-32.3386,108.0,8,1410.0
538008115,1713551515,24.21805,-32.3354,108.0,8,1400.0
538008115,1713551698,24.211,-32.329231,108.0,8,1410.0
538008115,1713551855,24.204733,-32.323898,108.0,8,1420.0
538008115,1713551906,24.202749,-32.322231,108.0,8,1420.0
538008115,1713552048,24.197117,-32.317516,108.0,8,1420.0
538008115,1713552345,24.185017,-32.307568,109.0,8,1430.0
538008115,1713552355,24.184668,-32.307266,109.0,8,1430.0
538008115,1713553198,24.1511,-32.279366,107.0,8,1420.0
538008115,1713553588,24.13575,-32.26635,106.0,8,1410.0
538008115,1713553635,24.133766,-32.264618,107.0,8,1410.0
538008115,1713553707,24.131083,-32.262283,106.0,8,1410.0
538008115,1713553775,24.128366,-32.259918,106.0,8,1410.0
538008115,1713553815,24.126867,-32.258583,105.0,8,1410.0
538008115,1713553827,24.126432,-32.258217,105.0,8,1410.0
538008115,1713553896,24.123751,-32.255901,105.0,8,1410.0
538008115,1713553917,24.1229,-32.255165,105.0,8,1410.0
538008115,1713553956,24.121416,-32.253899,105.0,8,1410.0
538008115,1713553977,24.1206,-32.253201,105.0,8,1410.0
538008115,1713553995,24.119867,-32.252567,106.0,8,1410.0
538008115,1713554055,24.117517,-32.250584,106.0,8,1420.0
538008115,1713554075,24.116699,-32.249882,106.0,8,1420.0
538008115,1713554175,24.112818,-32.246601,107.0,8,1420.0
538008115,1713554179,24.112818,-32.246601,107.0,8,1420.0
538008115,1713554259,24.10965,-32.243866,106.0,8,1410.0
538008115,1713554316,24.107367,-32.241882,106.0,8,1410.0
538008115,1713554445,24.102318,-32.237534,106.0,8,1410.0
538008115,1713554826,24.087482,-32.224785,106.0,8,1420.0
538008115,1713554864,24.085966,-32.223518,106.0,8,1420.0
538008115,1713554975,24.081533,-32.219898,106.0,8,1430.0
538008115,1713555134,24.075333,-32.214802,105.0,8,1420.0
538008115,1713555984,24.042383,-32.187,104.0,8,1380.0
538008115,1713556064,24.039433,-32.184181,104.0,8,1390.0
538008115,1713556073,24.039034,-32.183819,104.0,8,1390.0
538008115,1713556194,24.034567,-32.179699,104.0,8,1400.0
538008115,1713556306,24.030518,-32.175983,104.0,8,1390.0
538008115,1713556417,24.026434,-32.172169,105.0,8,1390.0
538008115,1713556522,24.022367,-32.168331,105.0,8,1390.0
538008115,1713556936,24.006783,-32.154202,105.0,8,1410.0
538008115,1713557166,23.998068,-32.146519,105.0,8,1410.0
538008115,1713557496,23.98555,-32.135448,105.0,8,1400.0
538008115,1713557637,23.9802,-32.130817,105.0,8,1410.0
538008115,1713557754,23.975599,-32.126751,105.0,8,1400.0
538008115,1713557877,23.970984,-32.122665,105.0,8,1400.0
538008115,1713558013,23.965733,-32.117966,106.0,8,1400.0
538008115,1713558386,23.951532,-32.105415,105.0,8,1400.0
538008115,1713558576,23.944317,-32.099033,105.0,8,1410.0
538008115,1713558592,23.943583,-32.0984,105.0,8,1410.0
538008115,1713558635,23.941982,-32.097015,105.0,8,1410.0
538008115,1713558946,23.930099,-32.086681,106.0,8,1400.0
538008115,1713559116,23.923567,-32.080982,106.0,8,1410.0
538008115,1713559287,23.917049,-32.075249,105.0,8,1400.0
538008115,1713559484,23.909483,-32.068565,105.0,8,1410.0
538008115,1713559964,23.890833,-32.052368,105.0,8,1410.0
538008115,1713560474,23.870684,-32.035583,106.0,8,1420.0
538008115,1713560773,23.858717,-32.025749,106.0,8,1420.0
538008115,1713561379,23.835133,-32.005699,107.0,8,1410.0
538008115,1713561893,23.814817,-31.9883,106.0,8,1420.0
538008115,1713562423,23.793867,-31.9706,107.0,8,1400.0
538008115,1713562506,23.7908,-31.96785,107.0,8,1400.0
538008115,1713562725,23.782301,-31.9603,108.0,8,1400.0
538008115,1713562785,23.780001,-31.95825,108.0,8,1400.0
538008115,1713562955,23.77335,-31.952316,107.0,8,1400.0
538008115,1713563045,23.769833,-31.949183,107.0,8,1400.0
538008115,1713563396,23.756083,-31.937033,108.0,8,1400.0
538008115,1713563425,23.75495,-31.936033,108.0,8,1410.0
538008115,1713563815,23.739651,-31.922449,108.0,8,1410.0
538008115,1713564055,23.730101,-31.91415,109.0,8,1410.0
538008115,1713564156,23.7262,-31.910667,109.0,8,1400.0
538008115,1713564353,23.718433,-31.90365,108.0,8,1400.0
538008115,1713564476,23.713751,-31.899517,108.0,8,1410.0
538008115,1713564603,23.708467,-31.89525,108.0,8,1430.0
538008115,1713564672,23.705618,-31.893,108.0,8,1430.0
538008115,1713564824,23.699551,-31.888117,108.0,8,1430.0
538008115,1713564864,23.69795,-31.886818,108.0,8,1430.0
538008115,1713565045,23.6919,-31.881933,108.0,8,1430.0
538008115,1713565184,23.684917,-31.876417,108.0,8,1430.0
538008115,1713565466,23.6737,-31.86725,107.0,8,1410.0
538008115,1713565572,23.669483,-31.863483,107.0,8,1390.0
538008115,1713565674,23.665701,-31.860018,108.0,8,1400.0
538008115,1713566097,23.649332,-31.845318,109.0,8,1400.0
538008115,1713566134,23.647783,-31.843933,109.0,8,1400.0
538008115,1713566274,23.642317,-31.83905,109.0,8,1400.0
538008115,1713566704,23.625418,-31.824118,109.0,8,1410.0
538008115,1713566965,23.6152,-31.815216,109.0,8,1410.0
538008115,1713567294,23.6022,-31.803749,109.0,8,1400.0
538008115,1713567454,23.5958,-31.798134,110.0,8,1410.0
538008115,1713567867,23.579517,-31.783783,110.0,8,1410.0
538008115,1713568277,23.563232,-31.7694,110.0,8,1420.0
538008115,1713568654,23.547701,-31.756666,110.0,8,1420.0
538008115,1713568885,23.538483,-31.748684,110.0,8,1410.0
538008115,1713568975,23.534817,-31.745518,110.0,8,1410.0
538008115,1713569096,23.529984,-31.74135,111.0,8,1410.0
538008115,1713569207,23.525551,-31.737516,111.0,8,1410.0
538008115,1713569331,23.520283,-31.733032,111.0,8,1420.0
538008115,1713569341,23.519917,-31.732718,111.0,8,1420.0
538008115,1713569360,23.519117,-31.73205,111.0,8,1420.0
538008115,1713569361,23.519117,-31.73205,111.0,8,1420.0
538008115,1713569391,23.517834,-31.730967,111.0,8,1420.0
538008115,1713569392,23.517834,-31.730967,111.0,8,1420.0
538008115,1713569420,23.516684,-31.73,111.0,8,1420.0
538008115,1713569421,23.516684,-31.73,111.0,8,1420.0
538008115,1713569430,23.516283,-31.729668,111.0,8,1420.0
538008115,1713569451,23.515417,-31.728951,111.0,8,1420.0
538008115,1713569452,23.515417,-31.728951,111.0,8,1420.0
538008115,1713569461,23.514967,-31.728582,111.0,8,1420.0
538008115,1713569462,23.514967,-31.728582,111.0,8,1420.0
538008115,1713569471,23.514566,-31.728233,112.0,8,1420.0
538008115,1713569480,23.514183,-31.727934,111.0,8,1420.0
538008115,1713569481,23.514183,-31.727934,111.0,8,1420.0
538008115,1713569490,23.513783,-31.7276,111.0,8,1420.0
538008115,1713569491,23.513783,-31.7276,111.0,8,1420.0
538008115,1713569502,23.513332,-31.727217,112.0,8,1420.0
538008115,1713569521,23.512518,-31.726534,112.0,8,1420.0
538008115,1713569522,23.512518,-31.726534,112.0,8,1420.0
538008115,1713569530,23.51215,-31.726217,112.0,8,1420.0
538008115,1713569550,23.511351,-31.725567,111.0,8,1420.0
538008115,1713569571,23.5105,-31.72485,112.0,8,1420.0
538008115,1713569572,23.5105,-31.72485,112.0,8,1420.0
538008115,1713569590,23.509684,-31.72415,112.0,8,1410.0
538008115,1713569591,23.509684,-31.72415,112.0,8,1410.0
538008115,1713569631,23.507982,-31.722733,111.0,8,1420.0
538008115,1713569641,23.507584,-31.722383,111.0,8,1420.0
538008115,1713569642,23.507584,-31.722383,111.0,8,1420.0
538008115,1713569651,23.507168,-31.722033,111.0,8,1420.0
538008115,1713569691,23.505533,-31.72065,111.0,8,1420.0
538008115,1713569692,23.505533,-31.72065,111.0,8,1420.0
538008115,1713569782,23.501818,-31.717518,111.0,8,1420.0
538008115,1713569801,23.501034,-31.716833,111.0,8,1410.0
538008115,1713569821,23.500267,-31.716167,111.0,8,1420.0
538008115,1713569823,23.500267,-31.716167,111.0,8,1420.0
538008115,1713570083,23.489582,-31.707199,111.0,8,1420.0
538008115,1713570244,23.483,-31.7017,111.0,8,1410.0
538008115,1713570514,23.471817,-31.692533,112.0,8,1420.0
538008115,1713570562,23.469717,-31.690783,112.0,8,1420.0
538008115,1713570742,23.462334,-31.684584,111.0,8,1420.0
538008115,1713570795,23.460251,-31.68285,112.0,8,1420.0
538008115,1713570902,23.455683,-31.679117,112.0,8,1430.0
538008115,1713571022,23.450684,-31.674999,111.0,8,1420.0
538008115,1713571804,23.418383,-31.648233,112.0,8,1420.0
538008115,1713571934,23.413,-31.64365,112.0,8,1410.0
538008115,1713572033,23.408899,-31.640182,112.0,8,1410.0
538008115,1713572113,23.405649,-31.637383,112.0,8,1410.0
538008115,1713572344,23.396366,-31.629066,112.0,8,1400.0
538008115,1713572506,23.389868,-31.623333,112.0,8,1400.0
538008115,1713572595,23.3862,-31.620117,112.0,8,1400.0
538008115,1713572803,23.377617,-31.612682,113.0,8,1410.0
538008115,1713572832,23.3764,-31.611616,112.0,8,1410.0
538008115,1713573013,23.3692,-31.605034,112.0,8,1380.0
538008115,1713573574,23.347433,-31.583782,111.0,8,1370.0
538008115,1713574012,23.330549,-31.567133,110.0,8,1370.0
538008115,1713574147,23.325649,-31.56225,109.0,8,1370.0
538008115,1713574575,23.307934,-31.547716,111.0,8,1440.0
538008115,1713574636,23.305401,-31.545767,111.0,8,1440.0
538008115,1713574951,23.292267,-31.535233,109.0,8,1430.0
538008115,1713574980,23.29105,-31.53425,109.0,8,1430.0
538008115,1713574981,23.29105,-31.53425,109.0,8,1430.0
538008115,1713575001,23.290234,-31.533583,109.0,8,1430.0
538008115,1713575011,23.289818,-31.533251,109.0,8,1420.0
538008115,1713575040,23.288651,-31.532301,109.0,8,1420.0
538008115,1713575041,23.288651,-31.532301,109.0,8,1420.0
538008115,1713575061,23.2878,-31.531601,109.0,8,1430.0
538008115,1713575070,23.287382,-31.531282,109.0,8,1430.0
538008115,1713575071,23.287382,-31.531282,109.0,8,1430.0
538008115,1713575081,23.286934,-31.530916,109.0,8,1430.0
538008115,1713575082,23.286934,-31.530916,109.0,8,1430.0
538008115,1713575092,23.286516,-31.530582,109.0,8,1430.0
538008115,1713575100,23.28615,-31.5303,109.0,8,1430.0
538008115,1713575130,23.284918,-31.529301,109.0,8,1430.0
538008115,1713575131,23.284918,-31.529301,109.0,8,1430.0
538008115,1713575141,23.284468,-31.52895,109.0,8,1430.0
538008115,1713575142,23.284468,-31.52895,109.0,8,1430.0
538008115,1713575151,23.28405,-31.528633,110.0,8,1430.0
538008115,1713575152,23.28405,-31.528633,110.0,8,1430.0
538008115,1713575160,23.283716,-31.528366,109.0,8,1430.0
538008115,1713575182,23.282818,-31.527651,110.0,8,1430.0
538008115,1713575184,23.282818,-31.527651,110.0,8,1430.0
538008115,1713575191,23.282482,-31.527399,110.0,8,1430.0
538008115,1713575220,23.2812,-31.526382,109.0,8,1430.0
538008115,1713575242,23.280333,-31.525717,109.0,8,1440.0
538008115,1713575251,23.279917,-31.525383,109.0,8,1440.0
538008115,1713575261,23.279499,-31.525066,109.0,8,1440.0
538008115,1713575262,23.279499,-31.525066,109.0,8,1440.0
538008115,1713575271,23.2791,-31.52475,109.0,8,1440.0
538008115,1713575272,23.2791,-31.52475,109.0,8,1440.0
538008115,1713575280,23.278717,-31.524467,109.0,8,1440.0
538008115,1713575292,23.278267,-31.524099,109.0,8,1440.0
538008115,1713575294,23.278267,-31.524099,109.0,8,1440.0
538008115,1713575331,23.276649,-31.522867,109.0,8,1440.0
538008115,1713575332,23.276649,-31.522867,109.0,8,1440.0
538008115,1713575391,23.274151,-31.520901,109.0,8,1430.0
538008115,1713575392,23.274151,-31.520901,109.0,8,1430.0
538008115,1713575944,23.252016,-31.502916,107.0,8,1390.0
538008115,1713576074,23.247066,-31.498432,107.0,8,1400.0
538008115,1713576403,23.234249,-31.487034,107.0,8,1400.0
538008115,1713576525,23.229633,-31.482866,107.0,8,1400.0
538008115,1713576565,23.2281,-31.481483,107.0,8,1400.0
538008115,1713576685,23.223433,-31.477417,107.0,8,1410.0
538008115,1713577223,23.202383,-31.459183,107.0,8,1410.0
538008115,1713577524,23.190582,-31.449217,107.0,8,1420.0
538008115,1713577584,23.188217,-31.447233,107.0,8,1420.0
538008115,1713577723,23.182632,-31.4426,107.0,8,1410.0
538008115,1713577794,23.179867,-31.440201,107.0,8,1410.0
538008115,1713578821,23.139299,-31.405001,108.0,8,1400.0
538008115,1713579055,23.130251,-31.396982,108.0,8,1400.0
538008115,1713579244,23.122868,-31.390467,108.0,8,1400.0
538008115,1713579363,23.118134,-31.386368,108.0,8,1410.0
538008115,1713579495,23.11305,-31.381918,108.0,8,1410.0
538008115,1713580302,23.081333,-31.354168,108.0,8,1400.0
538008115,1713580844,23.060101,-31.336018,107.0,8,1410.0
538008115,1713580894,23.058117,-31.334333,107.0,8,1410.0
538008115,1713580955,23.055717,-31.3323,107.0,8,1420.0
538008115,1713581275,23.043217,-31.321899,106.0,8,1410.0
538008115,1713581383,23.038918,-31.318317,106.0,8,1410.0
538008115,1713581447,23.036551,-31.316282,106.0,8,1420.0
538008115,1713581555,23.032217,-31.3127,105.0,8,1420.0
538008115,1713581617,23.0299,-31.310766,106.0,8,1420.0
538008115,1713581956,23.016783,-31.299549,105.0,8,1410.0
538008115,1713582366,23.001066,-31.285917,105.0,8,1400.0
538008115,1713582534,22.994583,-31.280268,105.0,8,1410.0
538008115,1713582575,22.993017,-31.278917,105.0,8,1410.0
538008115,1713582704,22.98805,-31.274651,105.0,8,1410.0
538008115,1713582865,22.981916,-31.269251,105.0,8,1410.0
538008115,1713583243,22.967266,-31.256832,105.0,8,1420.0
538008115,1713583364,22.962732,-31.252934,104.0,8,1400.0
538008115,1713583482,22.9582,-31.248882,104.0,8,1400.0
538008115,1713583662,22.951384,-31.242901,105.0,8,1400.0
538008115,1713583686,22.950533,-31.242149,105.0,8,1400.0
538008115,1713584386,22.9237,-31.218718,106.0,8,1410.0
538008115,1713584592,22.9156,-31.211567,107.0,8,1400.0
538008115,1713584644,22.913651,-31.209818,107.0,8,1400.0
538008115,1713584772,22.908667,-31.205366,107.0,8,1400.0
538008115,1713585694,22.872133,-31.174667,107.0,8,1410.0
538008115,1713585793,22.868217,-31.171249,107.0,8,1410.0
538008115,1713586181,22.853201,-31.158251,107.0,8,1410.0
538008115,1713586395,22.844999,-31.151068,107.0,8,1400.0
538008115,1713586544,22.839233,-31.146084,107.0,8,1410.0
538008115,1713586744,22.831284,-31.139549,107.0,8,1410.0
538008115,1713586775,22.830099,-31.13855,107.0,8,1420.0
538008115,1713587222,22.813534,-31.124701,107.0,8,1420.0
538008115,1713587545,22.799883,-31.113083,107.0,8,1410.0
538008115,1713587635,22.796284,-31.110033,107.0,8,1420.0
538008115,1713587885,22.786501,-31.101732,108.0,8,1410.0
538008115,1713587965,22.783251,-31.099016,108.0,8,1420.0
538008115,1713588254,22.771667,-31.089251,109.0,8,1410.0
538008115,1713588317,22.7693,-31.0872,108.0,8,1410.0
538008115,1713588464,22.763399,-31.0821,109.0,8,1410.0
538008115,1713588513,22.7614,-31.0804,108.0,8,1410.0
538008115,1713588574,22.759018,-31.0784,108.0,8,1420.0
538008115,1713588726,22.753082,-31.073383,108.0,8,1410.0
538008115,1713588846,22.748283,-31.069267,108.0,8,1410.0
538008115,1713589424,22.725533,-31.049351,108.0,8,1400.0
538008115,1713589452,22.72435,-31.048317,109.0,8,1400.0
538008115,1713589575,22.719618,-31.044184,109.0,8,1410.0
538008115,1713589602,22.718399,-31.04315,109.0,8,1410.0
538008115,1713590015,22.70225,-31.02895,109.0,8,1390.0
538008115,1713590266,22.692417,-31.020218,109.0,8,1410.0
538008115,1713590593,22.679417,-31.008783,108.0,8,1400.0
538008115,1713590875,22.668682,-30.999067,108.0,8,1400.0
538008115,1713591014,22.663168,-30.994217,108.0,8,1410.0
538008115,1713591465,22.645451,-30.979116,108.0,8,1410.0
538008115,1713591592,22.640284,-30.974701,108.0,8,1410.0
538008115,1713591694,22.636383,-30.971367,108.0,8,1410.0
538008115,1713592212,22.625933,-30.962618,108.0,8,1420.0
538008115,1713592413,22.620001,-30.957617,108.0,8,1420.0
538008115,1713592629,22.613283,-30.951918,108.0,8,1410.0
538008115,1713592841,22.591183,-30.932667,107.0,8,1400.0
538008115,1713592945,22.587267,-30.929182,107.0,8,1400.0
538008115,1713593163,22.578817,-30.921783,106.0,8,1400.0
538008115,1713593263,22.574917,-30.918383,106.0,8,1410.0
538008115,1713593325,22.572617,-30.916433,106.0,8,1410.0
538008115,1713593995,22.546618,-30.89415,106.0,8,1410.0
538008115,1713594454,22.528767,-30.878799,107.0,8,1410.0
538008115,1713594524,22.526068,-30.876534,106.0,8,1410.0
538008115,1713594903,22.511101,-30.863951,106.0,8,1410.0
538008115,1713594944,22.509583,-30.86265,106.0,8,1410.0
538008115,1713595124,22.502666,-30.856649,106.0,8,1410.0
538008115,1713595243,22.498083,-30.8526,106.0,8,1400.0
538008115,1713595436,22.490732,-30.846201,106.0,8,1400.0
538008115,1713595496,22.488449,-30.844217,105.0,8,1400.0
538008115,1713595913,22.472433,-30.830383,105.0,8,1410.0
538008115,1713596056,22.467051,-30.8258,105.0,8,1410.0
538008115,1713596309,22.457317,-30.81765,105.0,8,1420.0
538008115,1713597105,22.426649,-30.791933,103.0,8,1410.0
538008115,1713597224,22.422167,-30.788099,103.0,8,1410.0
538008115,1713597503,22.411751,-30.779083,102.0,8,1410.0
538008115,1713597764,22.402117,-30.770651,102.0,8,1400.0
538008115,1713597873,22.398216,-30.767151,102.0,8,1400.0
538008115,1713598053,22.391533,-30.761284,102.0,8,1400.0
538008115,1713598196,22.386267,-30.756701,102.0,8,1410.0
538008115,1713598994,22.356483,-30.731133,102.0,8,1400.0
538008115,1713599045,22.354601,-30.729483,102.0,8,1400.0
538008115,1713599145,22.350918,-30.72625,103.0,8,1410.0
538008115,1713599445,22.33955,-30.716682,103.0,8,1420.0
538008115,1713599517,22.336884,-30.714451,103.0,8,1420.0
538008115,1713599625,22.332649,-30.711,103.0,8,1430.0
538008115,1713599824,22.325068,-30.70475,102.0,8,1420.0
538008115,1713599925,22.321266,-30.7015,102.0,8,1410.0
538008115,1713600125,22.3139,-30.695118,103.0,8,1400.0
538008115,1713600384,22.30415,-30.686867,103.0,8,1420.0
538008115,1713600394,22.303682,-30.686483,103.0,8,1420.0
538008115,1713600495,22.299883,-30.6833,103.0,8,1420.0
538008115,1713600577,22.296801,-30.68075,103.0,8,1420.0
538008115,1713600705,22.291967,-30.676666,103.0,8,1410.0
538008115,1713600877,22.285467,-30.671249,103.0,8,1410.0
538008115,1713600927,22.283583,-30.669683,103.0,8,1410.0
538008115,1713602205,22.233816,-30.629551,104.0,8,1430.0
538008115,1713602484,22.223049,-30.620466,104.0,8,1400.0
538008115,1713602497,22.222683,-30.620132,104.0,8,1400.0
538008115,1713602706,22.214817,-30.613033,104.0,8,1390.0
538008115,1713602722,22.214083,-30.612333,104.0,8,1390.0
538008115,1713602766,22.212618,-30.610968,104.0,8,1380.0
538008115,1713603014,22.20355,-30.602118,105.0,8,1370.0
538008115,1713603204,22.196583,-30.595551,105.0,8,1390.0
538008115,1713603324,22.19215,-30.591351,105.0,8,1380.0
538008115,1713603554,22.183649,-30.583317,106.0,8,1380.0
538008115,1713603723,22.17725,-30.577433,106.0,8,1390.0
538008115,1713604026,22.165583,-30.567499,107.0,8,1430.0
538008115,1713604144,22.160833,-30.563633,107.0,8,1420.0
538008115,1713604272,22.155701,-30.559334,107.0,8,1410.0
538008115,1713604436,22.1493,-30.554167,107.0,8,1430.0
538008115,1713604653,22.140667,-30.547068,107.0,8,1420.0
538008115,1713604735,22.137501,-30.54425,106.0,8,1410.0
538008115,1713604825,22.134117,-30.541317,106.0,8,1400.0
538008115,1713605065,22.125032,-30.533083,106.0,8,1390.0
538008115,1713605095,22.123934,-30.532084,106.0,8,1390.0
538008115,1713605194,22.120117,-30.52865,106.0,8,1400.0
538008115,1713605297,22.116333,-30.525267,106.0,8,1400.0
538008115,1713606946,22.052616,-30.471132,105.0,8,1400.0
538008115,1713607294,22.03915,-30.459517,106.0,8,1410.0
538008115,1713607354,22.036818,-30.457567,106.0,8,1420.0
538008115,1713607394,22.035334,-30.456318,106.0,8,1410.0
538008115,1713607524,22.030167,-30.452,106.0,8,1410.0
538008115,1713607865,22.017,-30.440733,107.0,8,1410.0
538008115,1713607975,22.012684,-30.437099,107.0,8,1410.0
538008115,1713608165,22.005318,-30.430782,107.0,8,1410.0
538008115,1713608224,22.003,-30.428801,107.0,8,1410.0
538008115,1713608415,21.995583,-30.422318,106.0,8,1410.0
538008115,1713608485,21.99275,-30.42,107.0,8,1420.0
538008115,1713608645,21.986401,-30.414801,108.0,8,1420.0
538008115,1713608755,21.982134,-30.41115,108.0,8,1400.0
538008115,1713608955,21.9743,-30.404284,108.0,8,1400.0
538008115,1713609416,21.95635,-30.388634,108.0,8,1400.0
538008115,1713610026,21.932467,-30.368,108.0,8,1410.0
538008115,1713610385,21.918501,-30.355867,108.0,8,1400.0
538008115,1713610982,21.8948,-30.33625,107.0,8,1420.0
538008115,1713611145,21.888533,-30.330967,107.0,8,1410.0
538008115,1713611202,21.886183,-30.328934,106.0,8,1410.0
538008115,1713611261,21.8839,-30.327,106.0,8,1410.0
538008115,1713611331,21.881233,-30.324699,106.0,8,1410.0
538008115,1713611796,21.863251,-30.309683,107.0,8,1420.0
538008115,1713612197,21.8475,-30.296717,106.0,8,1420.0
538008115,1713612686,21.82855,-30.280701,106.0,8,1410.0
538008115,1713613562,21.794718,-30.251751,106.0,8,1420.0
538008115,1713613853,21.783367,-30.242367,105.0,8,1420.0
538008115,1713614044,21.776068,-30.236082,105.0,8,1400.0
538008115,1713614244,21.768383,-30.229366,106.0,8,1410.0
538008115,1713614386,21.76285,-30.224817,106.0,8,1420.0
538008115,1713614824,21.745716,-30.210199,107.0,8,1410.0
538008115,1713614946,21.741133,-30.206249,107.0,8,1410.0
538008115,1713615076,21.736,-30.201918,107.0,8,1420.0
538008115,1713615103,21.7348,-30.200933,108.0,8,1420.0
538008115,1713615154,21.7328,-30.199318,108.0,8,1420.0
538008115,1713615375,21.724033,-30.192118,108.0,8,1420.0
538008115,1713615585,21.715816,-30.185049,108.0,8,1400.0
538008115,1713615734,21.709867,-30.179899,108.0,8,1400.0
538008115,1713615756,21.709133,-30.179268,108.0,8,1410.0
538008115,1713615775,21.708384,-30.178617,108.0,8,1410.0
538008115,1713615924,21.70245,-30.173567,108.0,8,1410.0
538008115,1713616176,21.692499,-30.165182,108.0,8,1410.0
538008115,1713616215,21.690968,-30.163883,108.0,8,1410.0
538008115,1713616357,21.685333,-30.159149,107.0,8,1410.0
538008115,1713616586,21.676332,-30.15135,108.0,8,1410.0
538008115,1713616716,21.6712,-30.14695,108.0,8,1400.0
538008115,1713618863,21.58625,-30.074499,108.0,8,1410.0
538008115,1713619114,21.576233,-30.066233,108.0,8,1420.0
538008115,1713619235,21.571518,-30.0623,108.0,8,1410.0
538008115,1713619322,21.567949,-30.059334,108.0,8,1420.0
538008115,1713619965,21.542049,-30.038683,107.0,8,1430.0
538008115,1713620025,21.539618,-30.036734,107.0,8,1430.0
538008115,1713620144,21.534767,-30.032833,107.0,8,1420.0
538008115,1713620306,21.528366,-30.027517,108.0,8,1410.0
538008115,1713620629,21.515766,-30.01685,107.0,8,1420.0
538008115,1713621304,21.488832,-29.994484,106.0,8,1410.0
538008115,1713621434,21.483717,-29.990101,106.0,8,1410.0
538008115,1713621763,21.471067,-29.979,107.0,8,1400.0
538008115,1713621833,21.468317,-29.976583,106.0,8,1410.0
538008115,1713621902,21.4657,-29.9743,106.0,8,1410.0
538008115,1713622013,21.461433,-29.970568,106.0,8,1410.0
538008115,1713622082,21.45875,-29.968218,106.0,8,1400.0
538008115,1713622416,21.446051,-29.957083,106.0,8,1400.0
538008115,1713622502,21.442533,-29.954149,106.0,8,1430.0
538008115,1713622625,21.437683,-29.950417,106.0,8,1440.0
538008115,1713622666,21.436117,-29.949217,106.0,8,1440.0
538008115,1713622705,21.4345,-29.947983,106.0,8,1440.0
538008115,1713622943,21.424767,-29.940582,106.0,8,1440.0
538008115,1713623063,21.419901,-29.936867,106.0,8,1440.0
538008115,1713623244,21.41275,-29.93125,106.0,8,1430.0
538008115,1713623317,21.409849,-29.929033,106.0,8,1440.0
538008115,1713623497,21.40255,-29.923599,105.0,8,1450.0
538008115,1713623753,21.392166,-29.915483,106.0,8,1430.0
538008115,1713624604,21.357166,-29.889482,108.0,8,1440.0
538008115,1713624685,21.3538,-29.886967,107.0,8,1450.0
538008115,1713624863,21.3463,-29.881433,108.0,8,1450.0
538008115,1713625164,21.333918,-29.872032,108.0,8,1450.0
538008115,1713625254,21.330168,-29.869183,109.0,8,1440.0
538008115,1713626085,21.295282,-29.843416,109.0,8,1460.0
538008115,1713626235,21.288918,-29.8388,110.0,8,1450.0
538008115,1713626367,21.283434,-29.834633,110.0,8,1430.0
538008115,1713626602,21.273518,-29.826967,110.0,8,1450.0
538008115,1713626625,21.272633,-29.8263,110.0,8,1450.0
538008115,1713627092,21.25275,-29.81175,109.0,8,1440.0
538008115,1713627163,21.249832,-29.8095,110.0,8,1430.0
538008115,1713631366,21.076401,-29.675949,109.0,8,1460.0
538008115,1713631484,21.071301,-29.6723,108.0,8,1450.0
538008115,1713632053,21.047632,-29.654583,107.0,8,1450.0
538008115,1713632479,21.0305,-29.641417,107.0,8,1430.0
538008115,1713632566,21.026882,-29.638617,108.0,8,1440.0
538008115,1713632814,21.01655,-29.630751,109.0,8,1440.0
538008115,1713632873,21.014084,-29.628933,109.0,8,1450.0
538008115,1713633145,21.002733,-29.620583,110.0,8,1450.0
538008115,1713633535,20.986683,-29.608049,109.0,8,1430.0
538008115,1713633645,20.982218,-29.604584,109.0,8,1430.0
538008115,1713633767,20.977333,-29.600733,108.0,8,1430.0
538008115,1713634156,20.961533,-29.58835,107.0,8,1440.0
538008115,1713634175,20.960684,-29.5877,107.0,8,1440.0
538008115,1713634227,20.958683,-29.586166,107.0,8,1440.0
538008115,1713634335,20.954166,-29.582767,107.0,8,1440.0
538008115,1713634526,20.946533,-29.576782,107.0,8,1430.0
538008115,1713634643,20.941767,-29.572832,107.0,8,1420.0
538008115,1713634764,20.937,-29.569082,107.0,8,1430.0
538008115,1713635186,20.920017,-29.556101,107.0,8,1440.0
538008115,1713635254,20.917133,-29.553917,107.0,8,1440.0
538008115,1713635446,20.909384,-29.548134,107.0,8,1450.0
538008115,1713635685,20.899633,-29.540617,107.0,8,1430.0
538008115,1713635847,20.893101,-29.5357,107.0,8,1450.0
538008115,1713636014,20.886133,-29.5306,108.0,8,1450.0
538008115,1713636265,20.875917,-29.522882,108.0,8,1440.0
538008115,1713636422,20.869232,-29.517933,109.0,8,1460.0
538008115,1713636477,20.867067,-29.516399,109.0,8,1460.0
538008115,1713636901,20.848932,-29.503599,109.0,8,1460.0
538008115,1713637147,20.838751,-29.496483,109.0,8,1460.0
538008115,1713637425,20.826683,-29.48805,110.0,8,1460.0
538008115,1713637548,20.821501,-29.484367,110.0,8,1460.0
538008115,1713637787,20.811382,-29.477118,110.0,8,1460.0
538008115,1713637895,20.806717,-29.473867,110.0,8,1470.0
538008115,1713638626,20.776867,-29.450466,109.0,8,1410.0
538008115,1713638683,20.7745,-29.44845,109.0,8,1410.0
538008115,1713639085,20.758682,-29.4349,109.0,8,1410.0
538008115,1713639126,20.757084,-29.43355,109.0,8,1410.0
538008115,1713639246,20.7523,-29.429533,109.0,8,1410.0
538008115,1713639326,20.7491,-29.426849,109.0,8,1410.0
538008115,1713639336,20.748699,-29.4265,109.0,8,1410.0
538008115,1713640107,20.71685,-29.402,109.0,8,1440.0
538008115,1713640290,20.709333,-29.396383,109.0,8,1450.0
538008115,1713640494,20.700583,-29.389851,109.0,8,1440.0
538008115,1713640686,20.692617,-29.383966,109.0,8,1450.0
538008115,1713640714,20.691351,-29.383051,110.0,8,1450.0
538008115,1713641024,20.678333,-29.373432,110.0,8,1440.0
538008115,1713641557,20.656282,-29.3566,109.0,8,1440.0
538008115,1713641662,20.651699,-29.353117,108.0,8,1430.0
538008115,1713642454,20.619049,-29.327566,110.0,8,1440.0
538008115,1713642622,20.612017,-29.322132,110.0,8,1430.0
538008115,1713642655,20.610733,-29.321133,110.0,8,1430.0
538008115,1713642817,20.6042,-29.315901,110.0,8,1430.0
538008115,1713642934,20.599182,-29.31205,110.0,8,1440.0
538008115,1713643033,20.594982,-29.308832,110.0,8,1440.0
538008115,1713643135,20.59075,-29.305616,110.0,8,1430.0
538008115,1713643206,20.587933,-29.30345,110.0,8,1430.0
538008115,1713643256,20.585768,-29.30175,110.0,8,1430.0
538008115,1713643334,20.58255,-29.299183,110.0,8,1430.0
538008115,1713643444,20.577967,-29.295532,111.0,8,1430.0
538008115,1713643556,20.57325,-29.292067,111.0,8,1450.0
538008115,1713643646,20.569517,-29.289333,111.0,8,1440.0
538008115,1713643775,20.563917,-29.285151,111.0,8,1450.0
538008115,1713643895,20.558783,-29.281433,112.0,8,1450.0
538008115,1713643993,20.554483,-29.278316,112.0,8,1450.0
538008115,1713644019,20.553551,-29.277617,112.0,8,1450.0
538008115,1713644303,20.541201,-29.268368,112.0,8,1440.0
538008115,1713644363,20.538601,-29.266399,112.0,8,1440.0
538008115,1713644887,20.516167,-29.249916,112.0,8,1450.0
538008115,1713645034,20.509783,-29.245132,112.0,8,1440.0
538008115,1713645304,20.498333,-29.236517,112.0,8,1440.0
538008115,1713646025,20.468018,-29.212933,111.0,8,1430.0
538008115,1713646085,20.465532,-29.210934,111.0,8,1420.0
538008115,1713646663,20.441217,-29.192167,111.0,8,1440.0
538008115,1713646808,20.435284,-29.187651,111.0,8,1430.0
538008115,1713646953,20.429068,-29.182817,110.0,8,1430.0
538008115,1713647227,20.418016,-29.174116,110.0,8,1430.0
538008115,1713647534,20.405333,-29.164284,109.0,8,1430.0
538008115,1713648256,20.375784,-29.141768,108.0,8,1440.0
538008115,1713648325,20.3729,-29.139584,109.0,8,1440.0
538008115,1713648535,20.364134,-29.133118,109.0,8,1450.0
538008115,1713648764,20.354549,-29.126051,110.0,8,1440.0
538008115,1713649124,20.3398,-29.114517,108.0,8,1420.0
538008115,1713649443,20.326668,-29.104668,106.0,8,1450.0
538008115,1713649812,20.311399,-29.093651,106.0,8,1440.0
538008115,1713650082,20.300533,-29.08535,106.0,8,1440.0
538008115,1713650432,20.286449,-29.074467,106.0,8,1430.0
538008115,1713650492,20.284018,-29.072634,106.0,8,1440.0
538008115,1713650598,20.279867,-29.06955,106.0,8,1440.0
538008115,1713650864,20.268932,-29.061283,106.0,8,1440.0
538008115,1713650992,20.2637,-29.057182,106.0,8,1430.0
538008115,1713651082,20.260117,-29.054417,107.0,8,1440.0
538008115,1713651545,20.241501,-29.040216,106.0,8,1430.0
538008115,1713651701,20.234934,-29.035282,106.0,8,1440.0
538008115,1713652134,20.217649,-29.021917,106.0,8,1440.0
538008115,1713652282,20.21175,-29.017282,105.0,8,1430.0
538008115,1713652465,20.204468,-29.011566,105.0,8,1430.0
538008115,1713652524,20.202133,-29.009733,105.0,8,1430.0
538008115,1713652696,20.195267,-29.004683,105.0,8,1450.0
538008115,1713652787,20.19165,-29.002083,105.0,8,1450.0
538008115,1713652866,20.188334,-28.99975,105.0,8,1460.0
538008115,1713652934,20.185516,-28.997766,105.0,8,1460.0
538008115,1713653353,20.168484,-28.98535,106.0,8,1460.0
538008115,1713653445,20.164801,-28.982616,106.0,8,1440.0
538008115,1713653524,20.161568,-28.9802,105.0,8,1440.0
538008115,1713653563,20.159967,-28.979,105.0,8,1440.0
538008115,1713653674,20.155466,-28.975634,106.0,8,1440.0
538008115,1713653730,20.153084,-28.973833,106.0,8,1440.0
538008115,1713653731,20.153084,-28.973833,106.0,8,1440.0
538008115,1713653740,20.152666,-28.973534,107.0,8,1440.0
538008115,1713653760,20.15185,-28.972933,106.0,8,1450.0
538008115,1713653770,20.151434,-28.972633,106.0,8,1440.0
538008115,1713653771,20.151434,-28.972633,106.0,8,1440.0
538008115,1713653800,20.150249,-28.97175,106.0,8,1450.0
538008115,1713653801,20.150249,-28.97175,106.0,8,1450.0
538008115,1713653820,20.14945,-28.971149,107.0,8,1440.0
538008115,1713653841,20.14855,-28.970484,107.0,8,1450.0
538008115,1713653850,20.148132,-28.970182,107.0,8,1450.0
538008115,1713653851,20.148132,-28.970182,107.0,8,1450.0
538008115,1713653870,20.147367,-28.969601,107.0,8,1440.0
538008115,1713653891,20.146532,-28.969,107.0,8,1450.0
538008115,1713653930,20.144934,-28.967817,107.0,8,1450.0
538008115,1713653950,20.144068,-28.967182,107.0,8,1450.0
538008115,1713653990,20.142418,-28.965967,107.0,8,1440.0
538008115,1713653991,20.142418,-28.965967,107.0,8,1440.0
538008115,1713654000,20.142017,-28.965668,107.0,8,1440.0
538008115,1713654031,20.140766,-28.964701,107.0,8,1440.0
538008115,1713654060,20.139584,-28.963818,107.0,8,1440.0
538008115,1713654061,20.139584,-28.963818,107.0,8,1440.0
538008115,1713654071,20.139183,-28.963516,107.0,8,1440.0
538008115,1713654072,20.139183,-28.963516,107.0,8,1440.0
538008115,1713654131,20.136683,-28.961634,107.0,8,1440.0
538008115,1713654132,20.136683,-28.961634,107.0,8,1440.0
538008115,1713654685,20.114233,-28.944851,107.0,8,1440.0
538008115,1713654762,20.110968,-28.94235,106.0,8,1430.0
538008115,1713654824,20.108549,-28.940483,107.0,8,1440.0
538008115,1713655016,20.100834,-28.93465,106.0,8,1440.0
538008115,1713655123,20.096483,-28.931284,106.0,8,1420.0
538008115,1713655364,20.086901,-28.923782,104.0,8,1440.0
538008115,1713655434,20.084101,-28.921682,106.0,8,1440.0
538008115,1713656366,20.046467,-28.8934,106.0,8,1430.0
538008115,1713656806,20.028883,-28.879967,105.0,8,1430.0
538008115,1713656925,20.024082,-28.876333,105.0,8,1440.0
538008115,1713657266,20.010483,-28.866167,105.0,8,1460.0
538008115,1713657395,20.005318,-28.8624,104.0,8,1450.0
538008115,1713657484,20.001682,-28.859716,104.0,8,1440.0
538008115,1713657554,19.998917,-28.857683,105.0,8,1450.0
538008115,1713657724,19.991983,-28.852682,105.0,8,1450.0
538008115,1713657874,19.985817,-28.848333,105.0,8,1460.0
538008115,1713657914,19.984217,-28.847233,105.0,8,1460.0
538008115,1713658284,19.969267,-28.83625,104.0,8,1440.0
538008115,1713658542,19.958866,-28.8284,106.0,8,1440.0
538008115,1713658682,19.953182,-28.8242,106.0,8,1440.0
538008115,1713658745,19.950768,-28.822433,105.0,8,1450.0
538008115,1713659251,19.930367,-28.806749,106.0,8,1430.0
538008115,1713659271,19.92955,-28.80615,106.0,8,1430.0
538008115,1713659281,19.929167,-28.805834,106.0,8,1440.0
538008115,1713659301,19.92835,-28.805218,105.0,8,1440.0
538008115,1713659331,19.927134,-28.804317,105.0,8,1440.0
538008115,1713659341,19.926733,-28.804001,105.0,8,1440.0
538008115,1713659352,19.926283,-28.803682,105.0,8,1440.0
538008115,1713659371,19.92555,-28.803133,105.0,8,1440.0
538008115,1713659381,19.925133,-28.802851,105.0,8,1450.0
538008115,1713659421,19.923468,-28.801634,105.0,8,1450.0
538008115,1713659431,19.923067,-28.801332,105.0,8,1450.0
538008115,1713659441,19.922649,-28.801033,105.0,8,1450.0
538008115,1713659451,19.922251,-28.800734,105.0,8,1450.0
538008115,1713659481,19.921034,-28.79985,105.0,8,1450.0
538008115,1713659491,19.920633,-28.799549,105.0,8,1450.0
538008115,1713659501,19.920233,-28.79925,105.0,8,1450.0
538008115,1713659521,19.919434,-28.798651,104.0,8,1440.0
538008115,1713659541,19.918633,-28.79805,104.0,8,1440.0
538008115,1713659561,19.917833,-28.797449,105.0,8,1440.0
538008115,1713659571,19.917418,-28.79715,104.0,8,1440.0
538008115,1713659581,19.916983,-28.796818,104.0,8,1440.0
538008115,1713659601,19.916183,-28.796217,104.0,8,1440.0
538008115,1713659612,19.915783,-28.795918,104.0,8,1440.0
538008115,1713659621,19.915417,-28.79565,104.0,8,1440.0
538008115,1713659631,19.915016,-28.795334,104.0,8,1440.0
538008115,1713659652,19.914183,-28.794701,104.0,8,1440.0
538008115,1713659661,19.913816,-28.794434,104.0,8,1440.0
538008115,1713659672,19.913418,-28.794132,104.0,8,1440.0
538008115,1713659681,19.913017,-28.793818,104.0,8,1440.0
538008115,1713659691,19.912617,-28.793516,104.0,8,1440.0
538008115,1713659712,19.911783,-28.792868,104.0,8,1430.0
538008115,1713659721,19.911383,-28.792566,104.0,8,1440.0
538008115,1713659732,19.910982,-28.792267,104.0,8,1440.0
538008115,1713659741,19.910633,-28.792,104.0,8,1440.0
538008115,1713659751,19.910233,-28.7917,104.0,8,1430.0
538008115,1713659781,19.909033,-28.7908,104.0,8,1440.0
538008115,1713659801,19.908266,-28.790216,104.0,8,1440.0
538008115,1713659811,19.907818,-28.7899,104.0,8,1440.0
538008115,1713660122,19.895483,-28.780451,104.0,8,1430.0
538008115,1713660354,19.88625,-28.773382,105.0,8,1440.0
538008115,1713660495,19.880617,-28.769068,106.0,8,1430.0
538008115,1713660622,19.875433,-28.764982,106.0,8,1430.0
538008115,1713660733,19.870968,-28.761517,107.0,8,1430.0
538008115,1713660815,19.867733,-28.759001,107.0,8,1430.0
538008115,1713660965,19.861717,-28.7542,106.0,8,1420.0
538008115,1713661036,19.858967,-28.752001,107.0,8,1420.0
538008115,1713661396,19.844299,-28.740467,108.0,8,1440.0
538008115,1713661493,19.8403,-28.737482,108.0,8,1440.0
538008115,1713662085,19.81625,-28.718817,107.0,8,1420.0
538008115,1713662424,19.802433,-28.70805,108.0,8,1440.0
538008115,1713663255,19.768267,-28.681984,108.0,8,1420.0
538008115,1713663355,19.764233,-28.678801,108.0,8,1430.0
538008115,1713663604,19.754183,-28.671049,107.0,8,1440.0
538008115,1713664753,19.707533,-28.6362,105.0,8,1420.0
538008115,1713664813,19.705168,-28.6343,105.0,8,1420.0
538008115,1713665055,19.695583,-28.626932,105.0,8,1440.0
538008115,1713665215,19.689266,-28.622084,105.0,8,1440.0
538008115,1713665615,19.673433,-28.609783,105.0,8,1430.0
538008115,1713665715,19.669367,-28.606768,106.0,8,1440.0
538008115,1713665903,19.661716,-28.601151,106.0,8,1450.0
538008115,1713665964,19.659267,-28.599283,106.0,8,1440.0
538008115,1713666174,19.650967,-28.592768,106.0,8,1430.0
538008115,1713666364,19.643267,-28.5868,106.0,8,1430.0
538008115,1713666424,19.640882,-28.584999,106.0,8,1440.0
538008115,1713666603,19.6336,-28.579599,106.0,8,1440.0
538008115,1713666663,19.63125,-28.577784,106.0,8,1440.0
538008115,1713666923,19.62085,-28.569817,106.0,8,1440.0
538008115,1713667033,19.616449,-28.566483,105.0,8,1430.0
538008115,1713667247,19.608217,-28.560118,105.0,8,1430.0
538008115,1713667436,19.600651,-28.554234,104.0,8,1430.0
538008115,1713668822,19.546167,-28.513218,103.0,8,1440.0
538008115,1713668925,19.542217,-28.510218,103.0,8,1440.0
538008115,1713668985,19.5399,-28.50845,103.0,8,1430.0
538008115,1713669094,19.535583,-28.505199,104.0,8,1440.0
538008115,1713669276,19.528433,-28.499916,104.0,8,1450.0
538008115,1713669944,19.501949,-28.480167,104.0,8,1440.0
538008115,1713670037,19.498301,-28.477417,104.0,8,1440.0
538008115,1713670093,19.495934,-28.475651,105.0,8,1440.0
538008115,1713670245,19.489983,-28.471117,105.0,8,1450.0
538008115,1713670396,19.483883,-28.466682,104.0,8,1450.0
538008115,1713670523,19.478718,-28.462833,105.0,8,1440.0
538008115,1713670643,19.473867,-28.459267,105.0,8,1450.0
538008115,1713670813,19.466967,-28.454268,105.0,8,1450.0
538008115,1713671084,19.455917,-28.44635,105.0,8,1460.0
538008115,1713671593,19.435066,-28.431351,105.0,8,1440.0
538008115,1713671655,19.432632,-28.429518,105.0,8,1440.0
538008115,1713672434,19.401382,-28.406,105.0,8,1450.0
538008115,1713672742,19.388983,-28.396566,105.0,8,1440.0
538008115,1713672864,19.384117,-28.392883,106.0,8,1440.0
538008115,1713672985,19.379267,-28.3892,105.0,8,1440.0
538008115,1713673093,19.374849,-28.385767,106.0,8,1430.0
538008115,1713673162,19.372066,-28.383568,106.0,8,1430.0
538008115,1713673342,19.364782,-28.377916,106.0,8,1430.0
538008115,1713673723,19.3493,-28.36615,107.0,8,1450.0
538008115,1713673784,19.3468,-28.3643,107.0,8,1440.0
538008115,1713673877,19.343166,-28.361467,106.0,8,1420.0
538008115,1713674104,19.3339,-28.3542,107.0,8,1430.0
538008115,1713674283,19.326483,-28.348534,107.0,8,1440.0
538008115,1713675034,19.296,-28.32515,106.0,8,1440.0
538008115,1713675302,19.285067,-28.316717,106.0,8,1430.0
538008115,1713675363,19.2827,-28.314917,106.0,8,1430.0
538008115,1713675654,19.270983,-28.305782,107.0,8,1430.0
538008115,1713675833,19.263683,-28.300249,106.0,8,1440.0
538008115,1713676105,19.2528,-28.291782,107.0,8,1430.0
538008115,1713676126,19.251932,-28.291134,107.0,8,1430.0
538008115,1713676295,19.245016,-28.285833,107.0,8,1440.0
538008115,1713676385,19.241217,-28.283051,107.0,8,1450.0
538008115,1713676744,19.226368,-28.271933,108.0,8,1460.0
538008115,1713676883,19.220467,-28.26775,108.0,8,1460.0
538008115,1713677053,19.21335,-28.262632,107.0,8,1450.0
538008115,1713677113,19.21085,-28.260799,107.0,8,1450.0
538008115,1713677233,19.205868,-28.257099,109.0,8,1450.0
538008115,1713677347,19.201218,-28.253817,108.0,8,1460.0
538008115,1713677362,19.200451,-28.253283,109.0,8,1460.0
538008115,1713677722,19.185232,-28.242382,108.0,8,1440.0
538008115,1713677742,19.184366,-28.241734,108.0,8,1440.0
538008115,1713678045,19.171984,-28.23255,108.0,8,1440.0
538008115,1713678128,19.168633,-28.230118,108.0,8,1450.0
538008115,1713678476,19.15395,-28.219418,108.0,8,1440.0
538008115,1713678618,19.1481,-28.215134,108.0,8,1450.0
538008115,1713678806,19.1402,-28.209351,108.0,8,1440.0
538008115,1713678955,19.134068,-28.204599,107.0,8,1420.0
538008115,1713679264,19.121584,-28.19445,108.0,8,1430.0
538008115,1713679394,19.116301,-28.190283,109.0,8,1420.0
538008115,1713679594,19.10825,-28.183634,108.0,8,1420.0
538008115,1713679787,19.100668,-28.177299,109.0,8,1420.0
538008115,1713679872,19.09705,-28.174351,109.0,8,1420.0
538008115,1713680125,19.086767,-28.166233,109.0,8,1430.0
538008115,1713680314,19.079283,-28.15975,109.0,8,1390.0
538008115,1713680687,19.063784,-28.148251,108.0,8,1460.0
538008115,1713681364,19.034901,-28.1276,110.0,8,1450.0
538008115,1713682574,18.983801,-28.090532,109.0,8,1430.0
538008115,1713683081,18.962933,-28.074318,109.0,8,1440.0
538008115,1713683241,18.956284,-28.06945,109.0,8,1440.0
538008115,1713683364,18.951233,-28.065683,110.0,8,1440.0
538008115,1713683558,18.943417,-28.059633,109.0,8,1430.0
538008115,1713683621,18.94055,-28.0574,109.0,8,1430.0
538008115,1713683727,18.936466,-28.054117,109.0,8,1420.0
538008115,1713684116,18.9207,-28.04175,108.0,8,1430.0
538008115,1713684307,18.912983,-28.035749,108.0,8,1440.0
538008115,1713684422,18.908117,-28.032034,108.0,8,1430.0
538008115,1713684503,18.904833,-28.029568,108.0,8,1440.0
538008115,1713684721,18.8955,-28.02305,109.0,8,1450.0
538008115,1713684811,18.891666,-28.020367,109.0,8,1460.0
538008115,1713684945,18.886133,-28.016417,109.0,8,1440.0
538008115,1713684964,18.885267,-28.015766,109.0,8,1450.0
538008115,1713685084,18.880266,-28.012133,109.0,8,1450.0
538008115,1713685294,18.871349,-28.005817,109.0,8,1450.0
538008115,1713686017,18.841267,-27.984133,108.0,8,1460.0
538008115,1713686194,18.833767,-27.97875,108.0,8,1450.0
538008115,1713686294,18.829666,-27.975849,108.0,8,1460.0
538008115,1713686404,18.825018,-27.972668,107.0,8,1460.0
538008115,1713686525,18.820168,-27.968849,108.0,8,1420.0
538008115,1713686545,18.819418,-27.968233,108.0,8,1420.0
538008115,1713686585,18.8179,-27.966967,108.0,8,1410.0
538008115,1713686713,18.812883,-27.962601,108.0,8,1400.0
538008115,1713686824,18.808483,-27.9589,108.0,8,1410.0
538008115,1713686882,18.80615,-27.956966,108.0,8,1410.0
538008115,1713687076,18.798651,-27.950666,107.0,8,1400.0
538008115,1713687165,18.795233,-27.947733,107.0,8,1410.0
538008115,1713687356,18.787884,-27.94145,106.0,8,1410.0
538008115,1713687376,18.787001,-27.940733,106.0,8,1420.0
538008115,1713687496,18.7822,-27.937082,107.0,8,1440.0
538008115,1713687694,18.77405,-27.931017,107.0,8,1450.0
538008115,1713687766,18.771168,-27.928917,107.0,8,1440.0
538008115,1713687824,18.768732,-27.927082,107.0,8,1440.0
538008115,1713687983,18.762266,-27.922182,108.0,8,1440.0
538008115,1713688314,18.748684,-27.912149,107.0,8,1440.0
538008115,1713688426,18.744316,-27.908701,107.0,8,1420.0
538008115,1713688584,18.737766,-27.903732,108.0,8,1450.0
538008115,1713688713,18.732384,-27.900017,108.0,8,1460.0
538008115,1713689003,18.720182,-27.891617,107.0,8,1460.0
538008115,1713689043,18.718451,-27.890467,107.0,8,1470.0
538008115,1713689406,18.7038,-27.879583,108.0,8,1450.0
538008115,1713689487,18.700451,-27.877068,108.0,8,1440.0
538008115,1713689633,18.694332,-27.872633,108.0,8,1450.0
538008115,1713689834,18.686001,-27.8666,108.0,8,1450.0
538008115,1713689895,18.6835,-27.864817,108.0,8,1450.0
538008115,1713689903,18.683132,-27.86455,108.0,8,1450.0
538008115,1713690013,18.678568,-27.861282,108.0,8,1450.0
538008115,1713690073,18.676117,-27.85955,107.0,8,1460.0
538008115,1713690254,18.66865,-27.854099,108.0,8,1440.0
538008115,1713690466,18.66,-27.847733,108.0,8,1450.0
538008115,1713690563,18.655783,-27.844767,108.0,8,1460.0
538008115,1713690815,18.645617,-27.837217,107.0,8,1410.0
538008115,1713691324,18.62565,-27.820833,107.0,8,1440.0
538008115,1713691563,18.615816,-27.813566,107.0,8,1450.0
538008115,1713691717,18.60965,-27.808983,107.0,8,1440.0
538008115,1713691753,18.608049,-27.8078,107.0,8,1440.0
538008115,1713691775,18.607201,-27.80715,107.0,8,1440.0
538008115,1713691874,18.603167,-27.8041,108.0,8,1440.0
538008115,1713692123,18.592833,-27.796482,107.0,8,1440.0
538008115,1713692253,18.587584,-27.7924,108.0,8,1430.0
538008115,1713692333,18.584433,-27.789949,108.0,8,1430.0
538008115,1713692452,18.57955,-27.786234,108.0,8,1440.0
538008115,1713692656,18.571283,-27.780067,107.0,8,1440.0
538008115,1713692686,18.570101,-27.7792,106.0,8,1440.0
538008115,1713692772,18.566467,-27.77655,106.0,8,1450.0
538008115,1713692805,18.56525,-27.77565,106.0,8,1440.0
538008115,1713692837,18.564034,-27.774733,106.0,8,1440.0
538008115,1713692866,18.562782,-27.7738,106.0,8,1440.0
538008115,1713692898,18.561632,-27.772917,106.0,8,1430.0
538008115,1713693147,18.55155,-27.765182,106.0,8,1420.0
538008115,1713693252,18.547234,-27.761883,106.0,8,1430.0
538008115,1713693452,18.539267,-27.755699,106.0,8,1430.0
538008115,1713693582,18.534067,-27.751801,106.0,8,1440.0
538008115,1713693602,18.533216,-27.751167,106.0,8,1440.0
538008115,1713693622,18.53245,-27.750601,106.0,8,1440.0
538008115,1713694748,18.487516,-27.717051,106.0,8,1440.0
538008115,1713694915,18.480717,-27.711901,106.0,8,1440.0
538008115,1713694978,18.478317,-27.710051,106.0,8,1430.0
538008115,1713695056,18.475201,-27.707567,106.0,8,1420.0
538008115,1713695631,18.4519,-27.68985,105.0,8,1440.0
538008115,1713695671,18.450333,-27.688667,106.0,8,1440.0
538008115,1713695681,18.44985,-27.688299,105.0,8,1440.0
538008115,1713696073,18.43425,-27.676533,105.0,8,1440.0
538008115,1713696174,18.430183,-27.673532,106.0,8,1440.0
538008115,1713696353,18.422934,-27.668083,106.0,8,1440.0
538008115,1713696783,18.405582,-27.654966,106.0,8,1430.0
538008115,1713697056,18.394667,-27.646683,106.0,8,1430.0
538008115,1713697483,18.377117,-27.633717,107.0,8,1440.0
538008115,1713697533,18.375084,-27.632133,107.0,8,1430.0
538008115,1713697743,18.366432,-27.625799,108.0,8,1450.0
538008115,1713698068,18.353268,-27.616068,107.0,8,1450.0
538008115,1713698379,18.340483,-27.606833,108.0,0,1440.0
538008115,1713698634,18.329634,-27.599333,107.0,0,1470.0
538008115,1713698726,18.325899,-27.5968,106.0,0,1470.0
538008115,1713698966,18.316151,-27.589916,105.0,0,1460.0
538008115,1713699024,18.31365,-27.5882,105.0,0,1460.0
538008115,1713699115,18.310049,-27.585667,105.0,0,1450.0
538008115,1713699164,18.308001,-27.584183,105.0,0,1450.0
538008115,1713699275,18.303568,-27.580883,105.0,0,1440.0
538008115,1713699343,18.300833,-27.578817,105.0,0,1430.0
538008115,1713699504,18.294518,-27.573982,105.0,0,1440.0
538008115,1713699954,18.276699,-27.560232,106.0,0,1420.0
538008115,1713700065,18.272333,-27.556717,106.0,0,1420.0
538008115,1713700113,18.270468,-27.555201,106.0,0,1420.0
538008115,1713700293,18.263416,-27.549417,107.0,0,1410.0
538008115,1713700353,18.261032,-27.547483,107.0,0,1420.0
538008115,1713700433,18.257799,-27.54495,107.0,0,1430.0
538008115,1713700653,18.248899,-27.538282,107.0,0,1440.0
538008115,1713700692,18.247217,-27.53705,107.0,0,1450.0
538008115,1713700885,18.239483,-27.531282,107.0,0,1440.0
538008115,1713700891,18.239117,-27.531,107.0,0,1440.0
538008115,1713700921,18.2379,-27.5301,107.0,0,1440.0
538008115,1713700922,18.2379,-27.5301,107.0,0,1440.0
538008115,1713700942,18.237049,-27.529467,107.0,0,1440.0
538008115,1713700951,18.236683,-27.5292,107.0,0,1440.0
538008115,1713700961,18.236282,-27.5289,107.0,0,1450.0
538008115,1713700992,18.235018,-27.52795,107.0,0,1440.0
538008115,1713700994,18.235018,-27.52795,107.0,0,1440.0
538008115,1713701011,18.234234,-27.527367,107.0,0,1440.0
538008115,1713701021,18.233784,-27.527018,107.0,0,1440.0
538008115,1713701031,18.233418,-27.526751,107.0,0,1440.0
538008115,1713701041,18.232983,-27.526417,107.0,0,1430.0
538008115,1713701052,18.232582,-27.5261,107.0,0,1430.0
538008115,1713701082,18.2314,-27.5252,107.0,0,1430.0
538008115,1713701091,18.231001,-27.5249,107.0,0,1430.0
538008115,1713701101,18.2306,-27.524599,107.0,0,1430.0
538008115,1713701102,18.2306,-27.524599,107.0,0,1430.0
538008115,1713701112,18.230118,-27.524233,107.0,0,1440.0
538008115,1713701120,18.229799,-27.523983,107.0,0,1430.0
538008115,1713701121,18.229799,-27.523983,107.0,0,1430.0
538008115,1713701131,18.229366,-27.523649,107.0,0,1430.0
538008115,1713701141,18.228951,-27.52335,107.0,0,1440.0
538008115,1713701150,18.228582,-27.523067,107.0,0,1440.0
538008115,1713701151,18.228582,-27.523067,107.0,0,1440.0
538008115,1713701161,18.228149,-27.522734,107.0,0,1430.0
538008115,1713701162,18.228149,-27.522734,107.0,0,1430.0
538008115,1713701172,18.227751,-27.522417,107.0,0,1440.0
538008115,1713701180,18.227383,-27.522133,107.0,0,1430.0
538008115,1713701191,18.226982,-27.521851,107.0,0,1440.0
538008115,1713701221,18.225767,-27.520918,107.0,0,1440.0
538008115,1713701222,18.225767,-27.520918,107.0,0,1440.0
538008115,1713701224,18.225767,-27.520918,107.0,0,1440.0
538008115,1713701232,18.225317,-27.520567,108.0,0,1430.0
538008115,1713701240,18.224966,-27.520283,107.0,0,1430.0
538008115,1713701241,18.224966,-27.520283,107.0,0,1430.0
538008115,1713701251,18.224567,-27.519966,107.0,0,1430.0
538008115,1713701261,18.224167,-27.51965,107.0,0,1430.0
538008115,1713701270,18.223766,-27.51935,107.0,0,1420.0
538008115,1713701271,18.223766,-27.51935,107.0,0,1420.0
538008115,1713701281,18.223333,-27.518984,107.0,0,1420.0
538008115,1713701282,18.223333,-27.518984,107.0,0,1420.0
538008115,1713701292,18.222918,-27.518667,108.0,0,1430.0
538008115,1713701300,18.222567,-27.518383,108.0,0,1420.0
538008115,1713701301,18.222567,-27.518383,108.0,0,1420.0
538008115,1713701321,18.221718,-27.517733,108.0,0,1430.0
538008115,1713701322,18.221718,-27.517733,108.0,0,1430.0
538008115,1713701330,18.22135,-27.517433,108.0,0,1430.0
538008115,1713701331,18.22135,-27.517433,108.0,0,1430.0
538008115,1713701341,18.2209,-27.517099,107.0,0,1430.0
538008115,1713701342,18.2209,-27.517099,107.0,0,1430.0
538008115,1713701351,18.220501,-27.5168,108.0,0,1440.0
538008115,1713701352,18.220501,-27.5168,108.0,0,1440.0
538008115,1713701360,18.220118,-27.5165,108.0,0,1440.0
538008115,1713701361,18.220118,-27.5165,108.0,0,1440.0
538008115,1713701371,18.2197,-27.516184,108.0,0,1440.0
538008115,1713701381,18.21925,-27.51585,107.0,0,1440.0
538008115,1713701382,18.21925,-27.51585,107.0,0,1440.0
538008115,1713701391,18.218884,-27.515568,108.0,0,1440.0
538008115,1713701400,18.218483,-27.515266,108.0,0,1440.0
538008115,1713701411,18.218067,-27.514982,107.0,0,1440.0
538008115,1713701412,18.218067,-27.514982,107.0,0,1440.0
538008115,1713701420,18.217716,-27.514732,108.0,0,1450.0
538008115,1713701421,18.217716,-27.514732,108.0,0,1450.0
538008115,1713701430,18.2173,-27.514433,107.0,0,1440.0
538008115,1713701501,18.214333,-27.512251,108.0,0,1440.0
538008115,1713701511,18.213949,-27.511967,108.0,0,1440.0
538008115,1713701843,18.200333,-27.501984,108.0,0,1440.0
538008115,1713702267,18.183083,-27.489067,108.0,0,1450.0
538008115,1713702394,18.177782,-27.48505,108.0,0,1420.0
538008115,1713702693,18.165667,-27.47575,107.0,0,1440.0
538008115,1713702962,18.154833,-27.467417,106.0,0,1430.0
538008115,1713703205,18.145082,-27.460167,106.0,0,1450.0
538008115,1713703624,18.12785,-27.447783,107.0,0,1450.0
538008115,1713703745,18.12295,-27.44425,107.0,0,1450.0
538008115,1713704116,18.107918,-27.433216,107.0,0,1440.0
538008115,1713704396,18.09655,-27.424868,107.0,0,1450.0
538008115,1713704524,18.091299,-27.421049,106.0,0,1440.0
538008115,1713704745,18.082382,-27.414417,107.0,0,1450.0
538008115,1713705003,18.071751,-27.40675,107.0,0,1450.0
538008115,1713705147,18.066032,-27.402517,106.0,0,1440.0
538008115,1713705285,18.060417,-27.398283,107.0,0,1440.0
538008115,1713705545,18.049683,-27.390617,107.0,0,1440.0
538008115,1713705933,18.03355,-27.379133,107.0,0,1450.0
538008115,1713706073,18.027733,-27.374983,108.0,0,1450.0
538008115,1713706414,18.013666,-27.364849,107.0,0,1420.0
538008115,1713706495,18.010418,-27.362333,108.0,0,1430.0
538008115,1713706603,18.005951,-27.358932,108.0,0,1440.0
538008115,1713706655,18.003866,-27.357433,108.0,0,1450.0
538008115,1713706885,17.99435,-27.350468,107.0,0,1430.0
538008115,1713707075,17.986816,-27.344482,107.0,0,1430.0
538008115,1713707184,17.9823,-27.341034,107.0,0,1430.0
538008115,1713707335,17.976267,-27.336349,107.0,0,1420.0
538008115,1713707437,17.97225,-27.333233,107.0,0,1430.0
538008115,1713707714,17.960899,-27.324617,108.0,0,1430.0
538008115,1713707787,17.958033,-27.322367,108.0,0,1430.0
538008115,1713707932,17.952049,-27.3176,108.0,0,1430.0
538008115,1713708103,17.945049,-27.312218,108.0,0,1420.0
538008115,1713708603,17.924749,-27.296499,109.0,0,1430.0
538008115,1713708696,17.921,-27.293568,109.0,0,1430.0
538008115,1713708856,17.914383,-27.288532,109.0,0,1440.0
538008115,1713708921,17.911568,-27.286367,109.0,0,1430.0
538008115,1713709035,17.907034,-27.282917,108.0,0,1430.0
538008115,1713709194,17.900534,-27.277884,108.0,0,1430.0
538008115,1713709347,17.894367,-27.273167,109.0,0,1430.0
538008115,1713709465,17.889433,-27.269518,106.0,0,1450.0
538008115,1713709608,17.883751,-27.265133,107.0,0,1430.0
538008115,1713709672,17.880966,-27.262917,107.0,0,1420.0
538008115,1713709777,17.876949,-27.259783,107.0,0,1430.0
538008115,1713710413,17.850967,-27.239933,109.0,0,1440.0
538008115,1713710634,17.84185,-27.233116,108.0,0,1440.0
538008115,1713710764,17.836533,-27.229099,108.0,0,1440.0
538008115,1713711574,17.803017,-27.204332,107.0,0,1440.0
538008115,1713712423,17.768316,-27.178516,107.0,0,1420.0
538008115,1713712523,17.76425,-27.1754,107.0,0,1440.0
538008115,1713712593,17.761499,-27.173317,107.0,0,1440.0
538008115,1713712713,17.756701,-27.169567,107.0,0,1430.0
538008115,1713713255,17.734833,-27.152884,107.0,0,1440.0
538008115,1713713485,17.725401,-27.145933,107.0,0,1430.0
538008115,1713714714,17.6756,-27.108932,105.0,0,1440.0
538008115,1713714894,17.66835,-27.103483,105.0,0,1450.0
538008115,1713715214,17.655399,-27.094017,106.0,0,1450.0
538008115,1713715634,17.638483,-27.081783,105.0,0,1440.0
538008115,1713715746,17.634268,-27.078501,104.0,0,1420.0
538008115,1713715805,17.631884,-27.076599,104.0,0,1420.0
538008115,1713715913,17.627567,-27.073217,105.0,0,1430.0
538008115,1713716151,17.6192,-27.066967,104.0,0,1440.0
538008115,1713716183,17.616867,-27.065149,105.0,0,1430.0
538008115,1713716474,17.6054,-27.056284,105.0,0,1430.0
538008115,1713716725,17.595516,-27.048532,105.0,0,1410.0
538008115,1713716733,17.595167,-27.04825,105.0,0,1410.0
538008115,1713716936,17.587317,-27.042049,106.0,0,1430.0
538008115,1713717136,17.579218,-27.03615,106.0,0,1460.0
538008115,1713717343,17.570766,-27.0299,105.0,0,1440.0
538008115,1713717434,17.567101,-27.027283,105.0,0,1450.0
538008115,1713717472,17.5655,-27.026117,105.0,0,1440.0
538008115,1713717915,17.54785,-27.012951,105.0,0,1430.0
538008115,1713717984,17.545082,-27.010834,105.0,0,1430.0
538008115,1713718145,17.538782,-27.006149,105.0,0,1440.0
538008115,1713718255,17.534367,-27.002817,105.0,0,1430.0
538008115,1713718313,17.532017,-27.001051,105.0,0,1440.0
538008115,1713718396,17.528784,-26.998699,105.0,0,1450.0
538008115,1713718432,17.527166,-26.997566,105.0,0,1460.0
538008115,1713718513,17.523884,-26.995234,105.0,0,1450.0
538008115,1713718616,17.519951,-26.992268,105.0,0,1430.0
538008115,1713718715,17.515917,-26.989267,105.0,0,1440.0
538008115,1713718916,17.507933,-26.983433,105.0,0,1450.0
538008115,1713719083,17.501249,-26.978367,104.0,0,1440.0
538008115,1713719124,17.499599,-26.9771,104.0,0,1430.0
538008115,1713719704,17.476583,-26.959984,104.0,0,1440.0
538008115,1713719745,17.475082,-26.958866,104.0,0,1440.0
538008115,1713720135,17.459732,-26.94735,104.0,0,1440.0
538008115,1713720225,17.456182,-26.944717,104.0,0,1440.0
538008115,1713720393,17.449432,-26.9398,104.0,0,1450.0
538008115,1713720624,17.440149,-26.933001,105.0,0,1450.0
538008115,1713720815,17.432632,-26.927467,105.0,0,1440.0
538008115,1713720867,17.430616,-26.925949,105.0,0,1440.0
538008115,1713721004,17.425117,-26.921749,105.0,0,1430.0
538008115,1713721305,17.413218,-26.912582,105.0,0,1430.0
538008115,1713721520,17.405001,-26.906166,105.0,0,1430.0
538008115,1713721635,17.400267,-26.9025,105.0,0,1430.0
538008115,1713721774,17.394667,-26.898283,106.0,0,1450.0
538008115,1713721925,17.388483,-26.8939,106.0,0,1460.0
538008115,1713721965,17.386883,-26.892767,106.0,0,1450.0
538008115,1713722015,17.3848,-26.891216,106.0,0,1440.0
538008115,1713722185,17.377934,-26.8862,107.0,0,1450.0
538008115,1713722244,17.37545,-26.884417,107.0,0,1450.0
538008115,1713722354,17.371,-26.881184,107.0,0,1450.0
538008115,1713722506,17.364782,-26.876751,107.0,0,1450.0
538008115,1713722566,17.36235,-26.875,107.0,0,1450.0
538008115,1713722795,17.352818,-26.868151,108.0,0,1450.0
538008115,1713723181,17.336651,-26.856783,106.0,0,1440.0
538008115,1713723344,17.330151,-26.851801,107.0,0,1430.0
538008115,1713723536,17.322416,-26.8461,107.0,0,1440.0
538008115,1713723565,17.321251,-26.845217,107.0,0,1440.0
538008115,1713723774,17.312866,-26.838717,107.0,0,1430.0
538008115,1713723862,17.3092,-26.835983,107.0,0,1440.0
538008115,1713724004,17.30345,-26.831751,107.0,0,1450.0
538008115,1713724753,17.273167,-26.808767,107.0,0,1440.0
538008115,1713725246,17.253651,-26.793818,106.0,0,1430.0
538008115,1713725345,17.249649,-26.790617,105.0,0,1420.0
538008115,1713725594,17.239782,-26.7833,105.0,0,1450.0
538008115,1713725733,17.234051,-26.779266,105.0,0,1450.0
538008115,1713725804,17.231133,-26.777184,105.0,0,1440.0
538008115,1713726013,17.222782,-26.771116,105.0,0,1450.0
538008115,1713726274,17.212351,-26.7635,105.0,0,1440.0
538008115,1713726427,17.206333,-26.759132,105.0,0,1450.0
538008115,1713726486,17.203917,-26.757418,105.0,0,1450.0
538008115,1713726696,17.195368,-26.751499,105.0,0,1460.0
538008115,1713726936,17.1856,-26.744783,103.0,0,1460.0
538008115,1713727145,17.177334,-26.738567,103.0,0,1430.0
538008115,1713727535,17.162033,-26.727034,104.0,0,1430.0
538008115,1713727645,17.157717,-26.723766,103.0,0,1440.0
538008115,1713727693,17.155783,-26.722334,104.0,0,1440.0
538008115,1713727776,17.152517,-26.7199,104.0,0,1440.0
538008115,1713727806,17.151318,-26.719017,104.0,0,1430.0
538008115,1713728024,17.142633,-26.712517,104.0,0,1440.0
538008115,1713728154,17.137501,-26.708767,104.0,0,1440.0
538008115,1713728412,17.127117,-26.70125,104.0,0,1450.0
538008115,1713728674,17.116751,-26.693684,103.0,0,1440.0
538008115,1713729115,17.099583,-26.680567,104.0,0,1430.0
538008115,1713729182,17.096832,-26.678534,103.0,0,1440.0
538008115,1713729432,17.086967,-26.671183,104.0,0,1440.0
538008115,1713729462,17.085768,-26.670267,104.0,0,1430.0
538008115,1713729636,17.07905,-26.665251,103.0,0,1440.0
538008115,1713730587,17.042101,-26.63695,103.0,0,1420.0
538008115,1713730936,17.028418,-26.626633,103.0,0,1450.0
538008115,1713731295,17.014233,-26.616484,101.0,0,1430.0
538008115,1713731335,17.01265,-26.615282,102.0,0,1440.0
538008115,1713731948,16.988882,-26.598034,101.0,0,1450.0
538008115,1713731993,16.986933,-26.596649,101.0,0,1450.0
538008115,1713732174,16.979883,-26.59165,100.0,0,1450.0
538008115,1713732256,16.976767,-26.589333,100.0,0,1430.0
538008115,1713732425,16.970333,-26.58445,100.0,0,1430.0
538008115,1713732566,16.965,-26.580366,100.0,0,1430.0
538008115,1713732775,16.956949,-26.574318,101.0,0,1440.0
538008115,1713732893,16.95225,-26.5709,100.0,0,1440.0
538008115,1713733034,16.946934,-26.566883,100.0,0,1430.0
538008115,1713733512,16.928467,-26.553083,101.0,0,1440.0
538008115,1713733755,16.919117,-26.5462,101.0,0,1440.0
538008115,1713733805,16.9172,-26.54475,101.0,0,1430.0
538008115,1713733948,16.911818,-26.540667,101.0,0,1430.0
538008115,1713734096,16.905933,-26.536301,102.0,0,1430.0
538008115,1713734276,16.898951,-26.53105,102.0,0,1440.0
538008115,1713734496,16.8904,-26.524549,102.0,0,1430.0
538008115,1713734557,16.888083,-26.522783,102.0,0,1430.0
538008115,1713734944,16.872749,-26.511534,102.0,0,1440.0
538008115,1713735066,16.868168,-26.50795,102.0,0,1420.0
538008115,1713735294,16.85935,-26.501133,102.0,0,1430.0
538008115,1713735514,16.850718,-26.494833,102.0,0,1440.0
538008115,1713735573,16.848383,-26.493168,103.0,0,1450.0
538008115,1713735864,16.837067,-26.484699,101.0,0,1430.0
538008115,1713735976,16.83285,-26.481501,101.0,0,1430.0
538008115,1713736052,16.829832,-26.479099,101.0,0,1410.0
538008115,1713736222,16.823418,-26.473984,102.0,0,1430.0
538008115,1713736326,16.8195,-26.471001,103.0,0,1430.0
538008115,1713736447,16.81485,-26.467382,103.0,0,1430.0
538008115,1713736495,16.812866,-26.4659,103.0,0,1440.0
538008115,1713736796,16.800734,-26.457251,104.0,0,1450.0
538008115,1713736963,16.79405,-26.452284,105.0,0,1440.0
538008115,1713737124,16.787634,-26.447599,105.0,0,1450.0
538008115,1713737483,16.773033,-26.437099,105.0,0,1440.0
538008115,1713737744,16.762466,-26.429533,105.0,0,1450.0
538008115,1713738035,16.750717,-26.421183,104.0,0,1450.0
538008115,1713738201,16.743799,-26.416367,104.0,0,1450.0
538008115,1713738210,16.74345,-26.4161,104.0,0,1440.0
538008115,1713738270,16.741034,-26.414333,104.0,0,1440.0
538008115,1713738275,16.741034,-26.414333,104.0,0,1440.0
538008115,1713738291,16.740232,-26.41375,104.0,0,1440.0
538008115,1713738351,16.737783,-26.411966,104.0,0,1440.0
538008115,1713738411,16.735451,-26.410233,104.0,0,1440.0
538008115,1713738417,16.735451,-26.410233,104.0,0,1440.0
538008115,1713738446,16.734266,-26.409332,104.0,0,1440.0
538008115,1713738450,16.73385,-26.409033,105.0,0,1440.0
538008115,1713738564,16.729349,-26.40575,105.0,0,1440.0
538008115,1713738676,16.724899,-26.402567,105.0,0,1460.0
538008115,1713738726,16.722883,-26.40115,105.0,0,1450.0
538008115,1713738976,16.713182,-26.393316,105.0,0,1410.0
538008115,1713739033,16.710867,-26.3915,105.0,0,1430.0
538008115,1713739234,16.703016,-26.385332,106.0,0,1420.0
538008115,1713739361,16.697968,-26.381367,104.0,0,1420.0
538008115,1713739585,16.689417,-26.37455,104.0,0,1410.0
538008115,1713739766,16.68255,-26.368851,105.0,0,1420.0
538008115,1713739863,16.678667,-26.365868,104.0,0,1440.0
538008115,1713739963,16.676332,-26.3641,104.0,0,1430.0
538008115,1713740035,16.671932,-26.360718,104.0,0,1430.0
538008115,1713740785,16.642418,-26.337717,104.0,0,1420.0
538008115,1713740884,16.638533,-26.334682,105.0,0,1430.0
538008115,1713740966,16.635349,-26.332268,105.0,0,1430.0
538008115,1713741183,16.626633,-26.3256,105.0,0,1440.0
538008115,1713741195,16.626284,-26.325333,105.0,0,1440.0
538008115,1713741325,16.620867,-26.32165,105.0,0,1460.0
538008115,1713741423,16.616751,-26.318817,105.0,0,1460.0
538008115,1713741535,16.612284,-26.315617,105.0,0,1450.0
538008115,1713741685,16.606216,-26.311216,106.0,0,1450.0
538008115,1713741885,16.598101,-26.305367,106.0,0,1450.0
538008115,1713741976,16.5944,-26.30275,106.0,0,1450.0
538008115,1713742364,16.5786,-26.291349,106.0,0,1450.0
538008115,1713742503,16.57275,-26.287367,106.0,0,1460.0
538008115,1713742855,16.558117,-26.277218,106.0,0,1470.0
538008115,1713742892,16.556517,-26.276133,106.0,0,1470.0
538008115,1713742953,16.553984,-26.27445,106.0,0,1470.0
538008115,1713743133,16.546551,-26.269217,107.0,0,1440.0
538008115,1713743496,16.531601,-26.258633,108.0,0,1460.0
538008115,1713743611,16.5266,-26.255016,107.0,0,1440.0
538008115,1713743612,16.5266,-26.255016,107.0,0,1440.0
538008115,1713743622,16.526182,-26.254732,107.0,0,1450.0
538008115,1713743671,16.524151,-26.25325,107.0,0,1450.0
538008115,1713743672,16.524151,-26.25325,107.0,0,1450.0
538008115,1713743682,16.523733,-26.252951,107.0,0,1440.0
538008115,1713743691,16.523367,-26.252666,107.0,0,1440.0
538008115,1713743731,16.521717,-26.25145,107.0,0,1440.0
538008115,1713743732,16.521717,-26.25145,107.0,0,1440.0
538008115,1713743742,16.521334,-26.251133,107.0,0,1430.0
538008115,1713743751,16.520967,-26.250868,107.0,0,1430.0
538008115,1713743761,16.520567,-26.250549,107.0,0,1440.0
538008115,1713743771,16.520067,-26.2502,107.0,0,1440.0
538008115,1713743772,16.520067,-26.2502,107.0,0,1440.0
538008115,1713743791,16.5193,-26.249617,107.0,0,1440.0
538008115,1713743802,16.518883,-26.249317,107.0,0,1440.0
538008115,1713743811,16.518517,-26.24905,107.0,0,1450.0
538008115,1713743821,16.518101,-26.248751,107.0,0,1440.0
538008115,1713743831,16.517651,-26.248417,107.0,0,1450.0
538008115,1713743832,16.517651,-26.248417,107.0,0,1450.0
538008115,1713743835,16.517651,-26.248417,107.0,0,1450.0
538008115,1713743851,16.516817,-26.247833,107.0,0,1450.0
538008115,1713743852,16.516817,-26.247833,107.0,0,1450.0
538008115,1713743862,16.516399,-26.247549,108.0,0,1450.0
538008115,1713743870,16.516033,-26.247267,108.0,0,1460.0
538008115,1713743881,16.515617,-26.246967,108.0,0,1450.0
538008115,1713743901,16.514784,-26.246416,107.0,0,1460.0
538008115,1713743910,16.514366,-26.246117,107.0,0,1460.0
538008115,1713743922,16.513866,-26.245768,107.0,0,1460.0
538008115,1713743930,16.513517,-26.245533,107.0,0,1460.0
538008115,1713743931,16.513517,-26.245533,107.0,0,1460.0
538008115,1713743941,16.5131,-26.245268,107.0,0,1460.0
538008115,1713743970,16.51185,-26.244417,107.0,0,1470.0
538008115,1713743981,16.511417,-26.244133,108.0,0,1470.0
538008115,1713743990,16.511,-26.243834,107.0,0,1460.0
538008115,1713743995,16.511,-26.243834,107.0,0,1460.0
538008115,1713744011,16.510134,-26.24325,107.0,0,1470.0
538008115,1713744041,16.508917,-26.242399,107.0,0,1460.0
538008115,1713744051,16.508499,-26.242117,106.0,0,1460.0
538008115,1713744061,16.508083,-26.241817,107.0,0,1450.0
538008115,1713744063,16.508083,-26.241817,107.0,0,1450.0
538008115,1713744072,16.507584,-26.241449,107.0,0,1450.0
538008115,1713744080,16.507267,-26.241217,107.0,0,1450.0
538008115,1713744101,16.506451,-26.240633,105.0,0,1450.0
538008115,1713744121,16.505667,-26.240032,106.0,0,1430.0
538008115,1713744132,16.505217,-26.2397,106.0,0,1440.0
538008115,1713744171,16.503668,-26.238518,106.0,0,1430.0
538008115,1713744201,16.502466,-26.237617,106.0,0,1440.0
538008115,1713744221,16.5016,-26.237,106.0,0,1440.0
538008115,1713744232,16.5012,-26.2367,106.0,0,1440.0
538008115,1713744242,16.500799,-26.236401,106.0,0,1440.0
538008115,1713744251,16.500401,-26.236099,106.0,0,1440.0
538008115,1713744357,16.496317,-26.233084,106.0,0,1430.0
538008115,1713744615,16.486017,-26.225149,107.0,0,1430.0
538008115,1713744694,16.482834,-26.222633,107.0,0,1430.0
538008115,1713744953,16.472517,-26.2145,108.0,0,1430.0
538008115,1713745072,16.467684,-26.2108,107.0,0,1430.0
538008115,1713745206,16.4624,-26.2068,107.0,0,1440.0
538008115,1713745293,16.458799,-26.204117,107.0,0,1430.0
538008115,1713745472,16.45155,-26.198584,107.0,0,1430.0
538008115,1713746164,16.424049,-26.1775,106.0,0,1430.0
538008115,1713746406,16.41445,-26.170233,106.0,0,1440.0
538008115,1713746606,16.40645,-26.164217,107.0,0,1440.0
538008115,1713746713,16.402067,-26.16095,105.0,0,1440.0
538008115,1713746796,16.39875,-26.158449,106.0,0,1430.0
538008115,1713747772,16.359432,-26.129316,106.0,0,1440.0
538008115,1713748182,16.342733,-26.117083,106.0,0,1450.0
538008115,1713748302,16.337967,-26.113501,106.0,0,1430.0
538008115,1713748602,16.325933,-26.104418,106.0,0,1430.0
538008115,1713749185,16.302851,-26.087151,105.0,0,1430.0
538008115,1713749365,16.295834,-26.081766,104.0,0,1420.0
538008115,1713749393,16.294649,-26.080816,105.0,0,1420.0
538008115,1713749545,16.288733,-26.076317,105.0,0,1440.0
538008115,1713749646,16.284782,-26.073351,104.0,0,1430.0
538008115,1713749705,16.282482,-26.071583,104.0,0,1430.0
538008115,1713749885,16.275534,-26.066168,104.0,0,1430.0
538008115,1713750065,16.268284,-26.061068,104.0,0,1460.0
538008115,1713750096,16.267033,-26.0602,104.0,0,1450.0
538008115,1713750283,16.259718,-26.054567,102.0,0,1420.0
538008115,1713750423,16.254168,-26.05055,103.0,0,1450.0
538008115,1713750514,16.250616,-26.048033,103.0,0,1450.0
538008115,1713750643,16.245417,-26.044382,103.0,0,1450.0
538008115,1713750762,16.24065,-26.041018,103.0,0,1450.0
538008115,1713751095,16.227568,-26.031549,104.0,0,1450.0
538008115,1713751197,16.223534,-26.028732,104.0,0,1450.0
538008115,1713751267,16.220716,-26.026716,104.0,0,1450.0
538008115,1713751346,16.217501,-26.024349,104.0,0,1440.0
538008115,1713751433,16.214033,-26.021732,104.0,0,1430.0
538008115,1713751553,16.209167,-26.018284,105.0,0,1450.0
538008115,1713751653,16.205067,-26.0154,105.0,0,1450.0
538008115,1713751821,16.198267,-26.010483,105.0,0,1450.0
538008115,1713752104,16.186832,-26.002417,106.0,0,1460.0
538008115,1713752217,16.182283,-25.999201,106.0,0,1450.0
538008115,1713752317,16.178232,-25.996267,106.0,0,1440.0
538008115,1713752513,16.170082,-25.99025,107.0,0,1440.0
538008115,1713752584,16.167316,-25.988182,107.0,0,1440.0
538008115,1713752923,16.153316,-25.977934,107.0,0,1440.0
538008115,1713753435,16.132683,-25.962084,107.0,0,1420.0
538008115,1713753587,16.126734,-25.957434,107.0,0,1430.0
538008115,1713753684,16.122683,-25.954367,107.0,0,1430.0
538008115,1713754356,16.0961,-25.933483,106.0,0,1420.0
538008115,1713754476,16.091299,-25.929733,107.0,0,1430.0
538008115,1713754656,16.084101,-25.92425,107.0,0,1430.0
538008115,1713754873,16.0753,-25.917482,107.0,0,1430.0
538008115,1713754943,16.072384,-25.915318,107.0,0,1440.0
538008115,1713755283,16.05875,-25.9053,105.0,0,1440.0
538008115,1713755652,16.043699,-25.89485,104.0,0,1460.0
538008115,1713755736,16.040434,-25.892599,104.0,0,1460.0
538008115,1713755862,16.035282,-25.888884,104.0,0,1440.0
538008115,1713756094,16.026117,-25.882183,104.0,0,1440.0
538008115,1713756276,16.01885,-25.877083,105.0,0,1460.0
538008115,1713757104,15.985767,-25.852917,104.0,0,1440.0
538008115,1713757353,15.975767,-25.845699,103.0,0,1450.0
538008115,1713757474,15.971,-25.842182,103.0,0,1440.0
538008115,1713758196,15.942233,-25.821318,102.0,0,1440.0
538008115,1713758254,15.939867,-25.8195,102.0,0,1430.0
538008115,1713758376,15.935217,-25.816032,103.0,0,1450.0
538008115,1713758546,15.92845,-25.811184,103.0,0,1440.0
538008115,1713758626,15.925333,-25.808817,102.0,0,1430.0
538008115,1713759212,15.901817,-25.791468,105.0,0,1450.0
538008115,1713759404,15.894133,-25.785933,105.0,0,1440.0
538008115,1713759463,15.8917,-25.784134,104.0,0,1440.0
538008115,1713759626,15.885167,-25.779432,105.0,0,1450.0
538008115,1713759726,15.881117,-25.77655,104.0,0,1450.0
538008115,1713759815,15.877483,-25.773951,104.0,0,1450.0
538008115,1713759846,15.876267,-25.773083,104.0,0,1450.0
538008115,1713760153,15.863733,-25.764183,105.0,0,1460.0
538008115,1713760292,15.8579,-25.760201,105.0,0,1460.0
538008115,1713760397,15.8537,-25.757401,104.0,0,1470.0
538008115,1713760454,15.851283,-25.755751,104.0,0,1460.0
538008115,1713760574,15.8464,-25.752283,104.0,0,1450.0
538008115,1713760665,15.842767,-25.749718,105.0,0,1450.0
538008115,1713760726,15.840317,-25.748016,104.0,0,1460.0
538008115,1713760841,15.835333,-25.744617,105.0,0,1460.0
538008115,1713761074,15.82575,-25.73805,105.0,0,1450.0
538008115,1713761095,15.82495,-25.737482,106.0,0,1450.0
538008115,1713761185,15.82115,-25.734818,106.0,0,1450.0
538008115,1713761204,15.8204,-25.734301,106.0,0,1450.0
538008115,1713761263,15.817967,-25.732582,105.0,0,1450.0
538008115,1713761325,15.81545,-25.730801,106.0,0,1450.0
538008115,1713761725,15.7988,-25.719267,106.0,0,1460.0
538008115,1713761864,15.792917,-25.71525,106.0,0,1460.0
538008115,1713761915,15.790817,-25.713818,106.0,0,1450.0
538008115,1713761954,15.789133,-25.712683,107.0,0,1460.0
538008115,1713762044,15.785367,-25.710117,106.0,0,1460.0
538008115,1713762173,15.78025,-25.706133,105.0,0,1410.0
538008115,1713762464,15.76895,-25.696882,106.0,0,1430.0
538008115,1713762686,15.760333,-25.689983,104.0,0,1410.0
538008115,1713762733,15.758417,-25.688383,104.0,0,1400.0
538008115,1713762896,15.75225,-25.6833,104.0,0,1410.0
538008115,1713762945,15.75035,-25.6817,104.0,0,1410.0
538008115,1713763057,15.74615,-25.678183,104.0,0,1400.0
538008115,1713763093,15.744633,-25.676916,104.0,0,1410.0
538008115,1713763186,15.7412,-25.674101,105.0,0,1410.0
538008115,1713763605,15.72465,-25.661083,105.0,0,1430.0
538008115,1713763724,15.719833,-25.657482,105.0,0,1430.0
538008115,1713763845,15.7151,-25.653767,105.0,0,1420.0
538008115,1713764005,15.708733,-25.648849,106.0,0,1440.0
538008115,1713764154,15.702683,-25.644234,105.0,0,1420.0
538008115,1713764164,15.7023,-25.643932,105.0,0,1420.0
538008115,1713764204,15.700767,-25.642717,105.0,0,1420.0
538008115,1713764364,15.694517,-25.637751,104.0,0,1410.0
538008115,1713764374,15.694117,-25.637432,104.0,0,1410.0
538008115,1713764544,15.68755,-25.63205,105.0,0,1430.0
538008115,1713764667,15.68275,-25.628401,104.0,0,1430.0
538008115,1713764815,15.676967,-25.623833,103.0,0,1410.0
538008115,1713764956,15.671417,-25.619484,104.0,0,1430.0
538008115,1713765393,15.6536,-25.606617,106.0,0,1460.0
538008115,1713765914,15.6328,-25.590733,105.0,0,1410.0
538008115,1713766169,15.622967,-25.582817,106.0,0,1430.0
538008115,1713766676,15.602633,-25.567249,106.0,0,1430.0
538008115,1713766745,15.599817,-25.56505,105.0,0,1420.0
538008115,1713766883,15.5941,-25.560917,106.0,0,1460.0
538008115,1713767215,15.580283,-25.551567,105.0,0,1460.0
538008115,1713767283,15.5774,-25.549717,106.0,0,1480.0
538008115,1713767386,15.57315,-25.546967,105.0,0,1470.0
538008115,1713767455,15.570267,-25.544983,105.0,0,1460.0
538008115,1713767546,15.566517,-25.542482,105.0,0,1470.0
538008115,1713767613,15.563617,-25.54055,105.0,0,1460.0
538008115,1713767673,15.56115,-25.538868,105.0,0,1460.0
538008115,1713767777,15.557133,-25.536034,104.0,0,1440.0
538008115,1713768063,15.545583,-25.527468,103.0,0,1430.0
538008115,1713768294,15.53655,-25.520468,104.0,0,1420.0
538008115,1713768695,15.520417,-25.508883,104.0,0,1450.0
538008115,1713768852,15.513917,-25.50425,104.0,0,1450.0
538008115,1713768959,15.509867,-25.501301,103.0,0,1440.0
538008115,1713769016,15.507483,-25.499533,104.0,0,1440.0
538008115,1713769184,15.500583,-25.494699,104.0,0,1460.0
538008115,1713769214,15.499367,-25.493851,105.0,0,1460.0
538008115,1713769333,15.4944,-25.490482,105.0,0,1460.0
538008115,1713769436,15.490283,-25.487633,104.0,0,1460.0
538008115,1713769537,15.486267,-25.484716,103.0,0,1430.0
538008115,1713769595,15.4839,-25.482918,103.0,0,1430.0
538008115,1713770154,15.462083,-25.465782,104.0,0,1400.0
538008115,1713770295,15.4567,-25.461367,104.0,0,1420.0
538008115,1713770445,15.450783,-25.456833,104.0,0,1430.0
538008115,1713770704,15.440883,-25.448732,102.0,0,1390.0
538008115,1713770973,15.43045,-25.44035,105.0,0,1460.0
538008115,1713770993,15.429667,-25.43985,106.0,0,1480.0
538008115,1713771185,15.4214,-25.435083,105.0,0,1490.0
538008115,1713771263,15.41805,-25.433001,104.0,0,1480.0
538008115,1713771413,15.411683,-25.4291,104.0,0,1480.0
538008115,1713771535,15.406617,-25.426001,105.0,0,1500.0
538008115,1713771663,15.401033,-25.42275,104.0,0,1490.0
538008115,1713771722,15.398517,-25.421217,104.0,0,1480.0
538008115,1713771865,15.392617,-25.417633,104.0,0,1490.0
538008115,1713771987,15.3876,-25.414467,103.0,0,1480.0
538008115,1713772103,15.382633,-25.411367,103.0,0,1480.0
538008115,1713772125,15.38175,-25.410833,103.0,0,1490.0
538008115,1713772213,15.378017,-25.408583,104.0,0,1490.0
538008115,1713772364,15.371617,-25.404783,103.0,0,1490.0
538008115,1713772564,15.363333,-25.399599,102.0,0,1450.0
538008115,1713772914,15.3504,-25.388849,101.0,0,1410.0
538008115,1713773166,15.341267,-25.380951,100.0,0,1390.0
538008115,1713773302,15.336283,-25.376484,101.0,0,1390.0
538008115,1713773524,15.32825,-25.369568,99.0,0,1400.0
538008115,1713773615,15.3251,-25.366734,100.0,0,1380.0
538008115,1713773765,15.31985,-25.361917,101.0,0,1380.0
538008115,1713773875,15.315783,-25.358583,102.0,0,1430.0
538008115,1713774052,15.308767,-25.353567,100.0,0,1440.0
538008115,1713774166,15.304517,-25.350401,100.0,0,1440.0
538008115,1713774313,15.2986,-25.346216,100.0,0,1450.0
538008115,1713774386,15.295933,-25.344316,100.0,0,1450.0
538008115,1713774706,15.283467,-25.335466,101.0,0,1460.0
538008115,1713774843,15.278,-25.331533,101.0,0,1440.0
538008115,1713774875,15.276817,-25.33065,100.0,0,1440.0
538008115,1713774935,15.274567,-25.328934,100.0,0,1430.0
538008115,1713775155,15.266367,-25.32235,101.0,0,1420.0
538008115,1713775295,15.2612,-25.3181,101.0,0,1410.0
538008115,1713775454,15.255183,-25.313351,102.0,0,1410.0
538008115,1713775635,15.248583,-25.307783,101.0,0,1410.0
538008115,1713775977,15.235867,-25.297483,102.0,0,1430.0
538008115,1713776137,15.2296,-25.293016,102.0,0,1450.0
538008115,1713776297,15.223283,-25.288651,103.0,0,1460.0
538008115,1713776453,15.216967,-25.284117,103.0,0,1440.0
538008115,1713776943,15.197333,-25.270166,104.0,0,1460.0
538008115,1713776964,15.196517,-25.269583,105.0,0,1460.0
538008115,1713777223,15.185917,-25.262199,105.0,0,1450.0
538008115,1713777494,15.174967,-25.254284,107.0,0,1450.0
538008115,1713777636,15.169267,-25.250233,106.0,0,1450.0
538008115,1713777772,15.163717,-25.24605,106.0,0,1420.0
538008115,1713777862,15.160233,-25.24325,105.0,0,1420.0
538008115,1713778152,15.149067,-25.234367,105.0,0,1420.0
538008115,1713778188,15.147783,-25.233433,105.0,0,1440.0
538008115,1713778313,15.142733,-25.229567,106.0,0,1430.0
538008115,1713778553,15.133217,-25.222317,106.0,0,1430.0
538008115,1713778635,15.12995,-25.21995,106.0,0,1450.0
538008115,1713778643,15.129583,-25.219683,106.0,0,1450.0
538008115,1713778759,15.125033,-25.216618,106.0,0,1460.0
538008115,1713778995,15.1153,-25.2096,106.0,0,1460.0
538008115,1713779165,15.108467,-25.2047,106.0,0,1430.0
538008115,1713779433,15.0978,-25.196432,107.0,0,1440.0
538008115,1713779807,15.082767,-25.185534,107.0,0,1450.0
538008115,1713780167,15.0685,-25.174633,105.0,0,1420.0
538008115,1713780234,15.0657,-25.17255,106.0,0,1440.0
538008115,1713780697,15.04745,-25.158367,105.0,0,1420.0
538008115,1713780804,15.043183,-25.154917,104.0,0,1410.0
538008115,1713780827,15.0424,-25.154301,105.0,0,1420.0
538008115,1713780966,15.03675,-25.150167,106.0,0,1450.0
538008115,1713781125,15.030183,-25.1455,107.0,0,1460.0
538008115,1713781187,15.02775,-25.143833,107.0,0,1460.0
538008115,1713781297,15.023183,-25.140617,107.0,0,1440.0
538008115,1713781383,15.01955,-25.137966,106.0,0,1440.0
538008115,1713781944,14.996583,-25.121616,107.0,0,1450.0
538008115,1713782004,14.994117,-25.119867,107.0,0,1450.0
538008115,1713782255,14.98385,-25.11245,107.0,0,1440.0
538008115,1713782745,14.96365,-25.097967,106.0,0,1440.0
538008115,1713782753,14.96325,-25.097651,107.0,0,1440.0
538008115,1713782818,14.960867,-25.0958,107.0,0,1420.0
538008115,1713783197,14.9456,-25.083982,108.0,0,1430.0
538008115,1713783326,14.940467,-25.079832,106.0,0,1400.0
538008115,1713783485,14.934133,-25.074883,106.0,0,1440.0
538008115,1713783556,14.932033,-25.07345,105.0,0,1460.0
538008115,1713783693,14.925433,-25.068933,106.0,0,1460.0
538008115,1713783874,14.91815,-25.063583,107.0,0,1440.0
538008115,1713784012,14.912417,-25.059349,108.0,0,1450.0
538008115,1713784084,14.909517,-25.057283,108.0,0,1440.0
538008115,1713784234,14.903333,-25.052782,108.0,0,1440.0
538008115,1713784302,14.900467,-25.05065,109.0,0,1450.0
538008115,1713784393,14.896767,-25.048033,108.0,0,1450.0
538008115,1713784464,14.893767,-25.045918,108.0,0,1450.0
538008115,1713784704,14.883883,-25.038733,109.0,0,1460.0
538008115,1713784784,14.880467,-25.036383,108.0,0,1450.0
538008115,1713784924,14.874783,-25.032167,108.0,0,1450.0
538008115,1713785033,14.870217,-25.028917,108.0,0,1440.0
538008115,1713785106,14.8673,-25.026751,108.0,0,1440.0
538008115,1713785203,14.86325,-25.023701,108.0,0,1430.0
538008115,1713785395,14.85545,-25.0179,109.0,0,1440.0
538008115,1713785533,14.849633,-25.0137,109.0,0,1440.0
538008115,1713786276,14.819217,-24.991182,109.0,0,1430.0
538008115,1713786663,14.803167,-24.979116,110.0,0,1440.0
538008115,1713786793,14.797683,-24.97505,110.0,0,1440.0
538008115,1713787133,14.78345,-24.964649,110.0,0,1450.0
538008115,1713787265,14.778017,-24.960716,111.0,0,1440.0
538008115,1713787346,14.774633,-24.958183,111.0,0,1430.0
538008115,1713787517,14.767483,-24.95295,111.0,0,1440.0
538008115,1713787576,14.765017,-24.951117,111.0,0,1440.0
538008115,1713787663,14.761283,-24.948299,112.0,0,1430.0
538008115,1713787848,14.7537,-24.942551,111.0,0,1430.0
538008115,1713788222,14.737667,-24.930901,111.0,0,1440.0
538008115,1713788626,14.7209,-24.918516,111.0,0,1440.0
538008115,1713788735,14.71625,-24.91515,111.0,0,1440.0
538008115,1713788905,14.70915,-24.909817,111.0,0,1430.0
538008115,1713789022,14.704183,-24.905983,111.0,0,1420.0
538008115,1713789325,14.691817,-24.8965,110.0,0,1430.0
538008115,1713789504,14.6846,-24.890568,110.0,0,1390.0
538008115,1713789604,14.680717,-24.887133,110.0,0,1390.0
538008115,1713789664,14.678383,-24.885033,110.0,0,1380.0
538008115,1713789894,14.669283,-24.8773,110.0,0,1410.0
538008115,1713790142,14.65925,-24.869249,110.0,0,1420.0
538008115,1713790543,14.643117,-24.856466,109.0,0,1420.0
538008115,1713790747,14.6351,-24.850033,109.0,0,1420.0
538008115,1713790845,14.63105,-24.846884,109.0,0,1420.0
538008115,1713790926,14.627767,-24.844316,109.0,0,1420.0
538008115,1713791406,14.6083,-24.829433,109.0,0,1430.0
538008115,1713792006,14.58415,-24.810749,107.0,0,1430.0
538008115,1713792173,14.577483,-24.805468,107.0,0,1420.0
538008115,1713792243,14.57465,-24.803249,107.0,0,1420.0
538008115,1713792423,14.567533,-24.797583,107.0,0,1420.0
538008115,1713793175,14.538267,-24.773518,108.0,0,1410.0
538008115,1713793263,14.5347,-24.770683,108.0,0,1420.0
538008115,1713793485,14.525683,-24.763599,109.0,0,1420.0
538008115,1713793525,14.524133,-24.7623,109.0,0,1400.0
538008115,1713793585,14.521883,-24.760283,109.0,0,1390.0
538008115,1713793675,14.5184,-24.7572,109.0,0,1390.0
538008115,1713793793,14.513667,-24.753201,109.0,0,1400.0
538008115,1713793927,14.5085,-24.748783,109.0,0,1390.0
538008115,1713794725,14.477333,-24.722116,109.0,0,1410.0
538008115,1713795025,14.465567,-24.712017,109.0,0,1410.0
538008115,1713795206,14.4586,-24.70595,108.0,0,1390.0
538008115,1713795545,14.444917,-24.694983,109.0,0,1410.0
538008115,1713795666,14.440067,-24.691151,109.0,0,1420.0
538008115,1713795914,14.429867,-24.683216,109.0,0,1430.0
538008115,1713796025,14.425417,-24.679733,109.0,0,1430.0
538008115,1713796166,14.4196,-24.6754,109.0,0,1440.0
538008115,1713796384,14.410517,-24.66855,110.0,0,1420.0
538008115,1713796504,14.405583,-24.664734,110.0,0,1430.0
538008115,1713796654,14.399383,-24.660084,110.0,0,1430.0
538008115,1713796774,14.394417,-24.656233,110.0,0,1420.0
538008115,1713796863,14.390717,-24.653383,110.0,0,1430.0
538008115,1713797865,14.34985,-24.621082,109.0,0,1420.0
538008115,1713798024,14.343267,-24.615868,109.0,0,1420.0
538008115,1713798165,14.337567,-24.611317,108.0,0,1410.0
538008115,1713798964,14.305533,-24.584949,109.0,0,1410.0
538008115,1713799955,14.26545,-24.552317,110.0,0,1410.0
538008115,1713800482,14.243817,-24.534849,111.0,0,1420.0
538008115,1713800693,14.235167,-24.527901,111.0,0,1410.0
538008115,1713800753,14.232733,-24.5259,112.0,0,1400.0
538008115,1713800956,14.224367,-24.519234,111.0,0,1450.0
538008115,1713801002,14.22225,-24.517767,111.0,0,1450.0
538008115,1713801085,14.218717,-24.515217,112.0,0,1440.0
538008115,1713801344,14.207733,-24.506767,112.0,0,1430.0
538008115,1713801487,14.201733,-24.50235,111.0,0,1440.0
538008115,1713801635,14.195517,-24.497766,111.0,0,1440.0
538008115,1713801755,14.19045,-24.493999,111.0,0,1430.0
538008115,1713801936,14.182767,-24.488199,110.0,0,1430.0
538008115,1713802385,14.16425,-24.473499,111.0,0,1390.0
538008115,1713802486,14.1603,-24.469933,111.0,0,1380.0
538008115,1713802726,14.150867,-24.461399,111.0,0,1380.0
538008115,1713803024,14.139067,-24.45085,111.0,0,1400.0
538008115,1713803035,14.138667,-24.450518,111.0,0,1400.0
538008115,1713803482,14.120217,-24.4356,110.0,0,1410.0
538008115,1713803642,14.113533,-24.430416,111.0,0,1420.0
538008115,1713803764,14.108567,-24.426533,112.0,0,1420.0
538008115,1713803856,14.104883,-24.423634,112.0,0,1420.0
538008115,1713803953,14.100767,-24.420282,111.0,0,1410.0
538008115,1713804014,14.098333,-24.418283,111.0,0,1410.0
538008115,1713804036,14.097517,-24.417601,111.0,0,1410.0
538008115,1713804074,14.095833,-24.416201,111.0,0,1410.0
538008115,1713804115,14.09425,-24.4149,111.0,0,1410.0
538008115,1713804634,14.072967,-24.397833,109.0,0,1410.0
538008115,1713804852,14.064117,-24.390682,109.0,0,1410.0
538008115,1713804934,14.0609,-24.388033,109.0,0,1410.0
538008115,1713804996,14.058467,-24.386066,109.0,0,1410.0
538008115,1713805165,14.051683,-24.380501,109.0,0,1410.0
538008115,1713805213,14.049633,-24.378918,109.0,0,1430.0
538008115,1713805334,14.044667,-24.375183,109.0,0,1430.0
538008115,1713805484,14.038467,-24.37055,109.0,0,1430.0
538008115,1713805501,14.03765,-24.369917,110.0,0,1430.0
538008115,1713805625,14.032617,-24.366266,110.0,0,1450.0
538008115,1713805985,14.01785,-24.355167,109.0,0,1430.0
538008115,1713806016,14.016633,-24.354218,109.0,0,1420.0
538008115,1713806203,14.008783,-24.348284,109.0,0,1430.0
538008115,1713806252,14.006817,-24.346767,110.0,0,1430.0
538008115,1713806314,14.0044,-24.344816,109.0,0,1420.0
538008115,1713806497,13.997083,-24.339018,109.0,0,1420.0
538008115,1713806664,13.990167,-24.333683,109.0,0,1430.0
538008115,1713806705,13.988567,-24.332382,109.0,0,1410.0
538008115,1713806804,13.9846,-24.329067,109.0,0,1400.0
538008115,1713807186,13.97,-24.316334,106.0,0,1380.0
538008115,1713807235,13.968083,-24.31465,106.0,0,1390.0
538008115,1713807575,13.954917,-24.303717,105.0,0,1400.0
538008115,1713807613,13.953433,-24.302418,106.0,0,1390.0
538008115,1713807665,13.9515,-24.300716,106.0,0,1390.0
538008115,1713807725,13.94925,-24.2987,106.0,0,1380.0
538008115,1713807733,13.948917,-24.298401,106.0,0,1380.0
538008115,1713807915,13.9421,-24.292351,106.0,0,1390.0
538008115,1713807925,13.941683,-24.292,106.0,0,1390.0
538008115,1713807976,13.939833,-24.290382,106.0,0,1390.0
538008115,1713808363,13.92465,-24.2778,107.0,0,1420.0
538008115,1713808455,13.921,-24.2749,107.0,0,1420.0
538008115,1713808493,13.91945,-24.273666,107.0,0,1420.0
538008115,1713808644,13.913417,-24.268818,107.0,0,1410.0
538008115,1713809015,13.898567,-24.257133,107.0,0,1420.0
538008115,1713809085,13.895717,-24.254967,108.0,0,1430.0
538008115,1713809263,13.88835,-24.249384,108.0,0,1440.0
538008115,1713809414,13.882217,-24.244682,108.0,0,1420.0
538008115,1713809503,13.878467,-24.24185,108.0,0,1430.0
538008115,1713809607,13.874417,-24.238783,108.0,0,1430.0
538008115,1713809657,13.872283,-24.237133,108.0,0,1430.0
538008115,1713809787,13.866983,-24.233101,109.0,0,1430.0
538008115,1713809896,13.862433,-24.229616,109.0,0,1430.0
538008115,1713809934,13.86085,-24.228416,110.0,0,1420.0
538008115,1713810167,13.851283,-24.221117,110.0,0,1440.0
538008115,1713810216,13.849233,-24.219534,110.0,0,1430.0
538008115,1713810506,13.837117,-24.2104,110.0,0,1430.0
538008115,1713811080,13.814217,-24.191334,110.0,0,1390.0
538008115,1713811315,13.804683,-24.18305,110.0,0,1390.0
538008115,1713811496,13.797517,-24.177017,111.0,0,1410.0
538008115,1713811632,13.791867,-24.172483,111.0,0,1410.0
538008115,1713811725,13.788217,-24.169483,110.0,0,1410.0
538008115,1713811815,13.784617,-24.166567,111.0,0,1410.0
538008115,1713812007,13.776867,-24.160282,111.0,0,1410.0
538008115,1713812073,13.773967,-24.157984,111.0,0,1420.0
538008115,1713812205,13.768617,-24.153833,111.0,0,1430.0
538008115,1713812477,13.757567,-24.145082,111.0,0,1420.0
538008115,1713812563,13.753867,-24.142166,111.0,0,1420.0
538008115,1713812765,13.745667,-24.135767,111.0,0,1420.0
538008115,1713812885,13.74075,-24.131832,111.0,0,1410.0
538008115,1713812927,13.739083,-24.130501,111.0,0,1410.0
538008115,1713813104,13.731617,-24.124683,111.0,0,1420.0
538008115,1713813644,13.709217,-24.107218,112.0,0,1420.0
538008115,1713813854,13.700483,-24.100332,112.0,0,1420.0
538008115,1713814006,13.694217,-24.095484,112.0,0,1420.0
538008115,1713814104,13.69,-24.092266,113.0,0,1430.0
538008115,1713814445,13.6757,-24.08145,112.0,0,1430.0
538008115,1713814545,13.671433,-24.078199,112.0,0,1430.0
538008115,1713814964,13.654083,-24.064199,112.0,0,1410.0
538008115,1713815093,13.6487,-24.059767,113.0,0,1400.0
538008115,1713815154,13.64625,-24.057684,112.0,0,1400.0
538008115,1713815365,13.637767,-24.050417,114.0,0,1400.0
538008115,1713815627,13.627183,-24.041149,115.0,0,1380.0
538008115,1713815763,13.621617,-24.036051,115.0,0,1380.0
538008115,1713815935,13.6147,-24.029751,116.0,0,1390.0
538008115,1713816263,13.60075,-24.018351,117.0,0,1410.0
538008115,1713816653,13.584133,-24.004766,116.0,0,1410.0
538008115,1713816665,13.5837,-24.004433,116.0,0,1410.0
538008115,1713816875,13.574683,-23.997351,116.0,0,1430.0
538008115,1713817085,13.56565,-23.990168,116.0,0,1400.0
538008115,1713817255,13.558367,-23.984501,116.0,0,1420.0
538008115,1713817375,13.5532,-23.980482,116.0,0,1410.0
538008115,1713817450,13.551117,-23.978832,116.0,0,1420.0
538008115,1713817844,13.53275,-23.965117,116.0,0,1440.0
538008115,1713817864,13.531917,-23.964518,116.0,0,1440.0
538008115,1713818314,13.512183,-23.949917,116.0,0,1430.0
538008115,1713818884,13.4875,-23.930901,114.0,0,1390.0
538008115,1713819016,13.48225,-23.926167,115.0,0,1390.0
538008115,1713819135,13.477433,-23.921783,116.0,0,1370.0
538008115,1713819482,13.462983,-23.909367,115.0,0,1400.0
538008115,1713819664,13.455467,-23.902967,116.0,0,1410.0
538008115,1713819866,13.447,-23.89595,115.0,0,1410.0
538008115,1713819975,13.4424,-23.892117,115.0,0,1400.0
538008115,1713820106,13.436933,-23.88765,115.0,0,1410.0
538008115,1713820175,13.434,-23.8853,115.0,0,1410.0
538008115,1713820343,13.426733,-23.879618,116.0,0,1420.0
538008115,1713820503,13.41985,-23.8743,115.0,0,1410.0
538008115,1713820613,13.415117,-23.87055,116.0,0,1420.0
538008115,1713820743,13.409567,-23.866266,114.0,0,1420.0
538008115,1713820856,13.40485,-23.86265,114.0,0,1430.0
538008115,1713821006,13.398433,-23.857599,113.0,0,1410.0
538008115,1713821202,13.389967,-23.851067,114.0,0,1430.0
538008115,1713821362,13.383017,-23.8458,114.0,0,1420.0
538008115,1713821403,13.381333,-23.84445,113.0,0,1410.0
538008115,1713821426,13.38055,-23.8438,114.0,0,1410.0
538008115,1713821686,13.369433,-23.834984,115.0,0,1420.0
538008115,1713822083,13.352483,-23.821533,114.0,0,1420.0
538008115,1713822113,13.351217,-23.820517,115.0,0,1420.0
538008115,1713822143,13.349983,-23.81955,114.0,0,1420.0
538008115,1713822264,13.344883,-23.815434,115.0,0,1410.0
538008115,1713822366,13.340633,-23.812017,115.0,0,1410.0
538008115,1713822543,13.332917,-23.806017,114.0,0,1420.0
538008115,1713822676,13.327367,-23.801649,115.0,0,1410.0
538008115,1713822775,13.3232,-23.798401,114.0,0,1420.0
538008115,1713822994,13.313783,-23.790934,115.0,0,1420.0
538008115,1713823043,13.3117,-23.789284,114.0,0,1420.0
538008115,1713823134,13.307833,-23.786249,114.0,0,1410.0
538008115,1713823258,13.3027,-23.782167,115.0,0,1420.0
538008115,1713823494,13.29255,-23.774,115.0,0,1420.0
538008115,1713824463,13.251817,-23.741882,112.0,0,1420.0
538008115,1713825063,13.227083,-23.721567,113.0,0,1400.0
538008115,1713825158,13.22335,-23.718533,112.0,0,1410.0
538008115,1713825463,13.210617,-23.707933,112.0,0,1400.0
538008115,1713825649,13.20315,-23.701933,112.0,0,1410.0
538008115,1713825776,13.197767,-23.697617,112.0,0,1410.0
538008115,1713825946,13.19085,-23.691917,111.0,0,1400.0
538008115,1713826027,13.187567,-23.689133,111.0,0,1400.0
538008115,1713826182,13.181117,-23.683701,112.0,0,1400.0
538008115,1713826213,13.1799,-23.682716,112.0,0,1410.0
538008115,1713826296,13.176517,-23.680134,111.0,0,1430.0
538008115,1713826424,13.171067,-23.675934,110.0,0,1420.0
538008115,1713826554,13.165783,-23.67165,110.0,0,1420.0
538008115,1713826726,13.1587,-23.666183,111.0,0,1430.0
538008115,1713826892,13.151783,-23.660784,110.0,0,1420.0
538008115,1713827474,13.12785,-23.642099,110.0,0,1420.0
538008115,1713827583,13.12335,-23.638567,110.0,0,1420.0
538008115,1713827763,13.115917,-23.632717,110.0,0,1420.0
538008115,1713827885,13.111017,-23.628817,110.0,0,1410.0
538008115,1713827972,13.10725,-23.625799,110.0,0,1410.0
538008115,1713828001,13.106083,-23.624866,110.0,0,1420.0
538008115,1713828002,13.106083,-23.624866,110.0,0,1420.0
538008115,1713828011,13.105667,-23.62455,110.0,0,1420.0
538008115,1713828014,13.105667,-23.62455,110.0,0,1420.0
538008115,1713828022,13.10525,-23.624216,110.0,0,1410.0
538008115,1713828032,13.10485,-23.623882,110.0,0,1410.0
538008115,1713828072,13.10325,-23.622618,110.0,0,1420.0
538008115,1713828074,13.10325,-23.622618,110.0,0,1420.0
538008115,1713828081,13.1028,-23.622267,110.0,0,1420.0
538008115,1713828101,13.102017,-23.621651,110.0,0,1420.0
538008115,1713828141,13.100367,-23.620333,111.0,0,1420.0
538008115,1713828152,13.099917,-23.619984,111.0,0,1420.0
538008115,1713828172,13.099083,-23.61935,111.0,0,1420.0
538008115,1713828181,13.0987,-23.619049,111.0,0,1420.0
538008115,1713828192,13.09825,-23.6187,111.0,0,1430.0
538008115,1713828201,13.097867,-23.618418,111.0,0,1430.0
538008115,1713828212,13.097417,-23.61805,110.0,0,1420.0
538008115,1713828221,13.09705,-23.617767,111.0,0,1420.0
538008115,1713828232,13.096633,-23.617451,110.0,0,1430.0
538008115,1713828241,13.096183,-23.617083,110.0,0,1420.0
538008115,1713828252,13.09575,-23.616716,110.0,0,1420.0
538008115,1713828261,13.095367,-23.616417,110.0,0,1420.0
538008115,1713828277,13.094917,-23.616068,110.0,0,1420.0
538008115,1713828321,13.092967,-23.614517,110.0,0,1410.0
538008115,1713828332,13.092533,-23.614149,110.0,0,1400.0
538008115,1713828341,13.092217,-23.613882,110.0,0,1400.0
538008115,1713828344,13.092217,-23.613882,110.0,0,1400.0
538008115,1713828351,13.091733,-23.613501,110.0,0,1410.0
538008115,1713828352,13.091733,-23.613501,110.0,0,1410.0
538008115,1713828360,13.0914,-23.613234,110.0,0,1410.0
538008115,1713828372,13.090867,-23.612818,110.0,0,1410.0
538008115,1713828380,13.09055,-23.612551,110.0,0,1410.0
538008115,1713828381,13.09055,-23.612551,110.0,0,1410.0
538008115,1713828392,13.090067,-23.61215,110.0,0,1400.0
538008115,1713828400,13.08975,-23.611883,110.0,0,1400.0
538008115,1713828401,13.08975,-23.611883,110.0,0,1400.0
538008115,1713828420,13.08895,-23.611217,110.0,0,1410.0
538008115,1713828432,13.0885,-23.610849,110.0,0,1410.0
538008115,1713828452,13.087683,-23.610167,110.0,0,1410.0
538008115,1713828492,13.08605,-23.60885,111.0,0,1410.0
538008115,1713828512,13.085233,-23.6082,111.0,0,1410.0
538008115,1713828516,13.085233,-23.6082,111.0,0,1410.0
538008115,1713828540,13.084017,-23.607283,111.0,0,1420.0
538008115,1713828552,13.083517,-23.606916,111.0,0,1430.0
538008115,1713828684,13.078033,-23.602934,110.0,0,1430.0
538008115,1713828961,13.066433,-23.594366,109.0,0,1440.0
538008115,1713829045,13.063033,-23.591833,109.0,0,1430.0
538008115,1713829196,13.057017,-23.586983,110.0,0,1410.0
538008115,1713829275,13.053783,-23.584368,109.0,0,1410.0
538008115,1713829406,13.048567,-23.580067,110.0,0,1400.0
538008115,1713830175,13.017933,-23.554216,109.0,0,1410.0
538008115,1713830256,13.014767,-23.55155,109.0,0,1400.0
538008115,1713830393,13.009167,-23.546967,110.0,0,1420.0
538008115,1713831135,12.979067,-23.522751,110.0,0,1400.0
538008115,1713831325,12.971483,-23.5165,110.0,0,1410.0
538008115,1713831913,12.947667,-23.497168,110.0,0,1420.0
538008115,1713832026,12.94325,-23.493616,110.0,0,1410.0
538008115,1713832174,12.9371,-23.4888,110.0,0,1430.0
538008115,1713832195,12.936217,-23.48815,110.0,0,1430.0
538008115,1713832253,12.933767,-23.4863,110.0,0,1430.0
538008115,1713832334,12.93045,-23.483801,110.0,0,1420.0
538008115,1713832465,12.925083,-23.479532,110.0,0,1420.0
538008115,1713832474,12.92475,-23.479282,109.0,0,1410.0
538008115,1713832535,12.92235,-23.477333,110.0,0,1410.0
538008115,1713832544,12.9219,-23.476982,110.0,0,1410.0
538008115,1713832683,12.916317,-23.472418,109.0,0,1400.0
538008115,1713833534,12.881333,-23.445749,110.0,0,1420.0
538008115,1713833753,12.872567,-23.438766,109.0,0,1410.0
538008115,1713833761,12.872133,-23.4384,109.0,0,1410.0
538008115,1713833821,12.869767,-23.436518,108.0,0,1410.0
538008115,1713833831,12.869367,-23.436199,108.0,0,1410.0
538008115,1713833881,12.86735,-23.434601,108.0,0,1420.0
538008115,1713833884,12.86735,-23.434601,108.0,0,1420.0
538008115,1713833922,12.865733,-23.433332,109.0,0,1420.0
538008115,1713834096,12.858767,-23.428101,108.0,0,1430.0
538008115,1713834125,12.85755,-23.4272,108.0,0,1430.0
538008115,1713834164,12.85595,-23.425949,108.0,0,1430.0
538008115,1713834404,12.846383,-23.418333,109.0,0,1410.0
538008115,1713834536,12.841117,-23.4142,108.0,0,1420.0
538008115,1713834676,12.8355,-23.409901,107.0,0,1430.0
538008115,1713834685,12.835033,-23.409567,107.0,0,1430.0
538008115,1713835035,12.821417,-23.398149,106.0,0,1380.0
538008115,1713835243,12.81345,-23.3911,108.0,0,1400.0
538008115,1713835354,12.809083,-23.38755,109.0,0,1400.0
538008115,1713835444,12.80555,-23.384632,109.0,0,1400.0
538008115,1713835535,12.801933,-23.381701,109.0,0,1410.0
538008115,1713835655,12.79715,-23.377867,108.0,0,1420.0
538008115,1713835724,12.7944,-23.375601,109.0,0,1400.0
538008115,1713835784,12.79205,-23.37365,109.0,0,1410.0
538008115,1713835912,12.786933,-23.369484,108.0,0,1410.0
538008115,1713836094,12.7798,-23.363632,108.0,0,1400.0
538008115,1713836134,12.7782,-23.362301,108.0,0,1400.0
538008115,1713836255,12.773517,-23.358368,108.0,0,1400.0
538008115,1713836442,12.76595,-23.352367,109.0,0,1430.0
538008115,1713836676,12.756583,-23.345182,109.0,0,1420.0
538008115,1713836826,12.750317,-23.340517,109.0,0,1440.0
538008115,1713836853,12.749117,-23.339634,109.0,0,1430.0
538008115,1713836885,12.747867,-23.338667,109.0,0,1420.0
538008115,1713837293,12.731567,-23.325483,109.0,0,1410.0
538008115,1713837897,12.707467,-23.306017,110.0,0,1410.0
538008115,1713838204,12.694967,-23.296083,109.0,0,1410.0
538008115,1713838495,12.683417,-23.28685,109.0,0,1410.0
538008115,1713838585,12.679767,-23.283966,109.0,0,1420.0
538008115,1713838672,12.6762,-23.281166,108.0,0,1420.0
538008115,1713838742,12.67335,-23.278933,109.0,0,1420.0
538008115,1713838914,12.666383,-23.2736,108.0,0,1420.0
538008115,1713839425,12.6463,-23.257032,108.0,0,1420.0
538008115,1713839635,12.637933,-23.250418,108.0,0,1420.0
538008115,1713839933,12.62585,-23.241034,109.0,0,1420.0
538008115,1713839956,12.625,-23.2404,109.0,0,1430.0
538008115,1713840065,12.620583,-23.236883,109.0,0,1410.0
538008115,1713840532,12.601783,-23.221983,109.0,0,1400.0
538008115,1713840802,12.5908,-23.213383,110.0,0,1430.0
538008115,1713840867,12.5883,-23.211416,111.0,0,1420.0
538008115,1713840925,12.585817,-23.209433,110.0,0,1420.0
538008115,1713841835,12.549333,-23.179583,111.0,0,1400.0
538008115,1713841956,12.54455,-23.175583,111.0,0,1400.0
538008115,1713842013,12.542117,-23.173582,111.0,0,1410.0
538008115,1713842733,12.51335,-23.149967,110.0,0,1420.0
538008115,1713842834,12.509283,-23.146767,110.0,0,1420.0
538008115,1713842964,12.504067,-23.14245,111.0,0,1400.0
538008115,1713843084,12.499283,-23.138533,110.0,0,1410.0
538008115,1713843645,12.476267,-23.120501,111.0,0,1420.0
538008115,1713843675,12.475083,-23.119568,111.0,0,1420.0
538008115,1713843795,12.4702,-23.115683,111.0,0,1410.0
538008115,1713843957,12.463517,-23.110451,111.0,0,1420.0
538008115,1713844064,12.4591,-23.107067,111.0,0,1430.0
538008115,1713844075,12.458633,-23.106716,111.0,0,1430.0
538008115,1713844134,12.45605,-23.104767,111.0,0,1430.0
538008115,1713844154,12.500467,-23.139482,110.0,0,1420.0
538008115,1713844183,12.454033,-23.103201,111.0,0,1420.0
538008115,1713844244,12.451567,-23.10125,111.0,0,1420.0
538008115,1713844614,12.436317,-23.089367,111.0,0,1430.0
538008115,1713844856,12.426417,-23.081734,111.0,0,1420.0
538008115,1713845094,12.416533,-23.074051,110.0,0,1430.0
538008115,1713845186,12.412867,-23.07115,109.0,0,1420.0
538008115,1713845243,12.410467,-23.069218,110.0,0,1410.0
538008115,1713845304,12.408117,-23.067301,109.0,0,1410.0
538008115,1713845363,12.40565,-23.06535,109.0,0,1420.0
538008115,1713845477,12.401183,-23.061783,109.0,0,1410.0
538008115,1713845533,12.398883,-23.059851,109.0,0,1400.0
538008115,1713845765,12.3898,-23.052383,109.0,0,1410.0
538008115,1713845796,12.388583,-23.051382,109.0,0,1410.0
538008115,1713845802,12.388167,-23.05105,109.0,0,1410.0
538008115,1713845856,12.386183,-23.049482,109.0,0,1410.0
538008115,1713845925,12.383383,-23.047182,109.0,0,1400.0
538008115,1713846131,12.375217,-23.04015,110.0,0,1390.0
538008115,1713846174,12.373583,-23.038782,110.0,0,1400.0
538008115,1713846194,12.372867,-23.038183,110.0,0,1400.0
538008115,1713846255,12.37035,-23.036133,110.0,0,1410.0
538008115,1713846405,12.3644,-23.031233,110.0,0,1400.0
538008115,1713846496,12.3609,-23.028316,110.0,0,1400.0
538008115,1713846614,12.356083,-23.024401,110.0,0,1410.0
538008115,1713846682,12.35325,-23.0221,110.0,0,1410.0
538008115,1713847133,12.33515,-23.007282,109.0,0,1400.0
538008115,1713847213,12.331933,-23.004749,110.0,0,1420.0
538008115,1713847367,12.325733,-22.999983,110.0,0,1430.0
538008115,1713847485,12.3208,-22.99625,109.0,0,1430.0
538008115,1713847585,12.316617,-22.993116,109.0,0,1420.0
538008115,1713847664,12.313417,-22.990618,109.0,0,1420.0
538008115,1713847785,12.30855,-22.986834,109.0,0,1420.0
538008115,1713847825,12.306933,-22.985567,109.0,0,1420.0
538008115,1713848117,12.295333,-22.976183,108.0,0,1410.0
538008115,1713848223,12.290883,-22.972733,109.0,0,1430.0
538008115,1713848343,12.285983,-22.968967,109.0,0,1420.0
538008115,1713848436,12.28235,-22.966101,109.0,0,1410.0
538008115,1713848566,12.277167,-22.961967,109.0,0,1410.0
538008115,1713848755,12.269467,-22.955851,109.0,0,1410.0
538008115,1713848774,12.268667,-22.9552,109.0,0,1410.0
538008115,1713848794,12.2678,-22.954517,110.0,0,1410.0
538008115,1713848804,12.2674,-22.954201,110.0,0,1410.0
538008115,1713848875,12.264533,-22.951967,110.0,0,1420.0
538008115,1713849007,12.259183,-22.947817,111.0,0,1430.0
538008115,1713849095,12.255517,-22.94495,110.0,0,1410.0
538008115,1713849263,12.248567,-22.939501,111.0,0,1420.0
538008115,1713849523,12.2381,-22.931168,109.0,0,1420.0
538008115,1713849732,12.229617,-22.924467,110.0,0,1420.0
538008115,1713850085,12.215333,-22.913334,109.0,0,1420.0
538008115,1713850201,12.210417,-22.909582,110.0,0,1430.0
538008115,1713851016,12.177783,-22.883432,108.0,0,1420.0
538008115,1713851086,12.174917,-22.881149,109.0,0,1410.0
538008115,1713851125,12.173333,-22.879932,108.0,0,1420.0
538008115,1713851274,12.167333,-22.87505,108.0,0,1400.0
538008115,1713851336,12.164933,-22.87315,108.0,0,1420.0
538008115,1713851525,12.157117,-22.86725,108.0,0,1420.0
538008115,1713851813,12.145383,-22.858282,109.0,0,1440.0
538008115,1713851995,12.138,-22.852818,109.0,0,1430.0
538008115,1713852025,12.13675,-22.851933,109.0,0,1440.0
538008115,1713852614,12.112633,-22.833567,110.0,0,1430.0
538008115,1713852735,12.107717,-22.829718,110.0,0,1420.0
538008115,1713852907,12.10095,-22.824301,108.0,0,1410.0
538008115,1713852917,12.10055,-22.823967,108.0,0,1410.0
538008115,1713853155,12.090783,-22.816467,109.0,0,1430.0
538008115,1713853744,12.067033,-22.79805,108.0,0,1400.0
538008115,1713853794,12.064933,-22.796368,109.0,0,1410.0
538008115,1713853902,12.0607,-22.7929,108.0,0,1400.0
538008115,1713854441,12.0395,-22.775368,109.0,0,1390.0
538008115,1713854536,12.035933,-22.772301,109.0,0,1390.0
538008115,1713854654,12.031217,-22.768333,109.0,0,1400.0
538008115,1713854836,12.024167,-22.762333,109.0,0,1390.0
538008115,1713854866,12.022983,-22.761299,109.0,0,1390.0
538008115,1713854915,12.02105,-22.759632,109.0,0,1390.0
538008115,1713854986,12.018267,-22.757317,110.0,0,1410.0
538008115,1713855164,12.011017,-22.7514,110.0,0,1410.0
538008115,1713855264,12.007033,-22.748117,110.0,0,1410.0
538008115,1713855334,12.004217,-22.745867,110.0,0,1410.0
538008115,1713855534,11.99615,-22.739416,110.0,0,1420.0
538008115,1713855687,11.9901,-22.734501,110.0,0,1400.0
538008115,1713855772,11.986583,-22.731483,109.0,0,1390.0
538008115,1713855876,11.9826,-22.728216,110.0,0,1410.0
538008115,1713855932,11.980233,-22.726217,109.0,0,1400.0
538008115,1713856162,11.970967,-22.718782,110.0,0,1410.0
538008115,1713856224,11.9685,-22.716818,109.0,0,1420.0
538008115,1713856304,11.965283,-22.7143,110.0,0,1420.0
538008115,1713856313,11.964817,-22.713949,110.0,0,1420.0
538008115,1713856615,11.9527,-22.704367,110.0,0,1420.0
538008115,1713856703,11.94905,-22.701532,110.0,0,1420.0
538008115,1713856857,11.942917,-22.69665,111.0,0,1420.0
538008115,1713857005,11.9368,-22.691833,111.0,0,1420.0
538008115,1713857257,11.926383,-22.683733,112.0,0,1430.0
538008115,1713857355,11.922167,-22.680599,111.0,0,1430.0
538008115,1713857455,11.9181,-22.677433,111.0,0,1410.0
538008115,1713857634,11.91055,-22.671618,114.0,0,1420.0
538008115,1713857844,11.901867,-22.664783,112.0,0,1420.0
538008115,1713858164,11.88845,-22.654432,112.0,0,1430.0
538008115,1713858254,11.8847,-22.651632,112.0,0,1430.0
538008115,1713858732,11.8646,-22.636101,113.0,0,1410.0
538008115,1713859035,11.851917,-22.626217,113.0,0,1410.0
538008115,1713859145,11.847367,-22.622618,113.0,0,1420.0
538008115,1713859207,11.844883,-22.620632,112.0,0,1410.0
538008115,1713859346,11.839,-22.616217,112.0,0,1440.0
538008115,1713859367,11.83815,-22.615583,111.0,0,1440.0
538008115,1713859553,-26.148382,49.202232,121.0,0,2420.0
538008115,1713859752,11.822483,-22.602882,110.0,0,1390.0
538008115,1713859975,11.813783,-22.5956,110.0,0,1400.0
538008115,1713860315,11.8002,-22.584284,109.0,0,1400.0
538008115,1713860818,11.78065,-22.567867,109.0,0,1410.0
538008115,1713860844,11.779483,-22.566883,109.0,0,1400.0
538008115,1713861065,11.77085,-22.559549,109.0,0,1400.0
538008115,1713861203,11.765333,-22.554983,109.0,0,1400.0
538008115,1713861463,11.75505,-22.546482,110.0,0,1410.0
538008115,1713862143,11.727533,-22.524599,109.0,0,1430.0
538008115,1713862293,11.72155,-22.51985,107.0,0,1410.0
538008115,1713862394,11.717533,-22.516718,108.0,0,1420.0
538008115,1713862625,11.70825,-22.509701,108.0,0,1420.0
538008115,1713863038,11.69165,-22.497133,108.0,0,1410.0
538008115,1713863196,11.685367,-22.49205,109.0,0,1420.0
538008115,1713863253,11.68295,-22.490217,109.0,0,1430.0
538008115,1713863435,11.67565,-22.484617,109.0,0,1420.0
538008115,1713863594,11.669167,-22.479467,108.0,0,1410.0
538008115,1713863675,11.666017,-22.476982,108.0,0,1420.0
538008115,1713863785,11.6615,-22.473534,108.0,0,1420.0
538008115,1713864166,11.646533,-22.461582,107.0,0,1400.0
538008115,1713864255,11.643,-22.458651,107.0,0,1410.0
538008115,1713864448,11.635433,-22.45265,108.0,0,1420.0
538008115,1713864487,11.633833,-22.451401,108.0,0,1420.0
538008115,1713864633,11.628017,-22.446568,108.0,0,1410.0
538008115,1713864685,11.625933,-22.444918,109.0,0,1420.0
538008115,1713865013,11.6129,-22.434418,108.0,0,1420.0
538008115,1713865063,11.6109,-22.432882,108.0,0,1420.0
538008115,1713865253,11.603267,-22.42695,109.0,0,1420.0
538008115,1713865303,11.601233,-22.42535,109.0,0,1420.0
538008115,1713865315,11.600833,-22.425034,109.0,0,1410.0
538008115,1713865445,11.595633,-22.420834,109.0,0,1410.0
538008115,1713865695,11.585533,-22.412968,109.0,0,1430.0
538008115,1713865786,11.581883,-22.410151,108.0,0,1420.0
538008115,1713865815,11.5807,-22.409184,108.0,0,1410.0
538008115,1713865845,11.579533,-22.408234,108.0,0,1410.0
538008115,1713865984,11.574033,-22.403784,108.0,0,1410.0
538008115,1713866436,11.5556,-22.38975,109.0,0,1420.0
538008115,1713866825,11.540017,-22.377234,109.0,0,1410.0
538008115,1713866944,11.535283,-22.3734,108.0,0,1420.0
538008115,1713867104,11.52885,-22.36845,107.0,0,1420.0
538008115,1713867687,11.505833,-22.350166,108.0,0,1430.0
538008115,1713867717,11.504567,-22.349216,108.0,0,1430.0
538008115,1713867787,11.50175,-22.347099,108.0,0,1430.0
538008115,1713868192,11.4857,-22.334482,106.0,0,1420.0
538008115,1713868334,11.480233,-22.330168,106.0,0,1410.0
538008115,1713868394,11.4779,-22.328318,105.0,0,1410.0
538008115,1713868546,11.472033,-22.323683,105.0,0,1420.0
538008115,1713868613,11.469367,-22.321568,104.0,0,1410.0
538008115,1713868745,11.464383,-22.317533,104.0,0,1410.0
538008115,1713868803,11.462133,-22.315718,104.0,0,1410.0
538008115,1713868923,11.4575,-22.31205,104.0,0,1420.0
538008115,1713868984,11.4552,-22.310249,104.0,0,1430.0
538008115,1713869464,11.4367,-22.2957,105.0,0,1420.0
538008115,1713869585,11.431967,-22.291967,105.0,0,1420.0
538008115,1713869861,11.421067,-22.2833,106.0,0,1410.0
538008115,1713869875,11.4207,-22.283001,106.0,0,1420.0
538008115,1713869931,11.4183,-22.281151,106.0,0,1410.0
538008115,1713869961,11.41715,-22.280199,106.0,0,1410.0
538008115,1713870012,11.415217,-22.27865,106.0,0,1410.0
538008115,1713870030,11.414467,-22.278049,107.0,0,1410.0
538008115,1713870031,11.414467,-22.278049,107.0,0,1410.0
538008115,1713870040,11.414083,-22.277733,107.0,0,1410.0
538008115,1713870051,11.41365,-22.277384,107.0,0,1410.0
538008115,1713870062,11.41325,-22.277082,107.0,0,1410.0
538008115,1713870072,11.41285,-22.276768,106.0,0,1410.0
538008115,1713870090,11.41215,-22.276199,106.0,0,1410.0
538008115,1713870091,11.41215,-22.276199,106.0,0,1410.0
538008115,1713870100,11.411733,-22.275867,106.0,0,1410.0
538008115,1713870122,11.410867,-22.275183,106.0,0,1410.0
538008115,1713870150,11.409767,-22.2743,107.0,0,1410.0
538008115,1713870170,11.408983,-22.273666,107.0,0,1410.0
538008115,1713870192,11.408167,-22.273018,107.0,0,1410.0
538008115,1713870220,11.407083,-22.272133,106.0,0,1410.0
538008115,1713870221,11.407083,-22.272133,106.0,0,1410.0
538008115,1713870230,11.40665,-22.271799,106.0,0,1410.0
538008115,1713870231,11.40665,-22.271799,106.0,0,1410.0
538008115,1713870252,11.405783,-22.271116,106.0,0,1410.0
538008115,1713870262,11.405433,-22.270832,107.0,0,1410.0
538008115,1713870290,11.404283,-22.269917,107.0,0,1410.0
538008115,1713870301,11.4039,-22.2696,107.0,0,1410.0
538008115,1713870320,11.403167,-22.268999,107.0,0,1410.0
538008115,1713870361,11.401567,-22.267717,107.0,0,1410.0
538008115,1713870372,11.401133,-22.267349,107.0,0,1410.0
538008115,1713870421,11.399167,-22.2658,107.0,0,1420.0
538008115,1713870431,11.398767,-22.265484,107.0,0,1420.0
538008115,1713870440,11.3984,-22.2652,107.0,0,1420.0
538008115,1713870594,11.392433,-22.260668,106.0,0,1420.0
538008115,1713870846,11.382617,-22.252817,106.0,0,1410.0
538008115,1713870976,11.377583,-22.248833,106.0,0,1420.0
538008115,1713871047,11.374683,-22.246584,107.0,0,1420.0
538008115,1713871067,11.37395,-22.245983,107.0,0,1410.0
538008115,1713871363,11.362083,-22.236717,108.0,0,1430.0
538008115,1713871523,11.355633,-22.23175,109.0,0,1420.0
538008115,1713871865,11.341867,-22.221184,107.0,0,1420.0
538008115,1713872047,11.335017,-22.215151,107.0,0,1380.0
538008115,1713872465,11.318883,-22.201418,108.0,0,1390.0
538008115,1713872944,11.29995,-22.186083,110.0,0,1420.0
538008115,1713873071,11.294733,-22.181801,110.0,0,1410.0
538008115,1713873234,11.2883,-22.17675,109.0,0,1410.0
538008115,1713873291,11.285917,-22.174816,109.0,0,1410.0
538008115,1713873539,11.27645,-22.167084,108.0,0,1390.0
538008115,1713873558,11.27575,-22.166483,108.0,0,1390.0
538008115,1713873823,11.265017,-22.157766,109.0,0,1410.0
538008115,1713874213,11.249433,-22.145067,109.0,0,1420.0
538008115,1713874333,11.2446,-22.141251,109.0,0,1420.0
538008115,1713874853,11.223617,-22.125032,109.0,0,1420.0
538008115,1713875025,11.21685,-22.119551,110.0,0,1410.0
538008115,1713875265,11.207133,-22.111834,111.0,0,1410.0
538008115,1713875404,11.2014,-22.10725,112.0,0,1420.0
538008115,1713875460,11.198933,-22.10535,112.0,0,1420.0
538008115,1713875505,11.197283,-22.104116,112.0,0,1420.0
538008115,1713875510,11.196833,-22.103767,112.0,0,1420.0
538008115,1713875521,11.196417,-22.103451,112.0,0,1420.0
538008115,1713875551,11.195133,-22.102467,112.0,0,1420.0
538008115,1713875571,11.194317,-22.101816,112.0,0,1420.0
538008115,1713875581,11.193933,-22.101517,112.0,0,1420.0
538008115,1713875592,11.193483,-22.101168,113.0,0,1420.0
538008115,1713875631,11.191883,-22.099867,112.0,0,1410.0
538008115,1713875633,11.191883,-22.099867,112.0,0,1410.0
538008115,1713875641,11.191467,-22.099533,113.0,0,1410.0
538008115,1713875652,11.191017,-22.099167,113.0,0,1410.0
538008115,1713875691,11.1894,-22.097834,113.0,0,1410.0
538008115,1713875701,11.189,-22.0975,113.0,0,1410.0
538008115,1713875711,11.188633,-22.097183,113.0,0,1400.0
538008115,1713875721,11.1882,-22.096849,113.0,0,1400.0
538008115,1713875731,11.18775,-22.096466,113.0,0,1400.0
538008115,1713875741,11.187333,-22.096149,113.0,0,1410.0
538008115,1713875742,11.187333,-22.096149,113.0,0,1410.0
538008115,1713875751,11.186967,-22.09585,113.0,0,1410.0
538008115,1713875761,11.18655,-22.095516,113.0,0,1410.0
538008115,1713875781,11.185717,-22.094868,113.0,0,1420.0
538008115,1713875791,11.1853,-22.094549,113.0,0,1420.0
538008115,1713875792,11.1853,-22.094549,113.0,0,1420.0
538008115,1713875811,11.184467,-22.093901,113.0,0,1420.0
538008115,1713875815,11.184467,-22.093901,113.0,0,1420.0
538008115,1713875821,11.18405,-22.093582,113.0,0,1420.0
538008115,1713875831,11.183667,-22.0933,113.0,0,1420.0
538008115,1713875851,11.182767,-22.092583,113.0,0,1420.0
538008115,1713875861,11.18235,-22.092266,113.0,0,1420.0
538008115,1713875870,11.181967,-22.091967,113.0,0,1420.0
538008115,1713875881,11.18155,-22.09165,113.0,0,1420.0
538008115,1713875891,11.181133,-22.091316,113.0,0,1420.0
538008115,1713875921,11.179867,-22.090349,113.0,0,1420.0
538008115,1713875926,11.179867,-22.090349,113.0,0,1420.0
538008115,1713875941,11.179,-22.089666,113.0,0,1420.0
538008115,1713875951,11.178617,-22.089367,114.0,0,1420.0
538008115,1713875961,11.1782,-22.089033,114.0,0,1420.0
538008115,1713876175,11.16935,-22.082184,113.0,0,1420.0
538008115,1713876305,11.163883,-22.078083,112.0,0,1430.0
538008115,1713876362,11.16135,-22.076166,112.0,0,1420.0
538008115,1713876903,11.415217,-22.27865,106.0,0,1410.0
538008115,1713877561,11.11245,-22.037216,109.0,0,1420.0
538008115,1713877713,11.106367,-22.032551,109.0,0,1430.0
538008115,1713877771,11.10395,-22.030684,108.0,0,1410.0
538008115,1713877883,11.0996,-22.027134,108.0,0,1410.0
538008115,1713877945,11.0972,-22.025249,109.0,0,1420.0
538008115,1713878035,11.09355,-22.022484,109.0,0,1430.0
538008115,1713878386,11.079517,-22.011433,109.0,0,1430.0
538008115,1713878656,11.068433,-22.003099,109.0,0,1430.0
538008115,1713879523,11.03275,-21.975401,110.0,0,1420.0
538008115,1713879633,11.02815,-21.971817,110.0,0,1410.0
538008115,1713879646,11.027833,-21.971567,111.0,0,1410.0
538008115,1713879897,11.017783,-21.963467,111.0,0,1420.0
538008115,1713880113,11.0088,-21.956333,110.0,0,1410.0
538008115,1713880174,11.006417,-21.95435,110.0,0,1400.0
538008115,1713880364,10.998717,-21.948233,110.0,0,1420.0
538008115,1713880604,10.98905,-21.940634,109.0,0,1400.0
538008115,1713880868,10.978667,-21.932249,109.0,0,1420.0
538008115,1713880907,-26.738483,47.951069,124.0,0,2440.0
538008115,1713881235,10.963783,-21.920418,109.0,0,1400.0
538008115,1713881251,-26.7631,47.893768,121.0,0,2430.0
538008115,1713881492,10.953367,-21.912117,110.0,0,1430.0
538008115,1713882026,10.9321,-21.895184,108.0,0,1390.0
538008115,1713882076,10.930117,-21.893534,108.0,0,1400.0
538008115,1713882215,10.924467,-21.88905,110.0,0,1420.0
538008115,1713882436,10.915567,-21.881968,110.0,0,1400.0
538008115,1713882604,10.9087,-21.876484,110.0,0,1420.0
538008115,1713883215,10.883883,-21.857117,110.0,0,1420.0
538008115,1713883298,10.880533,-21.854517,110.0,0,1420.0
538008115,1713883337,10.878917,-21.8533,111.0,0,1420.0
538008115,1713883416,10.87555,-21.85075,110.0,0,1430.0
538008115,1713883588,10.8687,-21.84535,109.0,0,1410.0
538008115,1713884386,10.836083,-21.820183,110.0,0,1410.0
538008115,1713884485,10.831867,-21.816967,111.0,0,1430.0
538008115,1713884587,10.8278,-21.8139,111.0,0,1430.0
538008115,1713884634,10.825667,-21.812267,110.0,0,1420.0
538008115,1713884694,10.823233,-21.810333,112.0,0,1410.0
538008115,1713884982,10.81145,-21.800667,112.0,0,1400.0
538008115,1713885307,10.798717,-21.789801,111.0,0,1400.0
538008115,1713885434,10.793467,-21.7854,112.0,0,1400.0
538008115,1713885674,10.78385,-21.777367,111.0,0,1410.0
538008115,1713885703,10.7826,-21.776333,111.0,0,1400.0
538008115,1713885795,10.779017,-21.77335,112.0,0,1400.0
538008115,1713886153,10.764583,-21.761566,110.0,0,1410.0
538008115,1713886374,10.755633,-21.75445,111.0,0,1420.0
538008115,1713886925,10.733433,-21.736517,111.0,0,1400.0
538008115,1713887045,10.728583,-21.732616,111.0,0,1420.0
538008115,1713887204,10.722133,-21.727501,109.0,0,1410.0
538008115,1713887483,10.711017,-21.718399,110.0,0,1420.0
538008115,1713887885,10.6946,-21.706017,110.0,0,1420.0
538008115,1713888263,10.678817,-21.69405,111.0,0,1420.0
538008115,1713888901,10.652483,-21.673483,112.0,0,1410.0
538008115,1713889116,10.643717,-21.666767,112.0,0,1430.0
538008115,1713889212,10.6395,-21.6637,112.0,0,1450.0
538008115,1713889504,10.6272,-21.65465,112.0,0,1430.0
538008115,1713889614,10.62255,-21.651182,112.0,0,1440.0
538008115,1713889735,10.617483,-21.647467,111.0,0,1430.0
538008115,1713889813,10.614217,-21.644917,111.0,0,1410.0
538008115,1713890013,10.60605,-21.638416,111.0,0,1420.0
538008115,1713890664,10.5795,-21.617382,111.0,0,1420.0
538008115,1713890844,10.572167,-21.611532,111.0,0,1410.0
538008115,1713890850,-26.8601,47.687016,127.0,0,2440.0
538008115,1713890973,10.566833,-21.607332,111.0,0,1420.0
538008115,1713891064,10.563183,-21.604433,111.0,0,1410.0
538008115,1713891333,10.552333,-21.59565,110.0,0,1410.0
538008115,1713891453,10.547483,-21.591818,110.0,0,1420.0
538008115,1713891656,10.539433,-21.585466,109.0,0,1420.0
538008115,1713891724,10.53655,-21.58325,110.0,0,1420.0
538008115,1713891965,10.526817,-21.575617,110.0,0,1410.0
538008115,1713892187,10.517983,-21.568567,110.0,0,1410.0
538008115,1713892685,10.497867,-21.552601,109.0,0,1410.0
538008115,1713892917,10.4885,-21.545366,110.0,0,1420.0
538008115,1713893175,10.47815,-21.536966,109.0,0,1400.0
538008115,1713893565,10.462767,-21.524317,108.0,0,1400.0
538008115,1713893718,10.456933,-21.519382,108.0,0,1400.0
538008115,1713893896,10.45005,-21.5135,107.0,0,1400.0
538008115,1713894036,10.444483,-21.508984,109.0,0,1420.0
538008115,1713894088,10.442483,-21.507401,108.0,0,1410.0
538008115,1713894414,10.429433,-21.496901,109.0,0,1410.0
538008115,1713894477,10.426933,-21.494917,109.0,0,1420.0
538008115,1713894604,10.421767,-21.490784,109.0,0,1400.0
538008115,1713894911,10.4095,-21.480749,109.0,0,1410.0
538008115,1713894997,10.406283,-21.478117,109.0,0,1410.0
538008115,1713895107,10.401933,-21.474567,109.0,0,1410.0
538008115,1713895216,10.397533,-21.47105,109.0,0,1410.0
538008115,1713895255,10.395967,-21.469784,109.0,0,1410.0
538008115,1713895276,10.395167,-21.469151,109.0,0,1410.0
538008115,1713895345,10.3923,-21.466867,110.0,0,1410.0
538008115,1713895726,10.377183,-21.45455,109.0,0,1420.0
538008115,1713895735,10.376767,-21.454233,109.0,0,1430.0
538008115,1713895973,10.366917,-21.446833,110.0,0,1420.0
538008115,1713896339,10.352133,-21.435717,110.0,0,1430.0
538008115,1713896744,10.33515,-21.423134,111.0,0,1430.0
538008115,1713897173,10.317467,-21.40955,111.0,0,1400.0
538008115,1713897255,10.31425,-21.40695,110.0,0,1410.0
538008115,1713897703,10.2964,-21.392218,110.0,0,1410.0
538008115,1713897856,10.290483,-21.38735,109.0,0,1410.0
538008115,1713897974,10.285683,-21.383467,110.0,0,1410.0
538008115,1713898195,10.276967,-21.376217,109.0,0,1400.0
538008115,1713898255,10.2745,-21.374283,110.0,0,1420.0
538008115,1713898823,10.251667,-21.355883,108.0,0,1410.0
538008115,1713898927,10.24765,-21.352667,109.0,0,1410.0
538008115,1713899466,10.22605,-21.335217,108.0,0,1400.0
538008115,1713900234,10.195133,-21.31085,109.0,0,1430.0
538008115,1713900295,10.192717,-21.309,109.0,0,1420.0
538008115,1713900594,10.18055,-21.29965,109.0,0,1430.0
538008115,1713900696,10.17645,-21.2966,109.0,0,1430.0
538008115,1713900895,10.168433,-21.2903,109.0,0,1410.0
538008115,1713901436,10.146733,-21.272966,109.0,0,1410.0
538008115,1713901696,10.136367,-21.264566,110.0,0,1410.0
538008115,1713902214,10.115517,-21.24785,110.0,0,1410.0
538008115,1713902295,10.112233,-21.245268,110.0,0,1420.0
538008115,1713902635,10.098567,-21.234467,110.0,0,1400.0
538008115,1713902784,10.092583,-21.229549,109.0,0,1410.0
538008115,1713903090,10.080367,-21.220016,110.0,0,1420.0
538008115,1713903217,10.075133,-21.215851,110.0,0,1410.0
538008115,1713903384,10.0682,-21.210432,110.0,0,1420.0
538008115,1713903546,10.061783,-21.205282,109.0,0,1400.0
538008115,1713903626,10.058683,-21.20265,108.0,0,1390.0
538008115,1713903766,10.053067,-21.198183,109.0,0,1410.0
538008115,1713903885,10.04825,-21.194433,109.0,0,1420.0
538008115,1713904165,10.037067,-21.1856,108.0,0,1410.0
538008115,1713904306,10.031483,-21.181232,109.0,0,1420.0
538008115,1713904405,10.027433,-21.178101,109.0,0,1420.0
538008115,1713904866,10.008933,-21.163733,108.0,0,1420.0
538008115,1713905015,10.003017,-21.159201,109.0,0,1420.0
538008115,1713905095,9.99975,-21.1567,108.0,0,1430.0
538008115,1713905224,9.994567,-21.152666,109.0,0,1410.0
538008115,1713905265,9.992983,-21.1514,108.0,0,1410.0
538008115,1713905404,9.987383,-21.147051,109.0,0,1420.0
538008115,1713905534,9.982117,-21.142982,108.0,0,1420.0
538008115,1713905694,9.975633,-21.137951,109.0,0,1420.0
538008115,1713905954,9.965283,-21.129717,110.0,0,1410.0
538008115,1713905967,9.964883,-21.129383,110.0,0,1410.0
538008115,1713906092,9.959567,-21.125366,109.0,0,1420.0
538008115,1713906162,9.956717,-21.12315,110.0,0,1420.0
538008115,1713906292,9.951383,-21.119118,110.0,0,1430.0
538008115,1713906557,9.940967,-21.110817,109.0,0,1400.0
538008115,1713906616,9.938567,-21.1089,109.0,0,1410.0
538008115,1713906736,9.9337,-21.105101,110.0,0,1410.0
538008115,1713906844,9.929233,-21.101566,110.0,0,1420.0
538008115,1713907196,9.91475,-21.090599,112.0,0,1430.0
538008115,1713907385,9.906833,-21.084583,112.0,0,1420.0
538008115,1713907646,9.895967,-21.076267,112.0,0,1420.0
538008115,1713907722,9.89265,-21.073732,111.0,0,1420.0
538008115,1713907923,9.8846,-21.067301,111.0,0,1420.0
538008115,1713908113,9.876867,-21.06115,111.0,0,1410.0
538008115,1713908423,9.864117,-21.051468,110.0,0,1420.0
538008115,1713908438,9.863683,-21.051132,110.0,0,1420.0
538008115,1713908495,9.861283,-21.049282,109.0,0,1420.0
538008115,1713908514,9.860517,-21.048668,109.0,0,1410.0
538008115,1713908585,9.857633,-21.046432,110.0,0,1420.0
538008115,1713908715,9.852367,-21.042334,110.0,0,1420.0
538008115,1713908895,9.84525,-21.036568,108.0,0,1410.0
538008115,1713909393,9.825567,-21.020933,107.0,0,1410.0
538008115,1713909492,9.821767,-21.017767,108.0,0,1400.0
538008115,1713909564,9.81895,-21.015383,109.0,0,1400.0
538008115,1713909784,9.8102,-21.008368,110.0,0,1410.0
538008115,1713910015,9.800817,-21.001133,109.0,0,1400.0
538008115,1713910354,9.786867,-20.990534,110.0,0,1420.0
538008115,1713910503,9.780783,-20.985649,110.0,0,1410.0
538008115,1713910635,9.7755,-20.981649,108.0,0,1420.0
538008115,1713910652,9.774717,-20.981033,109.0,0,1420.0
538008115,1713911321,9.747067,-20.960051,110.0,0,1430.0
538008115,1713911575,9.736733,-20.952066,109.0,0,1420.0
538008115,1713911586,9.7363,-20.95175,109.0,0,1430.0
538008115,1713911745,9.729767,-20.946716,110.0,0,1410.0
538008115,1713911958,9.721167,-20.940033,111.0,0,1430.0
538008115,1713912325,9.70605,-20.9282,109.0,0,1420.0
538008115,1713912572,9.696183,-20.91995,108.0,0,1380.0
538008115,1713912714,9.69075,-20.915182,109.0,0,1390.0
538008115,1713913003,9.67945,-20.905533,109.0,0,1400.0
538008115,1713913134,9.674317,-20.901251,109.0,0,1400.0
538008115,1713913253,9.669583,-20.897301,108.0,0,1390.0
538008115,1713913302,9.6677,-20.895617,109.0,0,1380.0
538008115,1713913398,9.664117,-20.892532,111.0,0,1400.0
538008115,1713913644,9.6539,-20.884367,110.0,0,1410.0
538008115,1713913945,9.641783,-20.874451,110.0,0,1410.0
538008115,1713914094,9.635783,-20.869417,110.0,0,1390.0
538008115,1713914165,9.633067,-20.867149,110.0,0,1400.0
538008115,1713914397,9.6238,-20.85955,111.0,0,1420.0
538008115,1713914633,9.61375,-20.852133,110.0,0,1420.0
538008115,1713914662,9.612533,-20.851168,110.0,0,1410.0
538008115,1713914703,9.61085,-20.8498,109.0,0,1400.0
538008115,1713914731,9.609733,-20.848883,109.0,0,1400.0
538008115,1713914751,9.608933,-20.848217,109.0,0,1400.0
538008115,1713914761,9.608533,-20.8479,109.0,0,1400.0
538008115,1713914772,9.6081,-20.847532,109.0,0,1400.0
538008115,1713914821,9.606133,-20.845984,109.0,0,1410.0
538008115,1713914832,9.605683,-20.845617,109.0,0,1410.0
538008115,1713914871,9.604117,-20.844366,109.0,0,1410.0
538008115,1713914881,9.6037,-20.844049,109.0,0,1410.0
538008115,1713914892,9.603267,-20.843683,109.0,0,1410.0
538008115,1713914902,9.602867,-20.843367,109.0,0,1410.0
538008115,1713914907,9.602867,-20.843367,109.0,0,1410.0
538008115,1713914911,9.6025,-20.843067,109.0,0,1400.0
538008115,1713914931,9.601717,-20.8424,109.0,0,1400.0
538008115,1713914941,9.601317,-20.842083,109.0,0,1400.0
538008115,1713914962,9.600517,-20.841433,110.0,0,1400.0
538008115,1713914971,9.60015,-20.84115,110.0,0,1400.0
538008115,1713915031,9.597717,-20.839132,109.0,0,1400.0
538008115,1713915051,9.596917,-20.838467,110.0,0,1400.0
538008115,1713915062,9.596483,-20.8381,110.0,0,1400.0
538008115,1713915101,9.594883,-20.836849,111.0,0,1410.0
538008115,1713915111,9.594517,-20.836567,111.0,0,1420.0
538008115,1713915141,9.593217,-20.8356,110.0,0,1430.0
538008115,1713915151,9.5928,-20.8353,110.0,0,1430.0
538008115,1713915162,9.59235,-20.834949,109.0,0,1430.0
538008115,1713915182,9.591517,-20.834333,109.0,0,1430.0
538008115,1713915201,9.590733,-20.833717,109.0,0,1420.0
538008115,1713915211,9.590333,-20.833418,109.0,0,1430.0
538008115,1713915222,9.589917,-20.833099,110.0,0,1420.0
538008115,1713915231,9.5895,-20.832783,109.0,0,1420.0
538008115,1713915321,9.585767,-20.83,110.0,0,1430.0
538008115,1713915362,9.58405,-20.828768,109.0,0,1430.0
538008115,1713915481,9.5791,-20.8251,109.0,0,1420.0
538008115,1713915807,9.566283,-20.814751,110.0,0,1410.0
538008115,1713916061,9.55565,-20.806566,111.0,0,1430.0
538008115,1713916101,9.553933,-20.805283,111.0,0,1430.0
538008115,1713916141,9.552317,-20.80405,110.0,0,1420.0
538008115,1713916152,9.551833,-20.803682,110.0,0,1430.0
538008115,1713916161,9.551467,-20.8034,110.0,0,1420.0
538008115,1713916172,9.551017,-20.803049,110.0,0,1420.0
538008115,1713916202,9.54975,-20.80205,110.0,0,1420.0
538008115,1713916221,9.549033,-20.801468,109.0,0,1410.0
538008115,1713916262,9.547367,-20.800117,110.0,0,1410.0
538008115,1713916292,9.546133,-20.79915,110.0,0,1410.0
538008115,1713916332,9.5445,-20.797867,110.0,0,1420.0
538008115,1713916382,9.54245,-20.796267,110.0,0,1410.0
538008115,1713916383,9.54245,-20.796267,110.0,0,1410.0
538008115,1713916541,-27.823217,45.532616,117.0,0,2460.0
538008115,1713916725,9.52855,-20.7852,110.0,0,1400.0
538008115,1713916914,9.520833,-20.779066,111.0,0,1430.0
538008115,1713916942,9.5195,-20.778049,111.0,0,1430.0
538008115,1713916952,9.519033,-20.7777,111.0,0,1420.0
538008115,1713916961,9.518717,-20.777451,111.0,0,1420.0
538008115,1713916981,9.517883,-20.7768,111.0,0,1420.0
538008115,1713916992,9.517467,-20.776484,111.0,0,1420.0
538008115,1713917031,9.515833,-20.775183,111.0,0,1420.0
538008115,1713917051,9.515017,-20.774532,110.0,0,1420.0
538008115,1713917062,9.51455,-20.774183,110.0,0,1420.0
538008115,1713917101,9.512917,-20.7729,110.0,0,1410.0
538008115,1713917122,9.512117,-20.772249,110.0,0,1410.0
538008115,1713917141,9.51135,-20.771633,110.0,0,1410.0
538008115,1713917151,9.51095,-20.771299,110.0,0,1410.0
538008115,1713917161,9.51055,-20.770967,110.0,0,1400.0
538008115,1713917182,9.509717,-20.770283,110.0,0,1400.0
538008115,1713917191,9.50935,-20.769983,110.0,0,1400.0
538008115,1713917201,9.50895,-20.76965,109.0,0,1400.0
538008115,1713917211,9.508567,-20.769333,109.0,0,1410.0
538008115,1713917221,9.508167,-20.769016,109.0,0,1410.0
538008115,1713917261,9.50655,-20.7677,111.0,0,1410.0
538008115,1713917271,9.50615,-20.767384,111.0,0,1410.0
538008115,1713917282,9.505633,-20.766983,111.0,0,1410.0
538008115,1713917294,9.505317,-20.766733,111.0,0,1420.0
538008115,1713917311,9.5045,-20.7661,110.0,0,1420.0
538008115,1713917313,9.5045,-20.7661,110.0,0,1420.0
538008115,1713917321,9.5041,-20.765783,109.0,0,1420.0
538008115,1713917331,9.503683,-20.765467,110.0,0,1420.0
538008115,1713917342,9.50325,-20.765118,110.0,0,1410.0
538008115,1713917352,9.502883,-20.764816,110.0,0,1410.0
538008115,1713917366,9.502467,-20.7645,110.0,0,1420.0
538008115,1713917371,9.50205,-20.764183,111.0,0,1420.0
538008115,1713917381,9.501683,-20.763884,111.0,0,1420.0
538008115,1713917402,9.50075,-20.763149,110.0,0,1420.0
538008115,1713917412,9.500383,-20.762867,110.0,0,1420.0
538008115,1713917421,9.499967,-20.76255,110.0,0,1420.0
538008115,1713917431,9.4996,-20.762266,110.0,0,1420.0
538008115,1713917441,9.499183,-20.76195,110.0,0,1420.0
538008115,1713917451,9.498767,-20.761633,110.0,0,1420.0
538008115,1713917472,9.497933,-20.761017,110.0,0,1420.0
538008115,1713917481,9.497517,-20.7607,110.0,0,1420.0
538008115,1713917491,9.497117,-20.760384,110.0,0,1420.0
538008115,1713917501,9.49675,-20.760099,110.0,0,1420.0
538008115,1713917511,9.4963,-20.75975,109.0,0,1420.0
538008115,1713917522,9.49585,-20.759399,109.0,0,1420.0
538008115,1713917532,9.495467,-20.7591,109.0,0,1420.0
538008115,1713917541,9.49505,-20.758783,110.0,0,1420.0
538008115,1713917551,9.49465,-20.758467,111.0,0,1420.0
538008115,1713917561,9.494233,-20.75815,111.0,0,1420.0
538008115,1713917571,9.493833,-20.757816,111.0,0,1420.0
538008115,1713917582,9.493333,-20.75745,110.0,0,1420.0
538008115,1713917621,9.491817,-20.756283,111.0,0,1420.0
538008115,1713917641,9.49095,-20.755617,111.0,0,1420.0
538008115,1713917661,9.490133,-20.754984,110.0,0,1430.0
538008115,1713917681,9.48935,-20.754383,110.0,0,1420.0
538008115,1713917711,9.4881,-20.753384,110.0,0,1410.0
538008115,1713917721,9.4877,-20.753067,110.0,0,1410.0
538008115,1713917761,9.486067,-20.751783,110.0,0,1410.0
538008115,1713917821,9.483617,-20.749866,109.0,0,1410.0
538008115,1713917862,9.482,-20.748516,110.0,0,1400.0
538008115,1713917922,9.47955,-20.74655,109.0,0,1410.0
538008115,1713917932,9.47915,-20.746233,109.0,0,1410.0
538008115,1713917982,9.477217,-20.744699,109.0,0,1420.0
538008115,1713918011,9.476033,-20.743784,110.0,0,1420.0
538008115,1713918054,9.474317,-20.742451,109.0,0,1420.0
538008115,1713918074,9.47355,-20.74185,109.0,0,1410.0
538008115,1713918091,9.47275,-20.741199,109.0,0,1410.0
538008115,1713918102,9.4723,-20.74085,109.0,0,1420.0
538008115,1713918162,9.469933,-20.738983,109.0,0,1410.0
538008115,1713918172,9.46945,-20.7386,109.0,0,1410.0
538008115,1713918182,9.4691,-20.738317,109.0,0,1410.0
538008115,1713918211,9.46795,-20.737368,109.0,0,1400.0
538008115,1713918233,9.467117,-20.736683,110.0,0,1400.0
538008115,1713918242,9.466733,-20.736349,109.0,0,1400.0
538008115,1713918262,9.465933,-20.735701,110.0,0,1400.0
538008115,1713918271,9.465583,-20.735399,110.0,0,1400.0
538008115,1713918282,9.46515,-20.73505,110.0,0,1400.0
538008115,1713918311,9.464067,-20.734133,109.0,0,1400.0
538008115,1713918342,9.462767,-20.733032,109.0,0,1400.0
538008115,1713918352,9.462417,-20.73275,109.0,0,1400.0
538008115,1713918362,9.462017,-20.732433,109.0,0,1400.0
538008115,1713918371,9.461667,-20.732149,109.0,0,1400.0
538008115,1713918402,9.46045,-20.731133,109.0,0,1400.0
538008115,1713918412,9.460067,-20.730818,109.0,0,1400.0
538008115,1713918415,9.460067,-20.730818,109.0,0,1400.0
538008115,1713918421,9.4597,-20.730516,109.0,0,1400.0
538008115,1713918452,9.45845,-20.729483,108.0,0,1400.0
538008115,1713918462,9.458067,-20.729151,108.0,0,1390.0
538008115,1713918472,9.457717,-20.728849,108.0,0,1390.0
538008115,1713918512,9.456183,-20.727533,109.0,0,1390.0
538008115,1713918541,9.455067,-20.726566,108.0,0,1390.0
538008115,1713918561,9.4543,-20.725901,109.0,0,1390.0
538008115,1713918575,9.453883,-20.72555,109.0,0,1390.0
538008115,1713918582,9.453483,-20.725218,109.0,0,1390.0
538008115,1713918592,9.4531,-20.724882,109.0,0,1390.0
538008115,1713918601,9.452783,-20.724632,109.0,0,1390.0
538008115,1713918621,9.451917,-20.723917,109.0,0,1400.0
538008115,1713918632,9.451483,-20.723566,109.0,0,1400.0
538008115,1713918641,9.451183,-20.723301,109.0,0,1400.0
538008115,1713918652,9.45075,-20.72295,109.0,0,1400.0
538008115,1713918683,9.449633,-20.722,109.0,0,1400.0
538008115,1713918712,9.448433,-20.720984,109.0,0,1400.0
538008115,1713918721,9.448067,-20.720699,109.0,0,1400.0
538008115,1713918841,9.443283,-20.716883,109.0,0,1420.0
538008115,1713918861,9.442483,-20.716267,109.0,0,1420.0
538008115,1713918874,9.442067,-20.715967,109.0,0,1430.0
538008115,1713918881,9.441667,-20.715668,109.0,0,1430.0
538008115,1713918912,9.440383,-20.714718,109.0,0,1430.0
538008115,1713918921,9.439967,-20.714434,109.0,0,1440.0
538008115,1713918932,9.439567,-20.714132,108.0,0,1440.0
538008115,1713918941,9.4392,-20.713867,108.0,0,1440.0
538008115,1713918952,9.438733,-20.713533,108.0,0,1440.0
538008115,1713918961,9.438367,-20.713266,108.0,0,1440.0
538008115,1713918972,9.437917,-20.712917,108.0,0,1430.0
538008115,1713919001,9.436717,-20.712049,108.0,0,1440.0
538008115,1713919012,9.436283,-20.711718,108.0,0,1430.0
538008115,1713919017,9.436283,-20.711718,108.0,0,1430.0
538008115,1713919032,9.435467,-20.7111,108.0,0,1420.0
538008115,1713919051,9.43475,-20.710533,109.0,0,1420.0
538008115,1713919061,9.4343,-20.710199,110.0,0,1420.0
538008115,1713919072,9.4338,-20.709833,109.0,0,1420.0
538008115,1713919092,9.433033,-20.709232,109.0,0,1420.0
538008115,1713919121,9.431867,-20.708349,109.0,0,1420.0
538008115,1713919141,9.43105,-20.707718,109.0,0,1420.0
538008115,1713919152,9.4306,-20.707367,109.0,0,1420.0
538008115,1713919162,9.4302,-20.70705,109.0,0,1420.0
538008115,1713919181,9.429433,-20.70645,108.0,0,1420.0
538008115,1713919201,9.42865,-20.705851,109.0,0,1420.0
538008115,1713919212,9.428167,-20.705482,109.0,0,1420.0
538008115,1713919241,9.427,-20.704567,109.0,0,1420.0
538008115,1713919261,9.426183,-20.703934,109.0,0,1420.0
538008115,1713919272,9.425733,-20.7036,109.0,0,1420.0
538008115,1713919282,9.425333,-20.703283,109.0,0,1420.0
538008115,1713919291,9.425,-20.703033,109.0,0,1420.0
538008115,1713919313,9.424117,-20.702333,109.0,0,1420.0
538008115,1713919321,9.4238,-20.702084,109.0,0,1420.0
538008115,1713919322,9.4238,-20.702084,109.0,0,1420.0
538008115,1713919331,9.42335,-20.701733,109.0,0,1420.0
538008115,1713919351,9.422567,-20.701134,109.0,0,1410.0
538008115,1713919362,9.422133,-20.700768,110.0,0,1410.0
538008115,1713919373,9.421633,-20.700382,110.0,0,1410.0
538008115,1713919402,9.420417,-20.699432,109.0,0,1410.0
538008115,1713919413,9.420017,-20.699118,109.0,0,1420.0
538008115,1713919422,9.419667,-20.698833,109.0,0,1410.0
538008115,1713919426,9.419667,-20.698833,109.0,0,1410.0
538008115,1713919433,9.419217,-20.698483,109.0,0,1420.0
538008115,1713919441,9.418933,-20.698267,109.0,0,1420.0
538008115,1713919463,9.41805,-20.697567,110.0,0,1410.0
538008115,1713919472,9.41765,-20.697233,110.0,0,1410.0
538008115,1713919501,9.416517,-20.696333,110.0,0,1410.0
538008115,1713919511,9.416067,-20.695967,111.0,0,1410.0
538008115,1713919523,9.415583,-20.695583,110.0,0,1410.0
538008115,1713919533,9.415183,-20.695267,110.0,0,1410.0
538008115,1713919552,9.414383,-20.694616,110.0,0,1410.0
538008115,1713919572,9.413617,-20.694017,111.0,0,1420.0
538008115,1713919583,9.4132,-20.693701,111.0,0,1420.0
538008115,1713919602,9.412383,-20.693068,111.0,0,1410.0
538008115,1713919612,9.411967,-20.692734,111.0,0,1420.0
538008115,1713919632,9.411117,-20.692118,112.0,0,1430.0
538008115,1713919662,9.409933,-20.6912,110.0,0,1430.0
538008115,1713919666,9.409933,-20.6912,110.0,0,1430.0
538008115,1713919681,9.4091,-20.690582,110.0,0,1420.0
538008115,1713919685,9.4091,-20.690582,110.0,0,1420.0
538008115,1713919692,9.40865,-20.690233,110.0,0,1420.0
538008115,1713919703,9.4082,-20.689882,110.0,0,1420.0
538008115,1713919722,9.407433,-20.689266,110.0,0,1420.0
538008115,1713919741,9.406683,-20.68865,111.0,0,1410.0
538008115,1713919752,9.406233,-20.688284,111.0,0,1410.0
538008115,1713919763,9.405833,-20.687967,111.0,0,1410.0
538008115,1713919782,9.405033,-20.687317,111.0,0,1410.0
538008115,1713919832,9.403,-20.685682,111.0,0,1410.0
538008115,1713919876,9.40135,-20.684418,112.0,0,1420.0
538008115,1713919984,9.396683,-20.680983,111.0,0,1430.0
538008115,1713920003,9.39585,-20.680367,110.0,0,1430.0
538008115,1713920052,9.393867,-20.678801,110.0,0,1410.0
538008115,1713920081,9.3927,-20.677868,109.0,0,1410.0
538008115,1713920112,9.391517,-20.676884,109.0,0,1400.0
538008115,1713920142,9.390283,-20.675867,110.0,0,1400.0
538008115,1713920182,9.388683,-20.674566,110.0,0,1400.0
538008115,1713920191,9.388333,-20.674267,110.0,0,1400.0
538008115,1713920212,9.3875,-20.673567,110.0,0,1400.0
538008115,1713920242,9.38635,-20.6726,110.0,0,1390.0
538008115,1713920244,9.38635,-20.6726,110.0,0,1390.0
538008115,1713920262,9.385583,-20.671917,110.0,0,1390.0
538008115,1713920272,9.385183,-20.671583,111.0,0,1390.0
538008115,1713920302,9.383967,-20.670549,111.0,0,1400.0
538008115,1713920362,9.381567,-20.668633,111.0,0,1410.0
538008115,1713920382,9.380767,-20.667999,110.0,0,1410.0
538008115,1713920401,9.380017,-20.667383,110.0,0,1410.0
538008115,1713920411,9.3796,-20.667049,111.0,0,1410.0
538008115,1713920422,9.37915,-20.6667,110.0,0,1410.0
538008115,1713920442,9.3783,-20.666033,111.0,0,1420.0
538008115,1713920451,9.377883,-20.665716,111.0,0,1410.0
538008115,1713920461,9.377517,-20.665434,111.0,0,1420.0
538008115,1713920463,9.377517,-20.665434,111.0,0,1420.0
538008115,1713920471,9.3771,-20.665117,111.0,0,1420.0
538008115,1713920482,9.376633,-20.664766,111.0,0,1420.0
538008115,1713920491,9.376267,-20.664482,111.0,0,1430.0
538008115,1713920512,9.375433,-20.663868,111.0,0,1420.0
538008115,1713920551,9.373817,-20.662683,111.0,0,1430.0
538008115,1713920572,9.3729,-20.662018,111.0,0,1430.0
538008115,1713920601,9.371633,-20.661051,110.0,0,1430.0
538008115,1713920611,9.371267,-20.660767,110.0,0,1430.0
538008115,1713920633,9.370383,-20.660116,111.0,0,1430.0
538008115,1713920641,9.370017,-20.659834,111.0,0,1430.0
538008115,1713920661,9.369167,-20.659218,111.0,0,1430.0
538008115,1713920671,9.3688,-20.658934,112.0,0,1430.0
538008115,1713920693,9.367883,-20.658234,112.0,0,1430.0
538008115,1713920721,9.366683,-20.657333,111.0,0,1420.0
538008115,1713920731,9.366283,-20.657,111.0,0,1420.0
538008115,1713920753,9.36535,-20.6563,112.0,0,1420.0
538008115,1713920761,9.365033,-20.65605,111.0,0,1420.0
538008115,1713920781,9.364217,-20.655399,111.0,0,1410.0
538008115,1713920792,9.363767,-20.655033,111.0,0,1410.0
538008115,1713920813,9.36295,-20.654383,111.0,0,1410.0
538008115,1713920821,9.362633,-20.654133,111.0,0,1410.0
538008115,1713920841,9.361783,-20.653467,111.0,0,1410.0
538008115,1713920873,9.360517,-20.652468,112.0,0,1420.0
538008115,1713920881,9.3601,-20.652149,112.0,0,1420.0
538008115,1713920891,9.359733,-20.651867,112.0,0,1420.0
538008115,1713920901,9.359267,-20.651501,112.0,0,1420.0
538008115,1713920912,9.358833,-20.651182,112.0,0,1420.0
538008115,1713920932,9.358017,-20.650551,112.0,0,1420.0
538008115,1713920952,9.3572,-20.649933,111.0,0,1420.0
538008115,1713920972,9.356383,-20.649317,111.0,0,1430.0
538008115,1713920981,9.356,-20.64905,111.0,0,1420.0
538008115,1713921001,9.355167,-20.648399,111.0,0,1420.0
538008115,1713921012,9.35475,-20.648083,111.0,0,1420.0
538008115,1713921022,9.35435,-20.647783,111.0,0,1420.0
538008115,1713921032,9.353917,-20.647449,111.0,0,1420.0
538008115,1713921052,9.3531,-20.646816,111.0,0,1420.0
538008115,1713921056,9.3531,-20.646816,111.0,0,1420.0
538008115,1713921061,9.3527,-20.646517,111.0,0,1420.0
538008115,1713921072,9.3523,-20.6462,111.0,0,1420.0
538008115,1713921082,9.351883,-20.645884,111.0,0,1420.0
538008115,1713921101,9.351117,-20.645267,111.0,0,1420.0
538008115,1713921112,9.350667,-20.644917,111.0,0,1410.0
538008115,1713921132,9.349867,-20.644318,111.0,0,1420.0
538008115,1713921142,9.34945,-20.643999,111.0,0,1430.0
538008115,1713921156,9.349067,-20.643732,111.0,0,1430.0
538008115,1713921163,9.348617,-20.643383,111.0,0,1430.0
538008115,1713921192,9.347333,-20.642418,111.0,0,1430.0
538008115,1713921202,9.346917,-20.642117,111.0,0,1430.0
538008115,1713921222,9.3461,-20.6415,111.0,0,1430.0
538008115,1713921232,9.345683,-20.641184,111.0,0,1430.0
538008115,1713921235,9.345683,-20.641184,111.0,0,1430.0
538008115,1713921282,9.343583,-20.63965,110.0,0,1430.0
538008115,1713921292,9.3432,-20.639366,111.0,0,1430.0
538008115,1713921302,9.34275,-20.639017,110.0,0,1430.0
538008115,1713921352,9.340683,-20.637417,110.0,0,1420.0
538008115,1713921356,9.340683,-20.637417,110.0,0,1420.0
538008115,1713921381,9.3395,-20.636482,111.0,0,1410.0
538008115,1713921405,9.33865,-20.635799,111.0,0,1400.0
538008115,1713921412,9.33825,-20.635468,111.0,0,1400.0
538008115,1713921422,9.33785,-20.635151,111.0,0,1410.0
538008115,1713921462,9.3362,-20.633867,111.0,0,1420.0
538008115,1713921473,9.335817,-20.633568,111.0,0,1420.0
538008115,1713921482,9.335317,-20.6332,111.0,0,1420.0
538008115,1713921485,9.335317,-20.6332,111.0,0,1420.0
538008115,1713921492,9.3349,-20.632868,110.0,0,1420.0
538008115,1713921501,9.334567,-20.632618,110.0,0,1420.0
538008115,1713921511,9.334117,-20.63225,110.0,0,1410.0
538008115,1713921521,9.33375,-20.631968,110.0,0,1410.0
538008115,1713921552,9.3325,-20.630951,111.0,0,1410.0
538008115,1713921581,9.331333,-20.629967,111.0,0,1400.0
538008115,1713921592,9.33095,-20.629633,111.0,0,1400.0
538008115,1713921601,9.33055,-20.629299,111.0,0,1390.0
538008115,1713921612,9.330117,-20.628933,111.0,0,1390.0
538008115,1713921621,9.3298,-20.628668,111.0,0,1390.0
538008115,1713921632,9.329317,-20.628267,111.0,0,1400.0
538008115,1713921641,9.328917,-20.627934,111.0,0,1400.0
538008115,1713921661,9.328117,-20.627283,112.0,0,1400.0
538008115,1713921672,9.327717,-20.626932,112.0,0,1400.0
538008115,1713921681,9.327367,-20.626633,112.0,0,1400.0
538008115,1713921691,9.326967,-20.626284,112.0,0,1400.0
538008115,1713921721,9.325733,-20.625299,112.0,0,1410.0
538008115,1713921732,9.325267,-20.62495,112.0,0,1410.0
538008115,1713921741,9.32485,-20.624634,113.0,0,1420.0
538008115,1713921792,9.322783,-20.6231,112.0,0,1430.0
538008115,1713921812,9.321883,-20.62245,112.0,0,1430.0
538008115,1713921842,9.320683,-20.621517,112.0,0,1420.0
538008115,1713921862,9.319833,-20.620832,111.0,0,1410.0
538008115,1713921881,9.319067,-20.620199,111.0,0,1410.0
538008115,1713921891,9.3187,-20.6199,112.0,0,1400.0
538008115,1713921912,9.317867,-20.6192,111.0,0,1400.0
538008115,1713921922,9.31745,-20.618868,111.0,0,1400.0
538008115,1713921972,9.3154,-20.617184,112.0,0,1400.0
538008115,1713922021,9.31345,-20.615517,112.0,0,1390.0
538008115,1713922032,9.313017,-20.61515,112.0,0,1390.0
538008115,1713922042,9.312617,-20.614817,112.0,0,1400.0
538008115,1713922052,9.31225,-20.614517,112.0,0,1400.0
538008115,1713922352,9.29975,-20.604883,111.0,0,1420.0
538008115,1713922354,9.29975,-20.604883,111.0,0,1420.0
538008115,1713922362,9.2993,-20.604532,111.0,0,1420.0
538008115,1713922372,9.298933,-20.60425,111.0,0,1420.0
538008115,1713922382,9.298483,-20.603916,111.0,0,1420.0
538008115,1713922412,9.297267,-20.602949,113.0,0,1410.0
538008115,1713922422,9.296817,-20.602583,112.0,0,1410.0
538008115,1713922432,9.29645,-20.602283,112.0,0,1410.0
538008115,1713922451,9.295667,-20.601633,113.0,0,1400.0
538008115,1713922472,9.294817,-20.600918,112.0,0,1400.0
538008115,1713922491,9.29405,-20.600283,112.0,0,1400.0
538008115,1713922504,9.2936,-20.599899,112.0,0,1390.0
538008115,1713922511,9.293283,-20.599617,113.0,0,1390.0
538008115,1713922532,9.292383,-20.598883,113.0,0,1400.0
538008115,1713922611,9.2891,-20.5963,113.0,0,1410.0
538008115,1713922652,9.2874,-20.594933,113.0,0,1410.0
538008115,1713922671,9.286617,-20.594316,114.0,0,1410.0
538008115,1713922675,9.286617,-20.594316,114.0,0,1410.0
538008115,1713922691,9.285833,-20.593683,114.0,0,1410.0
538008115,1713922731,9.284117,-20.592333,113.0,0,1420.0
538008115,1713922742,9.283667,-20.591984,113.0,0,1420.0
538008115,1713922752,9.28325,-20.591667,114.0,0,1420.0
538008115,1713922755,9.28325,-20.591667,114.0,0,1420.0
538008115,1713922762,9.282817,-20.591333,114.0,0,1420.0
538008115,1713922771,9.28245,-20.591049,114.0,0,1420.0
538008115,1713922791,9.2816,-20.590401,114.0,0,1420.0
538008115,1713922802,9.281133,-20.59005,113.0,0,1420.0
538008115,1713922812,9.280717,-20.589718,113.0,0,1420.0
538008115,1713922822,9.280333,-20.589434,112.0,0,1420.0
538008115,1713922851,9.279017,-20.588467,112.0,0,1430.0
538008115,1713922882,9.27775,-20.587482,112.0,0,1420.0
538008115,1713922911,9.276517,-20.58655,113.0,0,1420.0
538008115,1713922922,9.276067,-20.586201,113.0,0,1420.0
538008115,1713922932,9.275633,-20.585882,113.0,0,1420.0
538008115,1713922942,9.275267,-20.585583,113.0,0,1420.0
538008115,1713922951,9.27485,-20.585266,113.0,0,1420.0
538008115,1713922954,9.27485,-20.585266,113.0,0,1420.0
538008115,1713922962,9.274417,-20.584932,113.0,0,1420.0
538008115,1713922971,9.274033,-20.584633,113.0,0,1420.0
538008115,1713922982,9.273517,-20.584249,113.0,0,1420.0
538008115,1713922992,9.2731,-20.583918,113.0,0,1420.0
538008115,1713923002,9.272633,-20.583567,113.0,0,1420.0
538008115,1713923011,9.27225,-20.583282,113.0,0,1420.0
538008115,1713923022,9.271833,-20.582968,113.0,0,1420.0
538008115,1713923031,9.27145,-20.582684,113.0,0,1420.0
538008115,1713923052,9.270567,-20.582001,113.0,0,1420.0
538008115,1713923062,9.27015,-20.581667,113.0,0,1410.0
538008115,1713923071,9.269783,-20.581383,113.0,0,1410.0
538008115,1713923082,9.269317,-20.581017,113.0,0,1410.0
538008115,1713923091,9.26895,-20.5807,113.0,0,1410.0
538008115,1713923102,9.2685,-20.580334,113.0,0,1400.0
538008115,1713923112,9.268133,-20.580017,113.0,0,1400.0
538008115,1713923122,9.267683,-20.579651,114.0,0,1400.0
538008115,1713923131,9.267317,-20.579332,114.0,0,1400.0
538008115,1713923142,9.266883,-20.578966,114.0,0,1400.0
538008115,1713923154,9.266467,-20.578632,114.0,0,1400.0
538008115,1713923162,9.26605,-20.578283,113.0,0,1400.0
538008115,1713923172,9.26565,-20.57795,114.0,0,1400.0
538008115,1713923191,9.26485,-20.577333,114.0,0,1410.0
538008115,1713923202,9.264383,-20.576967,114.0,0,1410.0
538008115,1713923222,9.26355,-20.576332,112.0,0,1420.0
538008115,1713923232,9.263133,-20.576,113.0,0,1420.0
538008115,1713923253,9.262317,-20.57535,112.0,0,1410.0
538008115,1713923272,9.261533,-20.574717,112.0,0,1410.0
538008115,1713923292,9.260717,-20.574066,112.0,0,1410.0
538008115,1713923314,9.259817,-20.573351,112.0,0,1400.0
538008115,1713923321,9.2595,-20.573084,112.0,0,1400.0
538008115,1713923332,9.259067,-20.572718,112.0,0,1400.0
538008115,1713923342,9.25865,-20.572384,112.0,0,1400.0
538008115,1713923352,9.25825,-20.57205,112.0,0,1400.0
538008115,1713923361,9.257883,-20.571768,111.0,0,1400.0
538008115,1713923392,9.256617,-20.570732,111.0,0,1410.0
538008115,1713923411,9.25585,-20.570118,112.0,0,1410.0
538008115,1713923421,9.255433,-20.569799,112.0,0,1410.0
538008115,1713923433,9.254983,-20.56945,112.0,0,1410.0
538008115,1713923464,9.253733,-20.568466,112.0,0,1420.0
538008115,1713923472,9.253333,-20.56815,112.0,0,1420.0
538008115,1713923481,9.252917,-20.567833,112.0,0,1420.0
538008115,1713923501,9.252133,-20.567232,112.0,0,1420.0
538008115,1713923531,9.250883,-20.566267,112.0,0,1420.0
538008115,1713923541,9.250467,-20.56595,112.0,0,1420.0
538008115,1713923561,9.249633,-20.565332,111.0,0,1430.0
538008115,1713923571,9.24925,-20.56505,111.0,0,1430.0
538008115,1713923621,9.247183,-20.563517,110.0,0,1430.0
538008115,1713923672,9.24505,-20.561916,109.0,0,1430.0
538008115,1713923691,9.244317,-20.561367,109.0,0,1420.0
538008115,1713923732,9.242683,-20.560049,109.0,0,1410.0
538008115,1713923741,9.242283,-20.559732,109.0,0,1410.0
538008115,1713923762,9.241433,-20.559067,109.0,0,1410.0
538008115,1713923792,9.240233,-20.558083,110.0,0,1410.0
538008115,1713923801,9.239867,-20.5578,110.0,0,1410.0
538008115,1713923822,9.239017,-20.557133,110.0,0,1410.0
538008115,1713923852,9.237817,-20.556168,110.0,0,1410.0
538008115,1713923861,9.23745,-20.555883,110.0,0,1410.0
538008115,1713923872,9.23705,-20.555567,110.0,0,1410.0
538008115,1713923881,9.236633,-20.55525,110.0,0,1420.0
538008115,1713923901,9.235783,-20.554567,110.0,0,1410.0
538008115,1713923921,9.235017,-20.553967,110.0,0,1410.0
538008115,1713923932,9.234583,-20.553617,110.0,0,1410.0
538008115,1713923952,9.233783,-20.552982,110.0,0,1410.0
538008115,1713923972,9.232983,-20.552334,110.0,0,1410.0
538008115,1713923981,9.232617,-20.55205,110.0,0,1410.0
538008115,1713923992,9.232233,-20.551718,109.0,0,1400.0
538008115,1713923996,9.232233,-20.551718,109.0,0,1400.0
538008115,1713924001,9.231833,-20.551399,109.0,0,1400.0
538008115,1713924012,9.2314,-20.55105,109.0,0,1400.0
538008115,1713924032,9.230617,-20.5504,109.0,0,1400.0
538008115,1713924041,9.2303,-20.55015,109.0,0,1400.0
538008115,1713924072,9.229017,-20.549101,109.0,0,1410.0
538008115,1713924081,9.22865,-20.548817,110.0,0,1410.0
538008115,1713924121,9.227033,-20.547567,109.0,0,1420.0
538008115,1713924176,9.225033,-20.546017,109.0,0,1420.0
538008115,1713924192,9.224183,-20.545366,109.0,0,1410.0
538008115,1713924211,9.223433,-20.54475,109.0,0,1410.0
538008115,1713924221,9.223033,-20.544434,109.0,0,1410.0
538008115,1713924241,9.22225,-20.5438,109.0,0,1410.0
538008115,1713924281,9.220633,-20.5425,109.0,0,1420.0
538008115,1713924301,9.219817,-20.541866,109.0,0,1420.0
538008115,1713924311,9.2194,-20.54155,109.0,0,1420.0
538008115,1713924321,9.219,-20.54125,109.0,0,1420.0
538008115,1713924326,9.219,-20.54125,109.0,0,1420.0
538008115,1713924341,9.218217,-20.540667,108.0,0,1430.0
538008115,1713924361,9.21735,-20.540016,108.0,0,1430.0
538008115,1713924362,9.21735,-20.540016,108.0,0,1430.0
538008115,1713924371,9.216933,-20.5397,108.0,0,1430.0
538008115,1713924401,9.2157,-20.538782,109.0,0,1430.0
538008115,1713924412,9.21525,-20.538433,109.0,0,1420.0
538008115,1713924461,9.213283,-20.536949,109.0,0,1420.0
538008115,1713924481,9.212433,-20.536301,109.0,0,1420.0
538008115,1713924493,9.211983,-20.53595,109.0,0,1420.0
538008115,1713924572,9.2087,-20.533484,109.0,0,1430.0
538008115,1713924632,9.20625,-20.531616,108.0,0,1420.0
538008115,1713924701,9.20345,-20.529484,109.0,0,1420.0
538008115,1713924752,9.201417,-20.527901,108.0,0,1410.0
538008115,1713924754,9.201417,-20.527901,108.0,0,1410.0
538008115,1713924762,9.20105,-20.527599,108.0,0,1410.0
538008115,1713924781,9.2003,-20.526966,108.0,0,1400.0
538008115,1713924792,9.199867,-20.5266,109.0,0,1400.0
538008115,1713924822,9.198633,-20.525583,109.0,0,1400.0
538008115,1713924886,9.196283,-20.523649,109.0,0,1410.0
538008115,1713924963,9.193117,-20.521116,108.0,0,1410.0
538008115,1713924972,9.192683,-20.52075,108.0,0,1410.0
538008115,1713924991,9.191933,-20.520149,109.0,0,1400.0
538008115,1713925332,9.178483,-20.509367,106.0,0,1420.0
538008115,1713925426,9.174917,-20.506517,106.0,0,1410.0
538008115,1713925471,9.172967,-20.504932,106.0,0,1400.0
538008115,1713925477,9.172967,-20.504932,106.0,0,1400.0
538008115,1713925522,9.171033,-20.503332,106.0,0,1400.0
538008115,1713925531,9.1707,-20.50305,106.0,0,1400.0
538008115,1713925553,9.1699,-20.502382,106.0,0,1400.0
538008115,1713925582,9.168817,-20.501484,106.0,0,1400.0
538008115,1713925591,9.1684,-20.501118,106.0,0,1390.0
538008115,1713925632,9.166883,-20.499832,106.0,0,1400.0
538008115,1713925642,9.1665,-20.499517,106.0,0,1400.0
538008115,1713925651,9.16615,-20.499216,106.0,0,1400.0
538008115,1713925672,9.16535,-20.498533,106.0,0,1390.0
538008115,1713925692,9.164583,-20.497883,106.0,0,1390.0
538008115,1713925702,9.1642,-20.497566,106.0,0,1400.0
538008115,1713925711,9.16385,-20.497284,106.0,0,1400.0
538008115,1713925741,9.1627,-20.4963,106.0,0,1400.0
538008115,1713925872,9.157583,-20.49205,107.0,0,1400.0
538008115,1713925891,9.15685,-20.491449,106.0,0,1400.0
538008115,1713925933,9.155317,-20.490168,106.0,0,1400.0
538008115,1713925942,9.154933,-20.489834,106.0,0,1400.0
538008115,1713925952,9.1546,-20.48955,106.0,0,1390.0
538008115,1713926002,9.152717,-20.487917,106.0,0,1390.0
538008115,1713926012,9.1523,-20.487568,106.0,0,1390.0
538008115,1713926042,9.151133,-20.486567,106.0,0,1390.0
538008115,1713926062,9.150383,-20.485933,106.0,0,1400.0
538008115,1713926072,9.15,-20.4856,107.0,0,1390.0
538008115,1713926092,9.149267,-20.484966,107.0,0,1390.0
538008115,1713926102,9.148883,-20.48465,107.0,0,1390.0
538008115,1713926227,9.14425,-20.480818,106.0,0,1400.0
538008115,1713926326,9.14035,-20.4776,107.0,0,1400.0
538008115,1713926587,9.130333,-20.469267,107.0,0,1390.0
538008115,1713927244,9.1046,-20.448483,107.0,0,1410.0
538008115,1713927334,9.101067,-20.4457,108.0,0,1420.0
538008115,1713927596,9.09075,-20.437433,109.0,0,1410.0
538008115,1713928132,9.06925,-20.420233,110.0,0,1410.0
538008115,1713928312,9.061933,-20.41445,111.0,0,1420.0
538008115,1713928432,9.057083,-20.410566,112.0,0,1410.0
538008115,1713928475,9.055383,-20.409267,112.0,0,1420.0
538008115,1713928575,9.051267,-20.406151,112.0,0,1430.0
538008115,1713928714,9.04545,-20.401751,112.0,0,1420.0
538008115,1713928823,9.0409,-20.398167,112.0,0,1420.0
538008115,1713929036,9.032017,-20.391567,112.0,0,1430.0
538008115,1713929337,9.019583,-20.382099,111.0,0,1420.0
538008115,1713929353,9.018733,-20.381433,111.0,0,1420.0
538008115,1713929693,9.0047,-20.370899,110.0,0,1430.0
538008115,1713929914,8.995633,-20.3641,109.0,0,1430.0
538008115,1713930012,8.9916,-20.361017,109.0,0,1420.0
538008115,1713930024,8.9912,-20.360718,109.0,0,1420.0
538008115,1713930114,8.987617,-20.357918,108.0,0,1420.0
538008115,1713930144,8.986317,-20.356916,109.0,0,1420.0
538008115,1713930195,8.984333,-20.355417,108.0,0,1420.0
538008115,1713930295,8.98035,-20.352367,108.0,0,1420.0
538008115,1713930373,8.977083,-20.349867,108.0,0,1420.0
538008115,1713930387,8.976683,-20.34955,108.0,0,1420.0
538008115,1713930455,8.973867,-20.347366,108.0,0,1420.0
538008115,1713930564,8.969333,-20.344,109.0,0,1430.0
538008115,1713930785,8.9603,-20.337334,110.0,0,1420.0
538008115,1713930834,8.958233,-20.335768,109.0,0,1420.0
538008115,1713931036,8.949967,-20.329634,109.0,0,1430.0
538008115,1713931096,8.9476,-20.327833,109.0,0,1420.0
538008115,1713931162,8.944733,-20.325684,109.0,0,1430.0
538008115,1713931285,8.939833,-20.321983,109.0,0,1420.0
538008115,1713931612,8.9267,-20.311434,110.0,0,1420.0
538008115,1713931763,8.9205,-20.306732,109.0,0,1420.0
538008115,1713932208,8.9024,-20.292534,111.0,0,1420.0
538008115,1713932365,8.895833,-20.287533,111.0,0,1430.0
538008115,1713932562,8.887733,-20.280916,110.0,0,1400.0
538008115,1713932914,8.873717,-20.269518,109.0,0,1400.0
538008115,1713932977,8.8714,-20.267567,109.0,0,1400.0
538008115,1713933094,8.866533,-20.263666,109.0,0,1410.0
538008115,1713933104,8.866133,-20.26335,109.0,0,1410.0
538008115,1713933242,8.86065,-20.2589,109.0,0,1410.0
538008115,1713933332,8.857067,-20.255951,108.0,0,1390.0
538008115,1713933482,8.851267,-20.250999,109.0,0,1400.0
538008115,1713933652,8.844417,-20.245567,108.0,0,1410.0
538008115,1713933675,8.843683,-20.244949,108.0,0,1410.0
538008115,1713933864,8.836317,-20.238832,107.0,0,1400.0
538008115,1713934135,8.825717,-20.230183,108.0,0,1430.0
538008115,1713934243,8.82135,-20.226868,107.0,0,1410.0
538008115,1713934393,8.815417,-20.222166,106.0,0,1410.0
538008115,1713934576,8.808367,-20.216566,106.0,0,1410.0
538008115,1713934703,8.803233,-20.212584,106.0,0,1420.0
538008115,1713934714,8.80285,-20.212282,106.0,0,1420.0
538008115,1713935157,8.785667,-20.198883,104.0,0,1420.0
538008115,1713935202,8.783733,-20.197416,104.0,0,1420.0
538008115,1713935407,8.775917,-20.191366,104.0,0,1420.0
538008115,1713935442,8.774467,-20.190233,104.0,0,1420.0
538008115,1713935624,8.767467,-20.18495,105.0,0,1430.0
538008115,1713935696,8.76465,-20.182833,104.0,0,1420.0
538008115,1713935965,8.754267,-20.174784,105.0,0,1430.0
538008115,1713936177,8.746033,-20.168383,105.0,0,1420.0
538008115,1713936287,8.741867,-20.165068,105.0,0,1400.0
538008115,1713936343,8.739583,-20.163116,103.0,0,1390.0
538008115,1713936803,8.72195,-20.148951,106.0,0,1420.0
538008115,1713936993,8.714583,-20.143101,105.0,0,1410.0
538008115,1713937138,8.70925,-20.1388,105.0,0,1400.0
538008115,1713937363,8.700667,-20.131783,102.0,0,1390.0
538008115,1713937453,8.697283,-20.129084,102.0,0,1420.0
538008115,1713937593,8.691933,-20.124832,103.0,0,1420.0
538008115,1713937719,8.68725,-20.121317,103.0,0,1420.0
538008115,1713937888,8.680883,-20.116217,104.0,0,1400.0
538008115,1713937966,8.677817,-20.113783,104.0,0,1410.0
538008115,1713938212,8.668267,-20.10615,105.0,0,1410.0
538008115,1713939094,8.633633,-20.078951,107.0,0,1410.0
538008115,1713939315,8.625017,-20.072184,107.0,0,1400.0
538008115,1713939334,8.6242,-20.071501,107.0,0,1400.0
538008115,1713939375,8.62265,-20.070217,107.0,0,1400.0
538008115,1713939532,8.616417,-20.06505,107.0,0,1400.0
538008115,1713939927,8.600783,-20.052883,108.0,0,1400.0
538008115,1713939974,8.59885,-20.05125,108.0,0,1400.0
538008115,1713940274,8.58675,-20.042032,108.0,0,1420.0
538008115,1713940374,8.5828,-20.038868,107.0,0,1410.0
538008115,1713940691,8.570167,-20.029133,107.0,0,1430.0
538008115,1713940801,8.565833,-20.025801,107.0,0,1420.0
538008115,1713941245,8.548383,-20.01215,106.0,0,1400.0
538008115,1713941363,8.543717,-20.00845,107.0,0,1420.0
538008115,1713941483,8.538883,-20.004816,107.0,0,1420.0
538008115,1713941597,8.5345,-20.001417,106.0,0,1420.0
538008115,1713941623,8.5334,-20.000532,106.0,0,1410.0
538008115,1713941785,8.5272,-19.995684,106.0,0,1420.0
538008115,1713941905,8.522617,-19.991899,105.0,0,1400.0
538008115,1713942045,8.51725,-19.987617,104.0,0,1410.0
538008115,1713942525,8.4986,-19.973101,104.0,0,1420.0
538008115,1713942613,8.495167,-19.970501,105.0,0,1420.0
538008115,1713942925,8.483333,-19.960917,105.0,0,1410.0
538008115,1713942975,8.481283,-19.959316,106.0,0,1410.0
538008115,1713943174,8.4733,-19.953283,108.0,0,1430.0
538008115,1713943223,8.47135,-19.951767,107.0,0,1420.0
538008115,1713943703,8.452383,-19.937017,106.0,0,1420.0
538008115,1713944174,8.433833,-19.922882,106.0,0,1430.0
538008115,1713944265,8.4302,-19.9202,106.0,0,1430.0
538008115,1713944385,8.425433,-19.916683,104.0,0,1430.0
538008115,1713944423,8.423817,-19.915483,105.0,0,1430.0
538008115,1713944798,8.409717,-19.904016,105.0,0,1400.0
538008115,1713944979,8.402817,-19.898382,106.0,0,1410.0
538008115,1713945727,8.373583,-19.875366,106.0,0,1420.0
538008115,1713945756,8.37245,-19.874468,106.0,0,1410.0
538008115,1713946225,8.354417,-19.8596,106.0,0,1390.0
538008115,1713946534,8.342333,-19.85,105.0,0,1410.0
538008115,1713946933,8.326667,-19.837784,106.0,0,1420.0
538008115,1713947349,8.310483,-19.825233,105.0,0,1410.0
538008115,1713947395,8.3086,-19.823767,106.0,0,1420.0
538008115,1713947505,8.3043,-19.820433,105.0,0,1420.0
538008115,1713947635,8.2992,-19.816517,106.0,0,1420.0
538008115,1713947823,8.291833,-19.810766,106.0,0,1430.0
538008115,1713948055,8.2826,-19.8039,105.0,0,1430.0
538008115,1713948354,8.270767,-19.794733,106.0,0,1420.0
538008115,1713948385,8.269567,-19.7938,107.0,0,1430.0
538008115,1713948664,8.25855,-19.785233,106.0,0,1420.0
538008115,1713948834,8.251967,-19.780001,106.0,0,1400.0
538008115,1713948994,8.245683,-19.775,106.0,0,1420.0
538008115,1713949176,8.23855,-19.76955,106.0,0,1420.0
538008115,1713949341,8.231967,-19.764267,106.0,0,1400.0
538008115,1713949405,8.229667,-19.762417,107.0,0,1410.0
538008115,1713949522,8.22485,-19.75865,108.0,0,1420.0
538008115,1713949572,8.2229,-19.757116,108.0,0,1420.0
538008115,1713949716,8.21735,-19.752817,106.0,0,1410.0
538008115,1713949758,8.215817,-19.7516,106.0,0,1420.0
538008115,1713949792,8.214217,-19.750317,106.0,0,1410.0
538008115,1713950164,8.199933,-19.738783,106.0,0,1410.0
538008115,1713950491,8.187417,-19.728468,104.0,0,1390.0
538008115,1713950572,8.184267,-19.725901,105.0,0,1410.0
538008115,1713950592,8.183517,-19.725283,105.0,0,1410.0
538008115,1713950632,8.182,-19.724083,106.0,0,1410.0
538008115,1713950642,8.18155,-19.723734,106.0,0,1410.0
538008115,1713950663,8.18075,-19.723101,106.0,0,1420.0
538008115,1713950696,8.179633,-19.722233,106.0,0,1410.0
538008115,1713950741,8.177733,-19.720682,107.0,0,1410.0
538008115,1713950774,8.176617,-19.719767,106.0,0,1410.0
538008115,1713950781,8.176233,-19.71945,106.0,0,1410.0
538008115,1713951291,8.156533,-19.703518,105.0,0,1400.0
538008115,1713951423,8.151383,-19.699516,106.0,0,1410.0
538008115,1713951556,8.14645,-19.695467,106.0,0,1400.0
538008115,1713951795,8.137233,-19.68795,106.0,0,1420.0
538008115,1713951892,8.133383,-19.684868,106.0,0,1400.0
538008115,1713952264,8.11895,-19.673384,108.0,0,1420.0
538008115,1713952294,8.11775,-19.672483,107.0,0,1430.0
538008115,1713952444,8.111667,-19.667999,107.0,0,1440.0
538008115,1713952766,8.098867,-19.658033,107.0,0,1410.0
538008115,1713952856,8.09535,-19.655199,108.0,0,1410.0
538008115,1713952916,8.092933,-19.653299,108.0,0,1420.0
538008115,1713953127,8.084583,-19.646784,108.0,0,1430.0
538008115,1713953216,8.081083,-19.644068,106.0,0,1420.0
538008115,1713953404,8.073483,-19.638367,106.0,0,1430.0
538008115,1713953638,8.06455,-19.631268,104.0,0,1420.0
538008115,1713953675,8.06295,-19.630068,106.0,0,1420.0
538008115,1713953801,8.057867,-19.626316,107.0,0,1440.0
538008115,1713954922,8.013917,-19.592733,105.0,0,1420.0
538008115,1713955067,8.00835,-19.588533,104.0,0,1430.0
538008115,1713955348,7.997483,-19.580151,106.0,0,1430.0
538008115,1713955476,7.99245,-19.576183,105.0,0,1410.0
538008115,1713955603,7.987433,-19.572233,105.0,0,1430.0
538008115,1713955635,7.98625,-19.571367,106.0,0,1430.0
538008115,1713956045,7.970217,-19.559116,105.0,0,1420.0
538008115,1713956167,7.965533,-19.555401,104.0,0,1410.0
538008115,1713956285,7.961017,-19.551701,104.0,0,1400.0
538008115,1713956415,7.955917,-19.547882,104.0,0,1430.0
538008115,1713956486,7.95315,-19.545834,104.0,0,1430.0
538008115,1713956603,7.94835,-19.542299,105.0,0,1430.0
538008115,1713956835,7.939433,-19.535316,107.0,0,1420.0
538008115,1713956985,7.933417,-19.5308,106.0,0,1420.0
538008115,1713957033,7.9314,-19.529266,104.0,0,1420.0
538008115,1713957042,7.93105,-19.528999,106.0,0,1420.0
538008115,1713957125,7.928017,-19.526567,105.0,0,1410.0
538008115,1713957206,7.924933,-19.524099,106.0,0,1410.0
538008115,1713957316,7.920567,-19.520767,105.0,0,1420.0
538008115,1713957426,7.916267,-19.517467,105.0,0,1410.0
538008115,1713957903,7.89765,-19.502466,107.0,0,1420.0
538008115,1713958043,7.89215,-19.498068,107.0,0,1400.0
538008115,1713958538,7.873167,-19.482567,107.0,0,1410.0
538008115,1713958639,7.869183,-19.479483,106.0,0,1420.0
538008115,1713958946,7.857183,-19.46965,107.0,0,1410.0
538008115,1713959776,7.825267,-19.443451,107.0,0,1390.0
538008115,1713960023,7.815467,-19.435883,106.0,0,1440.0
538008115,1713960041,7.814667,-19.435301,105.0,0,1430.0
538008115,1713960092,7.81265,-19.4338,105.0,0,1430.0
538008115,1713960101,7.812283,-19.433533,105.0,0,1430.0
538008115,1713960152,7.8103,-19.432051,105.0,0,1430.0
538008115,1713960161,7.80995,-19.431784,105.0,0,1430.0
538008115,1713960242,7.80675,-19.42935,105.0,0,1420.0
538008115,1713960281,7.80525,-19.4282,105.0,0,1420.0
538008115,1713960291,7.80485,-19.4279,105.0,0,1420.0
538008115,1713960293,7.80485,-19.4279,105.0,0,1420.0
538008115,1713960302,7.804433,-19.427567,104.0,0,1420.0
538008115,1713960321,7.80365,-19.426983,104.0,0,1420.0
538008115,1713960351,7.80255,-19.4261,105.0,0,1410.0
538008115,1713960391,7.801,-19.4249,105.0,0,1420.0
538008115,1713960402,7.800567,-19.424583,105.0,0,1420.0
538008115,1713960422,7.799783,-19.423983,106.0,0,1420.0
538008115,1713960462,7.798217,-19.4228,106.0,0,1420.0
538008115,1713960471,7.797917,-19.42255,105.0,0,1420.0
538008115,1713960784,7.78585,-19.413366,105.0,0,1420.0
538008115,1713961103,7.773417,-19.403767,104.0,0,1410.0
538008115,1713961112,7.773067,-19.403482,104.0,0,1400.0
538008115,1713961232,7.768483,-19.399834,105.0,0,1430.0
538008115,1713961376,7.76295,-19.395718,106.0,0,1430.0
538008115,1713961565,7.755417,-19.390118,104.0,0,1420.0
538008115,1713961744,7.748617,-19.384649,104.0,0,1400.0
538008115,1713961955,7.740817,-19.378283,104.0,0,1430.0
538008115,1713962164,7.732717,-19.372101,104.0,0,1410.0
538008115,1713963405,7.6868,-19.334316,103.0,0,1390.0
538008115,1713963515,7.6827,-19.331017,102.0,0,1400.0
538008115,1713963646,7.677883,-19.327118,102.0,0,1410.0
538008115,1713963744,7.674133,-19.32415,102.0,0,1420.0
538008115,1713964033,7.663233,-19.315533,103.0,0,1410.0
538008115,1713964149,7.65895,-19.31225,103.0,0,1420.0
538008115,1713964323,7.65185,-19.307051,105.0,0,1440.0
538008115,1713964383,7.649483,-19.305317,105.0,0,1440.0
538008115,1713964427,7.6479,-19.30415,105.0,0,1430.0
538008115,1713964546,7.643183,-19.300667,105.0,0,1430.0
538008115,1713964618,7.6404,-19.298634,104.0,0,1430.0
538008115,1713964813,7.632567,-19.292801,105.0,0,1420.0
538008115,1713964893,7.629367,-19.290434,105.0,0,1440.0
538008115,1713964927,7.628167,-19.289583,105.0,0,1440.0
538008115,1713965073,7.622167,-19.285299,103.0,0,1420.0
538008115,1713965348,7.611683,-19.277416,103.0,0,1410.0
538008115,1713965526,7.604733,-19.272266,103.0,0,1430.0
538008115,1713965625,7.600917,-19.269318,103.0,0,1420.0
538008115,1713965745,7.59625,-19.265966,103.0,0,1440.0
538008115,1713965756,7.595833,-19.26565,102.0,0,1440.0
538008115,1713965865,7.591567,-19.262568,101.0,0,1440.0
538008115,1713965945,7.588383,-19.260332,101.0,0,1440.0
538008115,1713966616,7.562883,-19.241301,102.0,0,1430.0
538008115,1713966704,7.559467,-19.238649,102.0,0,1410.0
538008115,1713966888,7.55265,-19.233316,102.0,0,1410.0
538008115,1713967351,7.535317,-19.219151,102.0,0,1390.0
538008115,1713967371,7.534583,-19.21855,102.0,0,1390.0
538008115,1713967471,7.530917,-19.215401,101.0,0,1390.0
538008115,1713967775,7.5201,-19.205999,102.0,0,1400.0
538008115,1713967963,7.512917,-19.200399,102.0,0,1410.0
538008115,1713968586,7.48965,-19.181534,105.0,0,1410.0
538008115,1713968773,7.48235,-19.175751,106.0,0,1410.0
538008115,1713968813,7.480717,-19.17445,106.0,0,1410.0
538008115,1713968963,7.474917,-19.169832,107.0,0,1400.0
538008115,1713969353,7.459867,-19.157633,106.0,0,1410.0
538008115,1713969433,7.45665,-19.155199,106.0,0,1420.0
538008115,1713969513,7.4537,-19.152767,105.0,0,1400.0
538008115,1713969743,7.4448,-19.1455,106.0,0,1410.0
538008115,1713969813,7.4422,-19.1434,106.0,0,1400.0
538008115,1713970281,7.42415,-19.128584,106.0,0,1410.0
538008115,1713970445,7.4179,-19.123568,108.0,0,1420.0
538008115,1713970593,7.412,-19.118917,107.0,0,1410.0
538008115,1713971256,7.38575,-19.098818,107.0,0,1430.0
538008115,1713971954,7.357983,-19.077583,107.0,0,1430.0
538008115,1713972311,7.343483,-19.06675,108.0,0,1420.0
538008115,1713972527,7.33515,-19.060217,107.0,0,1420.0
538008115,1713972567,7.333567,-19.059,107.0,0,1420.0
538008115,1713972697,7.328517,-19.055,107.0,0,1410.0
538008115,1713972816,7.323883,-19.0513,106.0,0,1410.0
538008115,1713973104,7.312817,-19.042116,105.0,0,1390.0
538008115,1713973334,7.30395,-19.035032,105.0,0,1410.0
538008115,1713973473,7.298767,-19.030733,103.0,0,1400.0
538008115,1713973579,7.295,-19.027582,103.0,0,1390.0
538008115,1713973663,7.291617,-19.024782,104.0,0,1410.0
538008115,1713973785,7.287017,-19.021151,104.0,0,1400.0
538008115,1713973857,7.2844,-19.018999,104.0,0,1400.0
538008115,1713973894,7.282933,-19.017782,104.0,0,1400.0
538008115,1713974078,7.276167,-19.012217,103.0,0,1400.0
538008115,1713974175,7.2724,-19.009132,104.0,0,1400.0
538008115,1713974553,7.257983,-18.997583,104.0,0,1420.0
538008115,1713974694,7.252783,-18.993217,102.0,0,1390.0
538008115,1713974721,7.251683,-18.992317,103.0,0,1400.0
538008115,1713974897,7.245133,-18.987217,103.0,0,1410.0
538008115,1713974925,7.244017,-18.986366,103.0,0,1420.0
538008115,1713974963,7.24255,-18.985283,103.0,0,1430.0
538008115,1713975034,7.239833,-18.983217,103.0,0,1420.0
538008115,1713975092,7.237583,-18.981449,103.0,0,1410.0
538008115,1713975382,7.226617,-18.9729,102.0,0,1410.0
538008115,1713975395,7.226233,-18.972601,102.0,0,1410.0
538008115,1713975545,7.220667,-18.968149,102.0,0,1420.0
538008115,1713975927,7.2061,-18.957251,102.0,0,1430.0
538008115,1713976034,7.201933,-18.954117,102.0,0,1420.0
538008115,1713976086,7.200033,-18.952667,102.0,0,1430.0
538008115,1713976254,7.19345,-18.947832,102.0,0,1440.0
538008115,1713976354,7.18965,-18.944983,102.0,0,1410.0
538008115,1713976504,7.183983,-18.940599,102.0,0,1430.0
538008115,1713976565,7.181733,-18.938967,102.0,0,1440.0
538008115,1713976684,7.177133,-18.935583,102.0,0,1430.0
538008115,1713976994,7.165317,-18.926683,102.0,0,1440.0
538008115,1713977146,7.159567,-18.922417,102.0,0,1430.0
538008115,1713977194,7.157617,-18.92095,102.0,0,1430.0
538008115,1713977435,7.148367,-18.914118,103.0,0,1430.0
538008115,1713977793,7.134633,-18.903749,103.0,0,1430.0
538008115,1713978096,7.1233,-18.894934,102.0,0,1410.0
538008115,1713978106,7.122933,-18.89465,102.0,0,1420.0
538008115,1713978202,7.1191,-18.891718,103.0,0,1430.0
538008115,1713978224,7.1183,-18.8911,103.0,0,1420.0
538008115,1713978346,7.113667,-18.88765,103.0,0,1430.0
538008115,1713978565,7.10535,-18.881117,103.0,0,1420.0
538008115,1713978706,7.099967,-18.877068,103.0,0,1430.0
538008115,1713979013,7.088,-18.867983,104.0,0,1420.0
538008115,1713979103,7.084517,-18.865299,103.0,0,1420.0
538008115,1713979235,7.0796,-18.8615,103.0,0,1410.0
538008115,1713979327,7.0762,-18.858801,103.0,0,1410.0
538008115,1713979492,7.069733,-18.853867,103.0,0,1420.0
538008115,1713979678,7.062867,-18.848667,101.0,0,1420.0
538008115,1713979715,7.061367,-18.847467,101.0,0,1410.0
538008115,1713979776,7.05915,-18.845667,100.0,0,1410.0
538008115,1713979845,7.0566,-18.843634,100.0,0,1410.0
538008115,1713979974,7.051817,-18.839884,101.0,0,1420.0
538008115,1713980144,7.0453,-18.8349,101.0,0,1420.0
538008115,1713980543,7.030917,-18.822817,101.0,0,1390.0
538008115,1713980685,7.0258,-18.818434,102.0,0,1400.0
538008115,1713981046,7.012333,-18.807367,104.0,0,1410.0
538008115,1713981113,7.009667,-18.805349,104.0,0,1420.0
538008115,1713981192,7.007733,-18.803867,104.0,0,1420.0
538008115,1713981485,6.9958,-18.793949,103.0,0,1390.0
538008115,1713981834,6.982567,-18.783382,104.0,0,1430.0
538008115,1713982106,6.9724,-18.775333,103.0,0,1420.0
538008115,1713982177,6.9697,-18.773268,102.0,0,1420.0
538008115,1713982295,6.965167,-18.769768,102.0,0,1420.0
538008115,1713982437,6.959933,-18.765633,102.0,0,1410.0
538008115,1713982573,6.95475,-18.76145,102.0,0,1410.0
538008115,1713982715,6.9495,-18.757366,102.0,0,1420.0
538008115,1713982804,6.9462,-18.754784,102.0,0,1410.0
538008115,1713983095,6.93555,-18.746017,100.0,0,1410.0
538008115,1713983165,6.932917,-18.743933,101.0,0,1410.0
538008115,1713983275,6.92895,-18.740717,101.0,0,1410.0
538008115,1713984127,6.897283,-18.716232,99.0,0,1420.0
538008115,1713984314,6.89025,-18.710899,99.0,0,1420.0
538008115,1713984398,6.88735,-18.708668,99.0,0,1420.0
538008115,1713984456,6.885167,-18.706984,98.0,0,1420.0
538008115,1713984577,6.8808,-18.7036,98.0,0,1420.0
538008115,1713984584,6.880433,-18.703333,98.0,0,1420.0
538008115,1713984746,6.87465,-18.69875,98.0,0,1410.0
538008115,1713984899,6.869283,-18.694384,97.0,0,1400.0
538008115,1713984995,6.865667,-18.691467,97.0,0,1410.0
538008115,1713985447,6.849383,-18.678749,98.0,0,1420.0
538008115,1713985455,6.84905,-18.678516,98.0,0,1420.0
538008115,1713985574,6.844683,-18.675016,98.0,0,1400.0
538008115,1713985645,6.84225,-18.673033,99.0,0,1410.0
538008115,1713985764,6.837883,-18.669634,98.0,0,1410.0
538008115,1713986276,6.819367,-18.655199,98.0,0,1400.0
538008115,1713986333,6.8172,-18.653366,98.0,0,1400.0
538008115,1713986647,6.806083,-18.644449,98.0,0,1420.0
538008115,1713986737,6.80285,-18.641951,98.0,0,1410.0
538008115,1713987005,6.793083,-18.634117,98.0,0,1410.0
538008115,1713987245,6.78435,-18.627184,98.0,0,1420.0
538008115,1713987326,6.781433,-18.624916,98.0,0,1410.0
538008115,1713987468,6.7763,-18.620884,98.0,0,1410.0
538008115,1713987524,6.774117,-18.61915,98.0,0,1410.0
538008115,1713987584,6.771933,-18.617399,98.0,0,1400.0
538008115,1713988046,6.755167,-18.604033,99.0,0,1420.0
538008115,1713988211,6.748883,-18.599216,100.0,0,1430.0
538008115,1713988269,6.747033,-18.597816,100.0,0,1420.0
538008115,1713988486,6.738833,-18.591351,100.0,0,1410.0
538008115,1713988544,6.736617,-18.589634,100.0,0,1420.0
538008115,1713989424,6.703833,-18.564283,100.0,0,1420.0
538008115,1713989785,6.69035,-18.554333,100.0,0,1420.0
538008115,1713989803,6.68955,-18.553734,100.0,0,1420.0
538008115,1713989876,6.6869,-18.551767,101.0,0,1430.0
538008115,1713989966,6.683467,-18.549168,101.0,0,1430.0
538008115,1713990056,6.680017,-18.546618,101.0,0,1430.0
538008115,1713990225,6.673567,-18.541817,101.0,0,1430.0
538008115,1713990336,6.66935,-18.538733,101.0,0,1430.0
538008115,1713990348,6.668917,-18.538433,101.0,0,1440.0
538008115,1713990573,6.660167,-18.531851,101.0,0,1430.0
538008115,1713991112,6.639867,-18.5161,100.0,0,1410.0
538008115,1713991212,6.6362,-18.513184,101.0,0,1410.0
538008115,1713991304,6.632817,-18.510532,101.0,0,1410.0
538008115,1713991422,6.628317,-18.507017,101.0,0,1410.0
538008115,1713991634,6.620333,-18.5009,102.0,0,1410.0
538008115,1713991708,6.617683,-18.498751,102.0,0,1400.0
538008115,1713991805,6.6139,-18.49575,102.0,0,1420.0
538008115,1713991934,6.6089,-18.492001,102.0,0,1420.0
538008115,1713991994,6.606633,-18.490267,103.0,0,1420.0
538008115,1713992106,6.602467,-18.487,103.0,0,1420.0
538008115,1713992324,6.594133,-18.480383,102.0,0,1410.0
538008115,1713992562,6.585167,-18.473301,102.0,0,1410.0
538008115,1713992976,6.569633,-18.461283,102.0,0,1430.0
538008115,1713993095,6.565083,-18.457817,102.0,0,1420.0
538008115,1713993123,6.5639,-18.456932,102.0,0,1420.0
538008115,1713993183,6.561633,-18.455183,102.0,0,1420.0
538008115,1713993755,6.54065,-18.437983,101.0,0,1390.0
538008115,1713993827,6.538133,-18.435833,101.0,0,1390.0
538008115,1713993927,6.534483,-18.432716,102.0,0,1390.0
538008115,1713994105,6.5278,-18.427217,102.0,0,1400.0
538008115,1713994205,6.524117,-18.424232,102.0,0,1410.0
538008115,1713994447,6.515333,-18.416817,101.0,0,1390.0
538008115,1713994555,6.511317,-18.4135,101.0,0,1400.0
538008115,1713994624,6.508783,-18.411333,101.0,0,1390.0
538008115,1713995025,6.494217,-18.398817,102.0,0,1390.0
538008115,1713995145,6.4899,-18.3951,102.0,0,1390.0
538008115,1713995652,6.470433,-18.380182,102.0,0,1430.0
538008115,1713995938,6.45955,-18.372101,102.0,0,1430.0
538008115,1713996174,6.450167,-18.3654,101.0,0,1440.0
538008115,1713996287,6.445933,-18.3624,101.0,0,1440.0
538008115,1713996534,6.436267,-18.35545,100.0,0,1440.0
538008115,1713996545,6.43595,-18.355217,100.0,0,1440.0
538008115,1713996685,6.43055,-18.351233,100.0,0,1430.0
538008115,1713996802,6.4259,-18.347918,100.0,0,1440.0
538008115,1713996810,6.42555,-18.347683,100.0,0,1440.0
538008115,1713996824,6.425117,-18.347383,101.0,0,1440.0
538008115,1713996840,6.424367,-18.346867,101.0,0,1440.0
538008115,1713996922,6.421217,-18.344601,102.0,0,1440.0
538008115,1713996925,6.421217,-18.344601,102.0,0,1440.0
538008115,1713996941,6.420467,-18.344067,101.0,0,1440.0
538008115,1713996942,6.420467,-18.344067,101.0,0,1440.0
538008115,1713996990,6.41855,-18.342716,102.0,0,1440.0
538008115,1713996991,6.41855,-18.342716,102.0,0,1440.0
538008115,1713997001,6.418117,-18.342417,102.0,0,1440.0
538008115,1713997061,6.415717,-18.34075,101.0,0,1450.0
538008115,1713997082,6.414967,-18.340218,101.0,0,1450.0
538008115,1713997101,6.414183,-18.339666,102.0,0,1440.0
538008115,1713997141,6.412583,-18.338551,102.0,0,1440.0
538008115,1713997150,6.412233,-18.338301,102.0,0,1440.0
538008115,1713997161,6.4118,-18.337999,102.0,0,1450.0
538008115,1713997170,6.41145,-18.337749,102.0,0,1440.0
538008115,1713997171,6.41145,-18.337749,102.0,0,1440.0
538008115,1713997201,6.410183,-18.336884,103.0,0,1450.0
538008115,1713997202,6.410183,-18.336884,103.0,0,1450.0
538008115,1713997210,6.409867,-18.336666,103.0,0,1450.0
538008115,1713997223,6.409433,-18.336367,103.0,0,1450.0
538008115,1713997230,6.409083,-18.336117,103.0,0,1440.0
538008115,1713997241,6.408667,-18.335783,103.0,0,1430.0
538008115,1713997245,6.408667,-18.335783,103.0,0,1430.0
538008115,1713997301,6.406367,-18.334032,102.0,0,1420.0
538008115,1713997396,6.40305,-18.331333,102.0,0,1400.0
538008115,1713997552,6.39715,-18.326401,101.0,0,1400.0
538008115,1713997715,6.391183,-18.321533,102.0,0,1410.0
538008115,1713997894,6.384417,-18.31605,102.0,0,1400.0
538008115,1713998043,6.378867,-18.311501,100.0,0,1400.0
538008115,1713998114,6.376383,-18.30945,100.0,0,1400.0
538008115,1713998314,6.368933,-18.3034,100.0,0,1400.0
538008115,1713998336,6.368183,-18.302782,100.0,0,1400.0
538008115,1713998396,6.36595,-18.301001,100.0,0,1410.0
538008115,1713998683,6.355233,-18.292418,101.0,0,1400.0
538008115,1713998805,6.3508,-18.288816,101.0,0,1410.0
538008115,1713998823,6.350067,-18.288218,101.0,0,1410.0
538008115,1713999004,6.34325,-18.282932,102.0,0,1410.0
538008115,1713999214,6.3354,-18.276684,101.0,0,1420.0
538008115,1713999245,6.334267,-18.275818,101.0,0,1420.0
538008115,1713999404,6.328183,-18.271168,101.0,0,1430.0
538008115,1714000165,6.299233,-18.248632,102.0,0,1400.0
538008115,1714000375,6.291233,-18.242233,103.0,0,1420.0
538008115,1714000414,6.2897,-18.241034,103.0,0,1410.0
538008115,1714000455,6.28815,-18.239817,104.0,0,1420.0
538008115,1714000535,6.28505,-18.237432,104.0,0,1420.0
538008115,1714000714,6.278117,-18.231983,104.0,0,1410.0
538008115,1714000734,6.2774,-18.2314,103.0,0,1420.0
538008115,1714000897,6.271167,-18.226633,104.0,0,1410.0
538008115,1714000922,6.270067,-18.225782,103.0,0,1420.0
538008115,1714001046,6.265467,-18.222183,103.0,0,1420.0
538008115,1714001218,6.2589,-18.217167,103.0,0,1430.0
538008115,1714001343,6.25395,-18.2134,102.0,0,1420.0
538008115,1714001575,6.2452,-18.206717,101.0,0,1420.0
538008115,1714001756,6.238367,-18.201567,101.0,0,1420.0
538008115,1714002281,6.218533,-18.186483,99.0,0,1420.0
538008115,1714002331,6.216633,-18.185049,101.0,0,1430.0
538008115,1714002332,6.216633,-18.185049,101.0,0,1430.0
538008115,1714002341,6.216283,-18.184799,101.0,0,1430.0
538008115,1714002342,6.216283,-18.184799,101.0,0,1430.0
538008115,1714002371,6.21515,-18.183968,101.0,0,1430.0
538008115,1714002381,6.214783,-18.183701,101.0,0,1430.0
538008115,1714002391,6.2144,-18.183416,101.0,0,1430.0
538008115,1714002392,6.2144,-18.183416,101.0,0,1430.0
538008115,1714002401,6.214017,-18.183149,100.0,0,1430.0
538008115,1714002402,6.214017,-18.183149,100.0,0,1430.0
538008115,1714002441,6.212533,-18.182068,101.0,0,1440.0
538008115,1714002442,6.212533,-18.182068,101.0,0,1440.0
538008115,1714002451,6.212133,-18.181749,100.0,0,1420.0
538008115,1714002452,6.212133,-18.181749,100.0,0,1420.0
538008115,1714002481,6.211033,-18.180933,100.0,0,1430.0
538008115,1714002482,6.211033,-18.180933,100.0,0,1430.0
538008115,1714002491,6.210583,-18.180582,100.0,0,1420.0
538008115,1714002492,6.210583,-18.180582,100.0,0,1420.0
538008115,1714002501,6.21025,-18.180332,101.0,0,1420.0
538008115,1714002502,6.21025,-18.180332,101.0,0,1420.0
538008115,1714002511,6.20985,-18.18,101.0,0,1420.0
538008115,1714002512,6.20985,-18.18,101.0,0,1420.0
538008115,1714002513,6.20985,-18.18,101.0,0,1420.0
538008115,1714002521,6.209483,-18.17975,100.0,0,1420.0
538008115,1714002522,6.209483,-18.17975,100.0,0,1420.0
538008115,1714002541,6.208733,-18.179182,100.0,0,1430.0
538008115,1714002542,6.208733,-18.179182,100.0,0,1430.0
538008115,1714002551,6.208367,-18.1789,100.0,0,1430.0
538008115,1714002561,6.207983,-18.178633,101.0,0,1430.0
538008115,1714002562,6.207983,-18.178633,101.0,0,1430.0
538008115,1714002570,6.20765,-18.178383,101.0,0,1430.0
538008115,1714002571,6.20765,-18.178383,101.0,0,1430.0
538008115,1714002581,6.207233,-18.178066,101.0,0,1430.0
538008115,1714002582,6.207233,-18.178066,101.0,0,1430.0
538008115,1714002591,6.2069,-18.177816,101.0,0,1430.0
538008115,1714002592,6.2069,-18.177816,101.0,0,1430.0
538008115,1714002601,6.206517,-18.177532,101.0,0,1430.0
538008115,1714002602,6.206517,-18.177532,101.0,0,1430.0
538008115,1714002611,6.2061,-18.177217,101.0,0,1430.0
538008115,1714002612,6.2061,-18.177217,101.0,0,1430.0
538008115,1714002615,6.2061,-18.177217,101.0,0,1430.0
538008115,1714002620,6.205783,-18.177,101.0,0,1430.0
538008115,1714002621,6.205783,-18.177,101.0,0,1430.0
538008115,1714002641,6.20495,-18.176382,101.0,0,1430.0
538008115,1714002651,6.204567,-18.1761,101.0,0,1430.0
538008115,1714002652,6.204567,-18.1761,101.0,0,1430.0
538008115,1714002661,6.2042,-18.175817,101.0,0,1430.0
538008115,1714002701,6.2027,-18.174717,101.0,0,1430.0
538008115,1714002702,6.2027,-18.174717,101.0,0,1430.0
538008115,1714002781,6.199717,-18.172501,101.0,0,1430.0
538008115,1714002881,6.195883,-18.16975,100.0,0,1440.0
538008115,1714003072,6.189,-18.164368,100.0,0,1400.0
538008115,1714003285,6.18155,-18.158083,99.0,0,1390.0
538008115,1714003402,6.177317,-18.154467,99.0,0,1390.0
538008115,1714003484,6.174467,-18.152134,99.0,0,1410.0
538008115,1714003625,6.169333,-18.148132,99.0,0,1420.0
538008115,1714003956,6.15755,-18.138582,98.0,0,1400.0
538008115,1714004254,6.146783,-18.129999,99.0,0,1410.0
538008115,1714004297,6.145317,-18.128799,99.0,0,1410.0
538008115,1714004433,6.14035,-18.1248,99.0,0,1410.0
538008115,1714004746,6.129067,-18.115784,99.0,0,1410.0
538008115,1714004952,6.121367,-18.1099,99.0,0,1420.0
538008115,1714005294,6.10895,-18.100117,99.0,0,1400.0
538008115,1714005434,6.1038,-18.096132,100.0,0,1420.0
538008115,1714005503,6.10125,-18.094168,100.0,0,1420.0
538008115,1714005742,6.09235,-18.087233,101.0,0,1410.0
538008115,1714006856,6.051517,-18.054583,102.0,0,1410.0
538008115,1714007117,6.0417,-18.047016,102.0,0,1420.0
538008115,1714007262,6.036117,-18.042633,102.0,0,1420.0
538008115,1714007465,6.028517,-18.036766,102.0,0,1420.0
538008115,1714007673,6.020633,-18.030666,101.0,0,1410.0
538008115,1714007692,6.019883,-18.030083,102.0,0,1410.0
538008115,1714007783,6.016417,-18.027468,102.0,0,1420.0
538008115,1714007853,6.01375,-18.025499,103.0,0,1430.0
538008115,1714007882,6.012583,-18.024651,102.0,0,1430.0
538008115,1714008614,5.984933,-18.003166,103.0,0,1400.0
538008115,1714008716,5.98125,-18.000168,102.0,0,1400.0
538008115,1714008975,5.971417,-17.9925,103.0,0,1410.0
538008115,1714009034,5.969167,-17.990784,103.0,0,1420.0
538008115,1714009164,5.964233,-17.986917,102.0,0,1410.0
538008115,1714009254,5.960883,-17.984266,102.0,0,1420.0
538008115,1714009394,5.955633,-17.980167,100.0,0,1410.0
538008115,1714009445,5.953783,-17.978718,100.0,0,1410.0
538008115,1714009572,5.948883,-17.974899,100.0,0,1420.0
538008115,1714009764,5.94175,-17.969366,101.0,0,1410.0
538008115,1714009885,5.937317,-17.965883,100.0,0,1410.0
538008115,1714010325,5.920983,-17.95315,102.0,0,1410.0
538008115,1714010728,5.906333,-17.940983,100.0,0,1400.0
538008115,1714011574,5.875217,-17.915882,99.0,0,1410.0
538008115,1714012803,5.830167,-17.881651,98.0,0,1410.0
538008115,1714012965,5.824333,-17.87705,98.0,0,1410.0
538008115,1714013685,5.7982,-17.8568,97.0,0,1410.0
538008115,1714013904,5.79025,-17.850567,97.0,0,1420.0
538008115,1714013975,5.787667,-17.848566,98.0,0,1420.0
538008115,1714014063,5.784467,-17.846117,98.0,0,1420.0
538008115,1714014155,5.781083,-17.8435,99.0,0,1410.0
538008115,1714014265,5.77705,-17.840349,99.0,0,1410.0
538008115,1714014353,5.773783,-17.837816,99.0,0,1420.0
538008115,1714014514,5.76785,-17.833332,100.0,0,1420.0
538008115,1714014754,5.758883,-17.826616,99.0,0,1430.0
538008115,1714014835,5.755933,-17.8244,99.0,0,1430.0
538008115,1714014986,5.750517,-17.82015,97.0,0,1410.0
538008115,1714014993,5.7502,-17.819883,97.0,0,1410.0
538008115,1714015113,5.74585,-17.8165,98.0,0,1420.0
538008115,1714015162,5.744033,-17.815117,98.0,0,1420.0
538008115,1714015184,5.743233,-17.814501,99.0,0,1420.0
538008115,1714015345,5.73745,-17.810017,98.0,0,1420.0
538008115,1714015352,5.737083,-17.809732,99.0,0,1420.0
538008115,1714015383,5.736,-17.808867,98.0,0,1410.0
538008115,1714015392,5.73565,-17.808582,98.0,0,1410.0
538008115,1714015505,5.7316,-17.805367,98.0,0,1410.0
538008115,1714015627,5.7273,-17.801983,98.0,0,1410.0
538008115,1714015843,5.7194,-17.795683,98.0,0,1410.0
538008115,1714016044,5.7122,-17.789883,98.0,0,1400.0
538008115,1714016235,5.705433,-17.784384,98.0,0,1400.0
538008115,1714016442,5.697817,-17.77825,98.0,0,1410.0
538008115,1714016566,5.693467,-17.774782,98.0,0,1410.0
538008115,1714016627,5.691317,-17.773018,98.0,0,1400.0
538008115,1714016714,5.688117,-17.770384,98.0,0,1400.0
538008115,1714016782,5.6856,-17.768433,98.0,0,1420.0
538008115,1714016827,5.6841,-17.7673,98.0,0,1420.0
538008115,1714016866,5.682633,-17.766199,97.0,0,1420.0
538008115,1714017214,5.669883,-17.756517,97.0,0,1420.0
538008115,1714017305,5.66655,-17.753983,97.0,0,1420.0
538008115,1714017501,5.659317,-17.74855,96.0,0,1420.0
538008115,1714017581,5.656433,-17.746332,97.0,0,1410.0
538008115,1714017603,5.6557,-17.745768,97.0,0,1410.0
538008115,1714017734,5.65085,-17.74205,97.0,0,1420.0
538008115,1714017935,5.643517,-17.736483,98.0,0,1420.0
538008115,1714017955,5.642733,-17.735916,98.0,0,1420.0
538008115,1714018294,5.6303,-17.726549,98.0,0,1430.0
538008115,1714018435,5.625117,-17.722668,98.0,0,1430.0
538008115,1714018542,5.6211,-17.7197,97.0,0,1430.0
538008115,1714018634,5.61785,-17.717182,97.0,0,1410.0
538008115,1714018658,5.617133,-17.716618,97.0,0,1410.0
538008115,1714018714,5.615,-17.714899,97.0,0,1410.0
538008115,1714018916,5.608,-17.709232,97.0,0,1400.0
538008115,1714018925,5.60765,-17.70895,95.0,0,1400.0
538008115,1714019042,5.603417,-17.705549,97.0,0,1410.0
538008115,1714019055,5.6031,-17.705299,96.0,0,1410.0
538008115,1714019174,5.5988,-17.701851,96.0,0,1410.0
538008115,1714019372,5.59175,-17.696234,96.0,0,1410.0
538008115,1714019535,5.586083,-17.691668,97.0,0,1400.0
538008115,1714019582,5.584367,-17.690268,96.0,0,1400.0
538008115,1714019802,5.576617,-17.684017,97.0,0,1400.0
538008115,1714019992,5.569967,-17.678482,96.0,0,1400.0
538008115,1714020152,5.564383,-17.673767,97.0,0,1390.0
538008115,1714020163,5.5641,-17.673532,97.0,0,1390.0
538008115,1714020475,5.55315,-17.664333,98.0,0,1390.0
538008115,1714020535,5.551017,-17.662533,97.0,0,1390.0
538008115,1714020902,5.538117,-17.651449,97.0,0,1390.0
538008115,1714021114,5.530683,-17.645184,97.0,0,1390.0
538008115,1714021142,5.529633,-17.644283,98.0,0,1390.0
538008115,1714021565,5.5145,-17.631983,99.0,0,1400.0
538008115,1714021645,5.511667,-17.6297,97.0,0,1410.0
538008115,1714021762,5.50735,-17.626266,97.0,0,1420.0
538008115,1714022093,5.4952,-17.617416,96.0,0,1430.0
538008115,1714022136,5.493733,-17.61635,97.0,0,1430.0
538008115,1714022204,5.4911,-17.614433,97.0,0,1430.0
538008115,1714022264,5.488933,-17.612818,97.0,0,1430.0
538008115,1714022293,5.487867,-17.612049,97.0,0,1430.0
538008115,1714022414,5.483467,-17.608749,96.0,0,1420.0
538008115,1714022704,5.472917,-17.600918,96.0,0,1430.0
538008115,1714022805,5.46925,-17.598217,96.0,0,1430.0
538008115,1714023254,5.452633,-17.585934,98.0,0,1420.0
538008115,1714023476,5.444383,-17.579901,99.0,0,1440.0
538008115,1714023514,5.442917,-17.578867,98.0,0,1440.0
538008115,1714023774,5.43315,-17.5718,99.0,0,1440.0
538008115,1714024224,5.4162,-17.559683,98.0,0,1440.0
538008115,1714024444,5.4081,-17.553833,98.0,0,1440.0
538008115,1714024654,5.400233,-17.548267,98.0,0,1440.0
538008115,1714024763,5.396183,-17.545168,99.0,0,1410.0
538008115,1714024894,5.391567,-17.541349,99.0,0,1400.0
538008115,1714025133,5.383133,-17.534283,99.0,0,1390.0
538008115,1714025464,5.37135,-17.524384,99.0,0,1400.0
538008115,1714025635,5.365267,-17.51935,100.0,0,1410.0
538008115,1714025686,5.363517,-17.5179,99.0,0,1400.0
538008115,1714025914,5.355283,-17.511066,100.0,0,1400.0
538008115,1714026584,5.3313,-17.491167,100.0,0,1390.0
538008115,1714026705,5.327033,-17.487568,98.0,0,1400.0
538008115,1714026843,5.32185,-17.483601,99.0,0,1430.0
538008115,1714027184,5.309333,-17.474167,99.0,0,1430.0
538008115,1714027304,5.3049,-17.470818,99.0,0,1420.0
538008115,1714027552,5.2957,-17.463766,101.0,0,1420.0
538008115,1714027863,5.284017,-17.454849,102.0,0,1420.0
538008115,1714028445,5.262017,-17.438032,102.0,0,1430.0
538008115,1714028545,5.2582,-17.435133,102.0,0,1420.0
538008115,1714028656,5.25405,-17.43195,102.0,0,1420.0
538008115,1714028717,5.2518,-17.430218,102.0,0,1420.0
538008115,1714028833,5.2473,-17.426733,101.0,0,1420.0
538008115,1714028964,5.242433,-17.423,101.0,0,1420.0
538008115,1714029623,5.21825,-17.403749,100.0,0,1400.0
538008115,1714029725,5.2146,-17.400749,100.0,0,1390.0
538008115,1714029855,5.2099,-17.396816,99.0,0,1400.0
538008115,1714029923,5.2074,-17.3948,100.0,0,1410.0
538008115,1714029974,5.205583,-17.393333,99.0,0,1400.0
538008115,1714030035,5.203367,-17.391518,99.0,0,1400.0
538008115,1714030166,5.19875,-17.387716,99.0,0,1400.0
538008115,1714030174,5.198417,-17.387449,99.0,0,1400.0
538008115,1714030235,5.196267,-17.385633,99.0,0,1390.0
538008115,1714030416,5.189767,-17.380318,98.0,0,1400.0
538008115,1714030654,5.181233,-17.373249,98.0,0,1400.0
538008115,1714030716,5.179083,-17.371616,98.0,0,1420.0
538008115,1714030956,5.17025,-17.365049,97.0,0,1430.0
538008115,1714031124,5.164033,-17.360434,97.0,0,1430.0
538008115,1714031182,5.161817,-17.358816,97.0,0,1430.0
538008115,1714031444,5.152233,-17.351833,96.0,0,1430.0
538008115,1714031784,5.13985,-17.342533,97.0,0,1430.0
538008115,1714031959,5.133683,-17.337833,96.0,0,1410.0
538008115,1714032203,5.124817,-17.330683,97.0,0,1410.0
538008115,1714032674,5.1079,-17.31745,98.0,0,1420.0
538008115,1714032726,5.106033,-17.315968,98.0,0,1420.0
538008115,1714032736,5.1057,-17.315733,98.0,0,1420.0
538008115,1714032953,5.0978,-17.30945,97.0,0,1400.0
538008115,1714033183,5.089617,-17.302883,98.0,0,1410.0
538008115,1714033263,5.08685,-17.30065,97.0,0,1410.0
538008115,1714033497,5.078483,-17.293949,98.0,0,1410.0
538008115,1714033613,5.074117,-17.2906,98.0,0,1420.0
538008115,1714034095,5.0565,-17.276966,100.0,0,1420.0
538008115,1714034224,5.0517,-17.273283,100.0,0,1420.0
538008115,1714034362,5.046517,-17.269333,100.0,0,1420.0
538008115,1714034646,5.036183,-17.2614,99.0,0,1420.0
538008115,1714034916,5.026217,-17.253767,99.0,0,1410.0
538008115,1714035286,5.012633,-17.243383,99.0,0,1430.0
538008115,1714035442,5.006667,-17.238882,99.0,0,1420.0
538008115,1714035634,4.999667,-17.2335,100.0,0,1420.0
538008115,1714035694,4.99745,-17.231817,100.0,0,1420.0
538008115,1714035854,4.9915,-17.227217,100.0,0,1420.0
538008115,1714035874,4.990817,-17.226683,100.0,0,1420.0
538008115,1714035928,4.988883,-17.225183,100.0,0,1410.0
538008115,1714036105,4.982283,-17.219982,98.0,0,1410.0
538008115,1714036201,4.978717,-17.217216,99.0,0,1420.0
538008115,1714036495,4.967933,-17.208918,100.0,0,1420.0
538008115,1714036763,4.9581,-17.201183,99.0,0,1410.0
538008115,1714036902,4.9531,-17.197184,99.0,0,1410.0
538008115,1714036915,4.95265,-17.196833,99.0,0,1410.0
538008115,1714037053,4.947633,-17.192833,98.0,0,1410.0
538008115,1714037223,4.94155,-17.188032,98.0,0,1420.0
538008115,1714037376,4.936117,-17.183649,98.0,0,1410.0
538008115,1714037493,4.93185,-17.180218,98.0,0,1410.0
538008115,1714037719,4.9239,-17.173817,98.0,0,1400.0
538008115,1714038225,4.905483,-17.159201,100.0,0,1420.0
538008115,1714038424,4.89815,-17.153534,99.0,0,1420.0
538008115,1714038515,4.894833,-17.150949,100.0,0,1420.0
538008115,1714038625,4.890733,-17.147783,100.0,0,1420.0
538008115,1714038952,4.878617,-17.138416,99.0,0,1420.0
538008115,1714038973,4.877833,-17.137833,99.0,0,1430.0
538008115,1714039054,4.874883,-17.135567,99.0,0,1420.0
538008115,1714039162,4.870817,-17.13245,100.0,0,1420.0
538008115,1714039193,4.869717,-17.131617,99.0,0,1420.0
538008115,1714039232,4.868233,-17.130466,100.0,0,1420.0
538008115,1714039245,4.867833,-17.13015,100.0,0,1420.0
538008115,1714039253,4.8675,-17.129883,100.0,0,1420.0
538008115,1714039295,4.866017,-17.12875,99.0,0,1420.0
538008115,1714039445,4.86045,-17.124599,99.0,0,1420.0
538008115,1714039619,4.854117,-17.119917,98.0,0,1420.0
538008115,1714039895,4.844,-17.111782,99.0,0,1400.0
538008115,1714040145,4.834917,-17.104517,100.0,0,1410.0
538008115,1714040216,4.832367,-17.102484,99.0,0,1410.0
538008115,1714040903,4.8074,-17.082199,101.0,0,1400.0
538008115,1714040954,4.805567,-17.080717,101.0,0,1400.0
538008115,1714041063,4.801483,-17.07745,101.0,0,1410.0
538008115,1714041264,4.794117,-17.0716,101.0,0,1410.0
538008115,1714041323,4.791933,-17.069834,100.0,0,1410.0
538008115,1714041424,4.788233,-17.066851,101.0,0,1410.0
538008115,1714041596,4.782033,-17.061867,101.0,0,1400.0
538008115,1714041656,4.779817,-17.060101,101.0,0,1410.0
538008115,1714041837,4.7731,-17.0548,101.0,0,1420.0
538008115,1714041935,4.7693,-17.051884,102.0,0,1420.0
538008115,1714042183,4.75995,-17.044733,102.0,0,1420.0
538008115,1714042396,4.7519,-17.038633,101.0,0,1430.0
538008115,1714042687,4.74115,-17.030283,101.0,0,1410.0
538008115,1714042773,4.7378,-17.027651,101.0,0,1410.0
538008115,1714042933,4.731783,-17.02305,102.0,0,1430.0
538008115,1714043023,4.728367,-17.0205,101.0,0,1420.0
538008115,1714043078,4.7265,-17.019051,101.0,0,1420.0
538008115,1714043103,4.725367,-17.018217,101.0,0,1420.0
538008115,1714043322,4.717183,-17.011868,101.0,0,1410.0
538008115,1714043377,4.715267,-17.010401,101.0,0,1420.0
538008115,1714043557,4.708467,-17.005283,101.0,0,1420.0
538008115,1714043604,4.706583,-17.003817,101.0,0,1420.0
538008115,1714043728,4.702117,-17.00045,101.0,0,1430.0
538008115,1714044156,4.686167,-16.988167,100.0,0,1420.0
538008115,1714044174,4.685517,-16.987682,100.0,0,1420.0
538008115,1714044420,4.676217,-16.980583,100.0,0,1420.0
538008115,1714044440,4.675533,-16.980034,100.0,0,1420.0
538008115,1714044445,4.675533,-16.980034,100.0,0,1420.0
538008115,1714044491,4.673683,-16.978582,100.0,0,1420.0
538008115,1714044532,4.672167,-16.977417,100.0,0,1420.0
538008115,1714044540,4.671833,-16.977167,100.0,0,1420.0
538008115,1714044551,4.671467,-16.976883,100.0,0,1420.0
538008115,1714044561,4.6711,-16.976601,99.0,0,1410.0
538008115,1714044582,4.670333,-16.975983,99.0,0,1420.0
538008115,1714044592,4.669967,-16.975718,99.0,0,1420.0
538008115,1714044611,4.669267,-16.975166,99.0,0,1420.0
538008115,1714044631,4.668533,-16.9746,99.0,0,1410.0
538008115,1714044657,4.667733,-16.973984,99.0,0,1420.0
538008115,1714044660,4.66745,-16.973766,99.0,0,1420.0
538008115,1714044661,4.66745,-16.973766,99.0,0,1420.0
538008115,1714044670,4.667083,-16.973467,99.0,0,1410.0
538008115,1714044671,4.667083,-16.973467,99.0,0,1410.0
538008115,1714044680,4.666717,-16.973183,99.0,0,1410.0
538008115,1714044681,4.666717,-16.973183,99.0,0,1410.0
538008115,1714044691,4.666317,-16.972883,99.0,0,1420.0
538008115,1714044711,4.6656,-16.9723,99.0,0,1410.0
538008115,1714044712,4.6656,-16.9723,99.0,0,1410.0
538008115,1714044720,4.665267,-16.972033,99.0,0,1410.0
538008115,1714044730,4.6649,-16.97175,99.0,0,1410.0
538008115,1714044731,4.6649,-16.97175,99.0,0,1410.0
538008115,1714044740,4.66455,-16.971466,99.0,0,1410.0
538008115,1714044741,4.66455,-16.971466,99.0,0,1410.0
538008115,1714044751,4.664183,-16.971184,99.0,0,1410.0
538008115,1714044762,4.663783,-16.970867,99.0,0,1410.0
538008115,1714044780,4.6631,-16.970318,99.0,0,1410.0
538008115,1714044781,4.6631,-16.970318,99.0,0,1410.0
538008115,1714044790,4.662733,-16.970034,99.0,0,1410.0
538008115,1714044822,4.661617,-16.969151,99.0,0,1410.0
538008115,1714044831,4.66125,-16.968849,99.0,0,1410.0
538008115,1714044832,4.66125,-16.968849,99.0,0,1410.0
538008115,1714044851,4.66055,-16.968317,99.0,0,1420.0
538008115,1714044932,4.657567,-16.966034,99.0,0,1420.0
538008115,1714044934,4.657567,-16.966034,99.0,0,1420.0
538008115,1714044941,4.65725,-16.965782,99.0,0,1420.0
538008115,1714044960,4.65655,-16.965267,99.0,0,1430.0
538008115,1714044965,4.65655,-16.965267,99.0,0,1430.0
538008115,1714044970,4.65615,-16.964968,99.0,0,1420.0
538008115,1714045302,4.644117,-16.955566,98.0,0,1410.0
538008115,1714045408,4.64055,-16.952749,98.0,0,1410.0
538008115,1714046027,4.618083,-16.935183,99.0,0,1410.0
538008115,1714046214,4.61135,-16.929768,98.0,0,1400.0
538008115,1714046496,4.601183,-16.921717,98.0,0,1410.0
538008115,1714046604,4.5973,-16.918583,98.0,0,1400.0
538008115,1714046917,4.586217,-16.9097,99.0,0,1410.0
538008115,1714046977,4.584083,-16.907984,98.0,0,1410.0
538008115,1714047104,4.579417,-16.904234,99.0,0,1410.0
538008115,1714047824,4.554083,-16.883368,97.0,0,1400.0
538008115,1714047835,4.553733,-16.883066,97.0,0,1400.0
538008115,1714048045,4.546317,-16.877016,97.0,0,1400.0
538008115,1714048407,4.533533,-16.866617,97.0,0,1410.0
538008115,1714048477,4.531017,-16.864582,97.0,0,1400.0
538008115,1714048655,4.5247,-16.859417,97.0,0,1400.0
538008115,1714048825,4.518733,-16.854433,97.0,0,1390.0
538008115,1714048884,4.5166,-16.852716,97.0,0,1400.0
538008115,1714049303,4.501183,-16.841167,97.0,0,1420.0
538008115,1714049487,4.494617,-16.836218,96.0,0,1420.0
538008115,1714049566,4.49175,-16.834017,96.0,0,1420.0
538008115,1714049778,4.484233,-16.8283,96.0,0,1420.0
538008115,1714050126,4.4714,-16.81875,96.0,0,1420.0
538008115,1714050326,4.4643,-16.813284,96.0,0,1420.0
538008115,1714052803,4.3747,-16.745667,97.0,0,1420.0
538008115,1714052913,4.37075,-16.742582,97.0,0,1410.0
538008115,1714052973,4.368567,-16.740868,96.0,0,1410.0
538008115,1714053943,4.333233,-16.71405,97.0,0,1410.0
538008115,1714054006,4.331083,-16.712383,97.0,0,1420.0
538008115,1714054137,4.3263,-16.708733,97.0,0,1420.0
538008115,1714054287,4.320817,-16.704599,97.0,0,1420.0
538008115,1714054306,4.320083,-16.70405,97.0,0,1420.0
538008115,1714054553,4.31105,-16.697117,96.0,0,1420.0
538008115,1714054595,4.309567,-16.69595,96.0,0,1420.0
538008115,1714054719,4.305333,-16.692499,97.0,0,1400.0
538008115,1714054836,4.301067,-16.689016,97.0,0,1400.0
538008115,1714054956,4.296833,-16.685499,97.0,0,1400.0
538008115,1714055205,4.288133,-16.6782,97.0,0,1390.0
538008115,1714055603,4.273883,-16.6665,98.0,0,1420.0
538008115,1714055823,4.265917,-16.660334,97.0,0,1410.0
538008115,1714055943,4.261517,-16.656918,97.0,0,1420.0
538008115,1714056053,4.25755,-16.653851,98.0,0,1410.0
538008115,1714056817,4.229983,-16.632168,99.0,0,1410.0
538008115,1714056982,4.22385,-16.627283,98.0,0,1410.0
538008115,1714057965,4.1885,-16.599417,97.0,0,1420.0
538008115,1714058074,4.1845,-16.596333,96.0,0,1420.0
538008115,1714058156,4.181617,-16.594116,97.0,0,1420.0
538008115,1714058423,4.17185,-16.586634,97.0,0,1420.0
538008115,1714058445,4.171167,-16.5861,96.0,0,1420.0
538008115,1714058824,4.157567,-16.575684,95.0,0,1420.0
538008115,1714058946,4.153367,-16.572451,94.0,0,1420.0
538008115,1714059966,4.117367,-16.544666,95.0,0,1410.0
538008115,1714060036,4.114917,-16.542732,95.0,0,1410.0
538008115,1714060083,4.11315,-16.541332,95.0,0,1410.0
538008115,1714060147,4.111083,-16.5397,95.0,0,1410.0
538008115,1714060387,4.1026,-16.533068,94.0,0,1410.0
538008115,1714060435,4.10085,-16.5317,95.0,0,1420.0
538008115,1714060655,4.093133,-16.525566,95.0,0,1410.0
538008115,1714060732,4.09035,-16.523367,95.0,0,1410.0
538008115,1714060843,4.08645,-16.520267,95.0,0,1410.0
538008115,1714060922,4.083667,-16.518066,95.0,0,1410.0
538008115,1714061313,4.069933,-16.507267,95.0,0,1410.0
538008115,1714061535,4.062117,-16.501133,96.0,0,1410.0
538008115,1714061685,4.056867,-16.496967,96.0,0,1410.0
538008115,1714061824,4.051917,-16.493099,96.0,0,1420.0
538008115,1714061976,4.046533,-16.488934,96.0,0,1410.0
538008115,1714062063,4.04335,-16.486433,95.0,0,1410.0
538008115,1714062294,4.035167,-16.48,96.0,0,1410.0
538008115,1714062433,4.030167,-16.476133,96.0,0,1420.0
538008115,1714062583,4.024733,-16.471951,97.0,0,1420.0
538008115,1714063295,3.999367,-16.452118,96.0,0,1410.0
538008115,1714063343,3.99765,-16.45075,97.0,0,1420.0
538008115,1714063424,3.994767,-16.4485,96.0,0,1420.0
538008115,1714063565,3.989733,-16.44455,96.0,0,1410.0
538008115,1714063672,3.98585,-16.441549,95.0,0,1410.0
538008115,1714063753,3.982983,-16.43935,95.0,0,1420.0
538008115,1714064055,3.972317,-16.431032,94.0,0,1410.0
538008115,1714064201,3.967133,-16.426933,95.0,0,1410.0
538008115,1714064323,3.962917,-16.423567,95.0,0,1410.0
538008115,1714064396,3.960467,-16.421618,95.0,0,1400.0
538008115,1714064686,3.950367,-16.413467,95.0,0,1410.0
538008115,1714064805,3.946117,-16.410101,95.0,0,1400.0
538008115,1714065057,3.93735,-16.4032,96.0,0,1420.0
538008115,1714065542,3.919883,-16.3894,97.0,0,1420.0
538008115,1714065603,3.91775,-16.387768,96.0,0,1410.0
538008115,1714065803,3.910567,-16.382151,96.0,0,1420.0
538008115,1714065884,3.90775,-16.37995,96.0,0,1410.0
538008115,1714066233,3.89525,-16.370199,96.0,0,1410.0
538008115,1714066296,3.893083,-16.368483,96.0,0,1410.0
538008115,1714066531,3.884633,-16.361767,96.0,0,1410.0
538008115,1714066833,3.874,-16.3533,96.0,0,1410.0
538008115,1714067064,3.865767,-16.346832,96.0,0,1410.0
538008115,1714067254,3.859033,-16.341534,96.0,0,1410.0
538008115,1714067565,3.847883,-16.332767,96.0,0,1420.0
538008115,1714067644,3.84505,-16.330549,97.0,0,1420.0
538008115,1714067952,3.833867,-16.321966,96.0,0,1430.0
538008115,1714068718,3.805983,-16.301149,97.0,0,1430.0
538008115,1714068994,3.79585,-16.293533,96.0,0,1430.0
538008115,1714069234,3.787133,-16.286934,97.0,0,1420.0
538008115,1714069275,3.785683,-16.285833,97.0,0,1420.0
538008115,1714069384,3.781683,-16.282801,97.0,0,1420.0
538008115,1714069852,3.764983,-16.269667,96.0,0,1410.0
538008115,1714069988,3.76025,-16.265949,97.0,0,1410.0
538008115,1714070045,3.758083,-16.264267,96.0,0,1420.0
538008115,1714070434,3.7439,-16.253532,98.0,0,1420.0
538008115,1714070642,3.73635,-16.247749,98.0,0,1420.0
538008115,1714070656,3.735883,-16.2474,97.0,0,1410.0
538008115,1714070845,3.729017,-16.242117,97.0,0,1430.0
538008115,1714071473,3.706333,-16.2243,97.0,0,1400.0
538008115,1714071526,3.704533,-16.222851,98.0,0,1400.0
538008115,1714071535,3.704217,-16.222601,98.0,0,1410.0
538008115,1714071556,3.7035,-16.222017,98.0,0,1410.0
538008115,1714071595,3.702033,-16.22085,98.0,0,1410.0
538008115,1714071742,3.6967,-16.216516,97.0,0,1400.0
538008115,1714072114,3.68355,-16.205767,97.0,0,1410.0
538008115,1714072205,3.680283,-16.203182,98.0,0,1410.0
538008115,1714072333,3.675617,-16.199551,99.0,0,1410.0
538008115,1714072386,3.67375,-16.198084,99.0,0,1410.0
538008115,1714072533,3.66825,-16.193867,99.0,0,1420.0
538008115,1714072817,3.658167,-16.185883,98.0,0,1410.0
538008115,1714073043,3.64975,-16.17935,99.0,0,1420.0
538008115,1714073095,3.6479,-16.177917,99.0,0,1410.0
538008115,1714073225,3.643183,-16.174183,98.0,0,1410.0
538008115,1714073447,3.635167,-16.167917,98.0,0,1420.0
538008115,1714073703,3.6256,-16.160566,99.0,0,1420.0
538008115,1714073854,3.620083,-16.156267,99.0,0,1410.0
538008115,1714074004,3.614583,-16.15205,99.0,0,1410.0
538008115,1714074677,3.58995,-16.13335,98.0,0,1420.0
538008115,1714074824,3.584433,-16.1292,98.0,0,1420.0
538008115,1714074926,3.580767,-16.12645,98.0,0,1420.0
538008115,1714075402,3.563183,-16.113283,99.0,0,1420.0
538008115,1714075608,3.555817,-16.1077,99.0,0,1420.0
538008115,1714075673,3.5532,-16.105734,99.0,0,1420.0
538008115,1714075842,3.547017,-16.100883,99.0,0,1400.0
538008115,1714075975,3.542383,-16.097151,99.0,0,1400.0
538008115,1714076125,3.536983,-16.092768,99.0,0,1400.0
538008115,1714076186,3.534833,-16.091017,99.0,0,1400.0
538008115,1714076398,3.527217,-16.0849,99.0,0,1420.0
538008115,1714076724,3.5152,-16.075466,100.0,0,1410.0
538008115,1714076842,3.5109,-16.072033,99.0,0,1410.0
538008115,1714077034,3.50395,-16.066549,99.0,0,1410.0
538008115,1714077255,3.495933,-16.060383,99.0,0,1410.0
538008115,1714077515,3.486583,-16.05295,99.0,0,1410.0
538008115,1714077624,3.48255,-16.049784,99.0,0,1410.0
538008115,1714077875,3.473517,-16.042732,98.0,0,1420.0
538008115,1714078194,3.461983,-16.033716,99.0,0,1420.0
538008115,1714078417,3.45405,-16.02755,98.0,0,1410.0
538008115,1714078602,3.447183,-16.022249,98.0,0,1420.0
538008115,1714078662,3.445,-16.020533,98.0,0,1420.0
538008115,1714078867,3.4378,-16.014982,98.0,0,1420.0
538008115,1714079002,3.43275,-16.011118,97.0,0,1420.0
538008115,1714079414,3.418,-15.999967,97.0,0,1420.0
538008115,1714079515,3.414333,-15.9972,97.0,0,1420.0
538008115,1714079836,3.4027,-15.988383,97.0,0,1420.0
538008115,1714079943,3.398767,-15.98535,97.0,0,1410.0
538008115,1714080244,3.38815,-15.976933,96.0,0,1410.0
538008115,1714080304,3.385983,-15.975217,96.0,0,1410.0
538008115,1714080384,3.38315,-15.973,97.0,0,1410.0
538008115,1714080490,3.379583,-15.970233,97.0,0,1420.0
538008115,1714080828,3.367483,-15.96085,96.0,0,1410.0
538008115,1714081320,3.35005,-15.947,96.0,0,1410.0
538008115,1714081351,3.34895,-15.94615,96.0,0,1420.0
538008115,1714081352,3.34895,-15.94615,96.0,0,1420.0
538008115,1714081411,3.346767,-15.944467,97.0,0,1420.0
538008115,1714081412,3.346767,-15.944467,97.0,0,1420.0
538008115,1714081417,3.346767,-15.944467,97.0,0,1420.0
538008115,1714081452,3.345367,-15.943367,96.0,0,1420.0
538008115,1714081471,3.344667,-15.942833,96.0,0,1420.0
538008115,1714081635,3.339,-15.938383,96.0,0,1410.0
538008115,1714081675,3.3376,-15.9373,96.0,0,1420.0
538008115,1714081754,3.33475,-15.935067,96.0,0,1420.0
538008115,1714081903,3.3295,-15.930967,96.0,0,1410.0
538008115,1714082214,3.318433,-15.922367,96.0,0,1410.0
538008115,1714082334,3.314183,-15.91905,96.0,0,1420.0
538008115,1714082515,3.307833,-15.914083,96.0,0,1410.0
538008115,1714082745,3.2998,-15.90785,96.0,0,1420.0
538008115,1714082966,3.291933,-15.901783,96.0,0,1420.0
538008115,1714083273,3.281017,-15.893283,96.0,0,1410.0
538008115,1714083406,3.2765,-15.889683,95.0,0,1410.0
538008115,1714083656,3.267817,-15.882733,95.0,0,1410.0
538008115,1714083782,3.263333,-15.879117,95.0,0,1410.0
538008115,1714084274,3.246133,-15.865583,95.0,0,1400.0
538008115,1714084336,3.244033,-15.863933,95.0,0,1410.0
538008115,1714084445,3.2402,-15.860867,96.0,0,1410.0
538008115,1714084787,3.228183,-15.8513,97.0,0,1410.0
538008115,1714084914,3.223583,-15.847567,97.0,0,1400.0
538008115,1714084975,3.22145,-15.845833,98.0,0,1400.0
538008115,1714085234,3.2123,-15.838483,97.0,0,1410.0
538008115,1714085247,3.211917,-15.838167,97.0,0,1400.0
538008115,1714085354,3.208017,-15.835,98.0,0,1400.0
538008115,1714085733,3.194333,-15.82395,99.0,0,1400.0
538008115,1714085844,3.190367,-15.820733,99.0,0,1400.0
538008115,1714086233,3.176317,-15.809267,100.0,0,1410.0
538008115,1714086443,3.168633,-15.8031,100.0,0,1410.0
538008115,1714086622,3.162017,-15.797933,99.0,0,1410.0
538008115,1714086632,3.161667,-15.797633,99.0,0,1410.0
538008115,1714086634,3.161667,-15.797633,99.0,0,1410.0
538008115,1714086641,3.161333,-15.797383,99.0,0,1410.0
538008115,1714086651,3.160967,-15.7971,99.0,0,1410.0
538008115,1714086652,3.160967,-15.7971,99.0,0,1410.0
538008115,1714086661,3.1606,-15.796817,99.0,0,1410.0
538008115,1714086670,3.160267,-15.796567,99.0,0,1410.0
538008115,1714086671,3.160267,-15.796567,99.0,0,1410.0
538008115,1714086682,3.1598,-15.796183,99.0,0,1420.0
538008115,1714086692,3.159433,-15.795917,99.0,0,1410.0
538008115,1714086702,3.1591,-15.795633,100.0,0,1410.0
538008115,1714086722,3.158367,-15.79505,100.0,0,1410.0
538008115,1714086730,3.158033,-15.794783,100.0,0,1410.0
538008115,1714086731,3.158033,-15.794783,100.0,0,1410.0
538008115,1714086742,3.157633,-15.794467,100.0,0,1410.0
538008115,1714086752,3.15725,-15.794183,100.0,0,1420.0
538008115,1714086762,3.156883,-15.7939,100.0,0,1410.0
538008115,1714086771,3.15655,-15.793633,100.0,0,1410.0
538008115,1714086772,3.15655,-15.793633,100.0,0,1410.0
538008115,1714086802,3.155433,-15.792733,100.0,0,1410.0
538008115,1714086830,3.154367,-15.791917,100.0,0,1410.0
538008115,1714086831,3.154367,-15.791917,100.0,0,1410.0
538008115,1714086862,3.153183,-15.791,100.0,0,1420.0
538008115,1714086872,3.152817,-15.790717,100.0,0,1420.0
538008115,1714086890,3.15215,-15.7902,100.0,0,1420.0
538008115,1714086891,3.15215,-15.7902,100.0,0,1420.0
538008115,1714086901,3.151767,-15.789917,100.0,0,1410.0
538008115,1714086903,3.151767,-15.789917,100.0,0,1410.0
538008115,1714086911,3.151417,-15.789617,100.0,0,1410.0
538008115,1714086922,3.151,-15.7893,100.0,0,1410.0
538008115,1714086932,3.150633,-15.789017,100.0,0,1420.0
538008115,1714086942,3.150267,-15.788733,100.0,0,1420.0
538008115,1714086943,3.150267,-15.788733,100.0,0,1420.0
538008115,1714086971,3.149233,-15.787917,100.0,0,1410.0
538008115,1714086982,3.14875,-15.78755,100.0,0,1420.0
538008115,1714087000,3.148067,-15.787033,100.0,0,1420.0
538008115,1714087042,3.14655,-15.78585,100.0,0,1420.0
538008115,1714087081,3.145083,-15.78475,100.0,0,1420.0
538008115,1714087091,3.14475,-15.7845,100.0,0,1420.0
538008115,1714087092,3.14475,-15.7845,100.0,0,1420.0
538008115,1714087101,3.144333,-15.784183,100.0,0,1420.0
538008115,1714087141,3.142817,-15.782983,100.0,0,1420.0
538008115,1714087161,3.142067,-15.782417,100.0,0,1420.0
538008115,1714087172,3.1417,-15.782133,100.0,0,1420.0
538008115,1714087221,3.139883,-15.780767,100.0,0,1410.0
538008115,1714087254,3.1388,-15.779933,100.0,0,1420.0
538008115,1714087296,3.137267,-15.778733,100.0,0,1420.0
538008115,1714087396,3.133533,-15.775917,101.0,0,1430.0
538008115,1714087424,3.132467,-15.775083,100.0,0,1420.0
538008115,1714087773,3.119517,-15.765233,100.0,0,1430.0
538008115,1714087884,3.11545,-15.762133,100.0,0,1420.0
538008115,1714087943,3.113217,-15.760417,99.0,0,1420.0
538008115,1714088044,3.109517,-15.75755,99.0,0,1410.0
538008115,1714088286,3.100783,-15.750817,100.0,0,1420.0
538008115,1714088613,3.08865,-15.7415,99.0,0,1430.0
538008115,1714088886,3.0788,-15.734,97.0,0,1420.0
538008115,1714088965,3.075967,-15.731817,98.0,0,1420.0
538008115,1714089064,3.072367,-15.72905,97.0,0,1420.0
538008115,1714089304,3.063633,-15.722517,97.0,0,1430.0
538008115,1714089397,3.060333,-15.720067,97.0,0,1430.0
538008115,1714089446,3.058583,-15.718733,97.0,0,1420.0
538008115,1714089547,3.055,-15.716017,96.0,0,1420.0
538008115,1714089635,3.051767,-15.713617,96.0,0,1420.0
538008115,1714089794,3.0461,-15.709383,96.0,0,1430.0
538008115,1714089875,3.043217,-15.7072,95.0,0,1420.0
538008115,1714090194,3.0318,-15.69875,95.0,0,1430.0
538008115,1714090244,3.030017,-15.697433,95.0,0,1430.0
538008115,1714090492,3.0213,-15.6908,94.0,0,1420.0
538008115,1714090634,3.016383,-15.686983,94.0,0,1410.0
538008115,1714090693,3.01435,-15.68545,94.0,0,1420.0
538008115,1714091315,2.9931,-15.6687,93.0,0,1410.0
538008115,1714091373,2.9911,-15.667083,93.0,0,1400.0
538008115,1714091613,2.983017,-15.660617,93.0,0,1410.0
538008115,1714091745,2.978583,-15.657067,93.0,0,1410.0
538008115,1714091791,2.976933,-15.655717,93.0,0,1400.0
538008115,1714091864,2.974517,-15.6538,93.0,0,1410.0
538008115,1714092215,2.962617,-15.64425,94.0,0,1410.0
538008115,1714092235,2.96195,-15.643733,94.0,0,1410.0
538008115,1714092756,2.944117,-15.629467,93.0,0,1410.0
538008115,1714093102,2.932083,-15.620217,94.0,0,1420.0
538008115,1714093232,2.927517,-15.616667,94.0,0,1420.0
538008115,1714093573,2.9156,-15.607417,95.0,0,1410.0
538008115,1714093663,2.912517,-15.604983,94.0,0,1410.0
538008115,1714093983,2.901267,-15.596317,95.0,0,1410.0
538008115,1714094194,2.89395,-15.5906,94.0,0,1420.0
538008115,1714094254,2.891833,-15.588967,95.0,0,1410.0
538008115,1714094484,2.883867,-15.582767,94.0,0,1410.0
538008115,1714094506,2.883083,-15.582183,94.0,0,1410.0
538008115,1714094632,2.878583,-15.578667,95.0,0,1410.0
538008115,1714094936,2.868133,-15.570633,94.0,0,1420.0
538008115,1714095415,2.851467,-15.55765,94.0,0,1420.0
538008115,1714095784,2.8385,-15.547683,95.0,0,1410.0
538008115,1714095894,2.834633,-15.544683,95.0,0,1420.0
538008115,1714095974,2.831867,-15.542567,95.0,0,1420.0
538008115,1714096265,2.82175,-15.534717,95.0,0,1420.0
538008115,1714096362,2.818233,-15.532,95.0,0,1410.0
538008115,1714097034,2.7948,-15.5137,95.0,0,1400.0
538008115,1714097285,2.786233,-15.506717,95.0,0,1400.0
538008115,1714097486,2.7793,-15.50125,95.0,0,1410.0
538008115,1714098375,2.748417,-15.477117,94.0,0,1420.0
538008115,1714098414,2.747033,-15.476033,94.0,0,1420.0
538008115,1714098504,2.743883,-15.473683,93.0,0,1430.0
538008115,1714098963,2.727867,-15.461483,93.0,0,1420.0
538008115,1714099304,2.715917,-15.452467,93.0,0,1420.0
538008115,1714099422,2.711767,-15.4493,94.0,0,1420.0
538008115,1714099604,2.705467,-15.444467,94.0,0,1420.0
538008115,1714099635,2.704383,-15.443667,94.0,0,1430.0
538008115,1714099736,2.7009,-15.4411,93.0,0,1420.0
538008115,1714099892,2.695433,-15.436767,94.0,0,1410.0
538008115,1714099953,2.693383,-15.43515,94.0,0,1400.0
538008115,1714100012,2.691317,-15.4335,94.0,0,1410.0
538008115,1714100074,2.6893,-15.431917,93.0,0,1410.0
538008115,1714100164,2.686183,-15.429383,94.0,0,1410.0
538008115,1714100507,2.674367,-15.420083,94.0,0,1410.0
538008115,1714100887,2.6611,-15.409633,95.0,0,1410.0
538008115,1714100945,2.659067,-15.408033,95.0,0,1410.0
538008115,1714101104,2.653567,-15.403583,94.0,0,1410.0
538008115,1714101146,2.652183,-15.402483,95.0,0,1410.0
538008115,1714101173,2.651167,-15.401683,95.0,0,1410.0
538008115,1714101234,2.649033,-15.400017,94.0,0,1410.0
538008115,1714101315,2.646283,-15.39785,94.0,0,1410.0
538008115,1714101486,2.6404,-15.39325,95.0,0,1410.0
538008115,1714101604,2.6362,-15.389967,94.0,0,1410.0
538008115,1714101732,2.631783,-15.386433,93.0,0,1410.0
538008115,1714102085,2.619633,-15.377,94.0,0,1420.0
538008115,1714102104,2.61895,-15.376467,94.0,0,1410.0
538008115,1714102175,2.61655,-15.374567,94.0,0,1410.0
538008115,1714102235,2.614533,-15.372967,94.0,0,1410.0
538008115,1714102355,2.610417,-15.369683,94.0,0,1410.0
538008115,1714102393,2.6091,-15.368583,94.0,0,1400.0
538008115,1714102774,2.595933,-15.35815,93.0,0,1400.0
538008115,1714102824,2.594217,-15.356783,93.0,0,1410.0
538008115,1714102875,2.592483,-15.3554,94.0,0,1400.0
538008115,1714102967,2.589517,-15.353,92.0,0,1410.0
538008115,1714103004,2.5881,-15.351883,92.0,0,1410.0
538008115,1714103164,2.582617,-15.347583,93.0,0,1420.0
538008115,1714103174,2.582233,-15.3473,93.0,0,1420.0
538008115,1714103405,2.574383,-15.3411,93.0,0,1410.0
538008115,1714103604,2.567517,-15.335733,92.0,0,1420.0
538008115,1714103653,2.56575,-15.33435,92.0,0,1420.0
538008115,1714104114,2.549833,-15.322117,92.0,0,1420.0
538008115,1714104183,2.5474,-15.320267,93.0,0,1420.0
538008115,1714104286,2.543867,-15.317583,93.0,0,1420.0
538008115,1714104335,2.54215,-15.31625,93.0,0,1410.0
538008115,1714104423,2.539017,-15.3139,92.0,0,1420.0
538008115,1714104495,2.536567,-15.312033,92.0,0,1430.0
538008115,1714104553,2.5345,-15.310467,91.0,0,1420.0
538008115,1714104701,2.529383,-15.306567,92.0,0,1420.0
538008115,1714104807,2.5259,-15.303933,92.0,0,1420.0
538008115,1714104904,2.522383,-15.301283,92.0,0,1430.0
538008115,1714105086,2.516217,-15.29655,92.0,0,1420.0
538008115,1714105342,2.507167,-15.289767,92.0,0,1440.0
538008115,1714105422,2.504367,-15.287667,91.0,0,1420.0
538008115,1714105704,2.494767,-15.280367,92.0,0,1420.0
538008115,1714106073,2.481733,-15.270567,93.0,0,1420.0
538008115,1714106135,2.47965,-15.269,93.0,0,1420.0
538008115,1714106534,2.46535,-15.2584,94.0,0,1420.0
538008115,1714106963,2.449917,-15.246883,95.0,0,1430.0
538008115,1714107032,2.447467,-15.245033,95.0,0,1420.0
538008115,1714107146,2.44345,-15.242083,95.0,0,1430.0
538008115,1714107283,2.438433,-15.238367,94.0,0,1410.0
538008115,1714107556,2.429017,-15.230817,95.0,0,1410.0
538008115,1714107637,2.42625,-15.228617,94.0,0,1400.0
538008115,1714107804,2.4203,-15.22385,94.0,0,1400.0
538008115,1714107841,2.41895,-15.222767,94.0,0,1400.0
538008115,1714108093,2.410233,-15.215833,94.0,0,1400.0
538008115,1714108284,2.4036,-15.2105,94.0,0,1410.0
538008115,1714108313,2.4026,-15.20975,94.0,0,1420.0
538008115,1714108514,2.395533,-15.20425,94.0,0,1410.0
538008115,1714108612,2.3921,-15.2015,94.0,0,1410.0
538008115,1714109375,2.3656,-15.180617,94.0,0,1410.0
538008115,1714109395,2.3649,-15.180083,94.0,0,1420.0
538008115,1714109853,2.348933,-15.16745,94.0,0,1410.0
538008115,1714110375,2.330967,-15.153283,93.0,0,1420.0
538008115,1714110546,2.325133,-15.14865,93.0,0,1410.0
538008115,1714110618,2.322733,-15.146717,92.0,0,1400.0
538008115,1714110805,2.316183,-15.14155,93.0,0,1410.0
538008115,1714110906,2.312683,-15.138833,94.0,0,1420.0
538008115,1714110984,2.309917,-15.136683,94.0,0,1410.0
538008115,1714111206,2.302417,-15.1307,93.0,0,1410.0
538008115,1714111443,2.29415,-15.124267,93.0,0,1420.0
538008115,1714111653,2.286783,-15.118567,93.0,0,1420.0
538008115,1714111917,2.277767,-15.11155,93.0,0,1430.0
538008115,1714112093,2.271517,-15.106817,93.0,0,1420.0
538008115,1714112293,2.2646,-15.101383,94.0,0,1420.0
538008115,1714112315,2.263867,-15.100817,93.0,0,1420.0
538008115,1714112435,2.2596,-15.09765,93.0,0,1430.0
538008115,1714112462,2.25855,-15.09685,93.0,0,1430.0
538008115,1714112783,2.247317,-15.08825,94.0,0,1420.0
538008115,1714112872,2.244233,-15.0858,94.0,0,1410.0
538008115,1714113144,2.234733,-15.078533,94.0,0,1420.0
538008115,1714113835,2.210583,-15.059917,93.0,0,1410.0
538008115,1714113953,2.2065,-15.0567,93.0,0,1410.0
538008115,1714114015,2.204417,-15.055033,93.0,0,1400.0
538008115,1714114065,2.20265,-15.053667,94.0,0,1410.0
538008115,1714114173,2.19885,-15.0507,93.0,0,1410.0
538008115,1714114266,2.195767,-15.048267,94.0,0,1420.0
538008115,1714114364,2.192267,-15.045583,93.0,0,1410.0
538008115,1714114497,2.187817,-15.042,93.0,0,1400.0
538008115,1714114694,2.18085,-15.036567,94.0,0,1420.0
538008115,1714114902,2.173633,-15.030867,94.0,0,1410.0
538008115,1714115536,2.1518,-15.0137,94.0,0,1410.0
538008115,1714115653,2.147533,-15.0104,95.0,0,1420.0
538008115,1714115883,2.139533,-15.003983,95.0,0,1410.0
538008115,1714116023,2.13465,-15.00015,95.0,0,1410.0
538008115,1714116126,2.13115,-14.997383,94.0,0,1410.0
538008115,1714116335,2.123883,-14.991583,94.0,0,1410.0
538008115,1714116562,2.115883,-14.985317,94.0,0,1410.0
538008115,1714116905,2.10395,-14.97595,95.0,0,1420.0
538008115,1714117116,2.0966,-14.970183,95.0,0,1400.0
538008115,1714117334,2.088917,-14.964133,95.0,0,1410.0
538008115,1714117594,2.0797,-14.95695,95.0,0,1410.0
538008115,1714117625,2.0786,-14.9561,95.0,0,1410.0
538008115,1714117685,2.0765,-14.9544,95.0,0,1410.0
538008115,1714117747,2.074367,-14.95275,96.0,0,1420.0
538008115,1714117875,2.069767,-14.949217,96.0,0,1410.0
538008115,1714118126,2.0609,-14.942333,95.0,0,1420.0
538008115,1714118314,2.054067,-14.937033,95.0,0,1400.0
538008115,1714118539,2.046333,-14.930983,95.0,0,1410.0
538008115,1714118597,2.044167,-14.929333,95.0,0,1420.0
538008115,1714118757,2.0386,-14.924983,95.0,0,1420.0
538008115,1714118813,2.0365,-14.923367,95.0,0,1420.0
538008115,1714119045,2.0282,-14.917,95.0,0,1420.0
538008115,1714119322,2.01815,-14.909333,96.0,0,1420.0
538008115,1714119414,2.014833,-14.906883,97.0,0,1430.0
538008115,1714119525,2.010833,-14.903883,97.0,0,1430.0
538008115,1714119825,2.000433,-14.8953,96.0,0,1400.0
538008115,1714119853,1.999383,-14.894433,96.0,0,1410.0
538008115,1714119915,1.997283,-14.892733,96.0,0,1410.0
538008115,1714120167,1.988533,-14.88565,95.0,0,1410.0
538008115,1714120205,1.98715,-14.884517,95.0,0,1400.0
538008115,1714120385,1.980917,-14.879417,95.0,0,1400.0
538008115,1714120413,1.979867,-14.878567,95.0,0,1400.0
538008115,1714120473,1.9778,-14.8769,96.0,0,1400.0
538008115,1714120533,1.975683,-14.87515,95.0,0,1410.0
538008115,1714120563,1.97465,-14.8743,95.0,0,1400.0
538008115,1714120824,1.9654,-14.867033,96.0,0,1410.0
538008115,1714120895,1.96295,-14.865067,97.0,0,1400.0
538008115,1714120951,1.960867,-14.863417,96.0,0,1400.0
538008115,1714121025,1.958283,-14.861383,97.0,0,1410.0
538008115,1714121064,1.956817,-14.860283,97.0,0,1420.0
538008115,1714121405,1.944533,-14.850633,97.0,0,1410.0
538008115,1714121736,1.9326,-14.841417,98.0,0,1420.0
538008115,1714122003,1.922833,-14.833817,98.0,0,1420.0
538008115,1714122065,1.920667,-14.832117,97.0,0,1410.0
538008115,1714122143,1.917783,-14.829867,97.0,0,1410.0
538008115,1714122525,1.904067,-14.8192,96.0,0,1430.0
538008115,1714122654,1.899383,-14.815617,96.0,0,1420.0
538008115,1714122895,1.890783,-14.808883,96.0,0,1410.0
538008115,1714122957,1.888617,-14.807133,96.0,0,1400.0
538008115,1714123206,1.879817,-14.800133,96.0,0,1410.0
538008115,1714123666,1.863483,-14.786917,98.0,0,1410.0
538008115,1714123733,1.8609,-14.784983,99.0,0,1420.0
538008115,1714123953,1.8526,-14.778967,100.0,0,1440.0
538008115,1714123983,1.851417,-14.7781,100.0,0,1440.0
538008115,1714124003,1.850733,-14.7776,100.0,0,1430.0
538008115,1714124113,1.846483,-14.77455,100.0,0,1440.0
538008115,1714124923,1.816467,-14.751767,98.0,0,1410.0
538008115,1714125274,1.80375,-14.741817,98.0,0,1410.0
538008115,1714125417,1.798667,-14.737833,97.0,0,1410.0
538008115,1714125587,1.79255,-14.732967,98.0,0,1420.0
538008115,1714125595,1.792183,-14.7327,98.0,0,1420.0
538008115,1714125646,1.790383,-14.731283,98.0,0,1410.0
538008115,1714125865,1.782433,-14.724967,98.0,0,1400.0
538008115,1714126103,1.7737,-14.71815,98.0,0,1410.0
538008115,1714126375,1.76375,-14.710467,98.0,0,1420.0
538008115,1714126393,1.763033,-14.709933,99.0,0,1420.0
538008115,1714127019,1.74,-14.692517,99.0,0,1420.0
538008115,1714127233,1.731883,-14.686317,99.0,0,1420.0
538008115,1714127327,1.72855,-14.683733,98.0,0,1420.0
538008115,1714127543,1.72045,-14.67755,99.0,0,1430.0
538008115,1714127555,1.7201,-14.6773,99.0,0,1430.0
538008115,1714127722,1.713917,-14.672333,98.0,0,1390.0
538008115,1714127847,1.709767,-14.66865,98.0,0,1370.0
538008115,1714128127,1.699683,-14.660467,99.0,0,1450.0
538008115,1714128424,1.688317,-14.652217,99.0,0,1430.0
538008115,1714128588,1.6823,-14.647817,99.0,0,1430.0
538008115,1714128762,1.675483,-14.642867,99.0,0,1440.0
538008115,1714128775,1.675117,-14.6426,99.0,0,1430.0
538008115,1714128812,1.673617,-14.6415,99.0,0,1440.0
538008115,1714128831,1.672867,-14.64095,99.0,0,1430.0
538008115,1714128832,1.672867,-14.64095,99.0,0,1430.0
538008115,1714128851,1.672117,-14.640383,99.0,0,1430.0
538008115,1714128872,1.671333,-14.639817,98.0,0,1430.0
538008115,1714128881,1.670983,-14.639567,98.0,0,1430.0
538008115,1714128891,1.670617,-14.6393,98.0,0,1440.0
538008115,1714128892,1.670617,-14.6393,98.0,0,1440.0
538008115,1714128932,1.669117,-14.638217,99.0,0,1430.0
538008115,1714128936,1.669117,-14.638217,99.0,0,1430.0
538008115,1714128941,1.668767,-14.637967,99.0,0,1430.0
538008115,1714128951,1.66835,-14.637683,99.0,0,1440.0
538008115,1714128961,1.667967,-14.637417,99.0,0,1440.0
538008115,1714128971,1.667583,-14.63715,99.0,0,1440.0
538008115,1714128992,1.666783,-14.6366,99.0,0,1440.0
538008115,1714129001,1.66645,-14.63635,99.0,0,1440.0
538008115,1714129010,1.6661,-14.636117,99.0,0,1440.0
538008115,1714129011,1.6661,-14.636117,99.0,0,1440.0
538008115,1714129061,1.664217,-14.634733,99.0,0,1420.0
538008115,1714129073,1.66385,-14.63445,99.0,0,1420.0
538008115,1714129081,1.663417,-14.63415,99.0,0,1430.0
538008115,1714129082,1.663417,-14.63415,99.0,0,1430.0
538008115,1714129112,1.662317,-14.6333,99.0,0,1420.0
538008115,1714129121,1.661983,-14.633033,99.0,0,1420.0
538008115,1714129151,1.66085,-14.632133,99.0,0,1410.0
538008115,1714129152,1.66085,-14.632133,99.0,0,1410.0
538008115,1714129160,1.660533,-14.631867,99.0,0,1410.0
538008115,1714129161,1.660533,-14.631867,99.0,0,1410.0
538008115,1714129181,1.659767,-14.631283,99.0,0,1410.0
538008115,1714129190,1.659433,-14.631,99.0,0,1400.0
538008115,1714129191,1.659433,-14.631,99.0,0,1400.0
538008115,1714129201,1.65905,-14.630667,99.0,0,1400.0
538008115,1714129202,1.65905,-14.630667,99.0,0,1400.0
538008115,1714129211,1.658683,-14.630383,99.0,0,1400.0
538008115,1714129212,1.658683,-14.630383,99.0,0,1400.0
538008115,1714129241,1.657633,-14.629517,99.0,0,1400.0
538008115,1714129251,1.657317,-14.62925,99.0,0,1400.0
538008115,1714129261,1.656867,-14.6289,99.0,0,1400.0
538008115,1714129271,1.656517,-14.6286,99.0,0,1400.0
538008115,1714129272,1.656517,-14.6286,99.0,0,1400.0
538008115,1714129302,1.655417,-14.627717,99.0,0,1400.0
538008115,1714129310,1.655083,-14.627467,99.0,0,1410.0
538008115,1714129321,1.654683,-14.627133,99.0,0,1400.0
538008115,1714129322,1.654683,-14.627133,99.0,0,1400.0
538008115,1714129340,1.654,-14.626583,99.0,0,1400.0
538008115,1714129370,1.652917,-14.6257,99.0,0,1400.0
538008115,1714129371,1.652917,-14.6257,99.0,0,1400.0
538008115,1714129375,1.652917,-14.6257,99.0,0,1400.0
538008115,1714129400,1.651867,-14.624833,100.0,0,1410.0
538008115,1714129401,1.651867,-14.624833,100.0,0,1410.0
538008115,1714129412,1.651433,-14.624483,99.0,0,1400.0
538008115,1714129422,1.651067,-14.624183,99.0,0,1400.0
538008115,1714129475,1.64925,-14.622717,99.0,0,1400.0
538008115,1714129593,1.644917,-14.619217,100.0,0,1400.0
538008115,1714129684,1.641633,-14.61655,99.0,0,1400.0
538008115,1714129793,1.637583,-14.613317,100.0,0,1410.0
538008115,1714129884,1.6343,-14.610733,100.0,0,1410.0
538008115,1714130266,1.62045,-14.59945,99.0,0,1400.0
538008115,1714130375,1.616533,-14.5962,99.0,0,1400.0
538008115,1714130524,1.611083,-14.5918,100.0,0,1410.0
538008115,1714130535,1.610633,-14.591467,100.0,0,1420.0
538008115,1714130644,1.606683,-14.588333,100.0,0,1410.0
538008115,1714130903,1.596883,-14.580833,100.0,0,1440.0
538008115,1714131916,1.558733,-14.552417,100.0,0,1420.0
538008115,1714132096,1.5521,-14.5472,100.0,0,1420.0
538008115,1714132241,1.546567,-14.54285,100.0,0,1400.0
538008115,1714132334,1.5432,-14.5401,100.0,0,1400.0
538008115,1714132633,1.532183,-14.53115,101.0,0,1410.0
538008115,1714132913,1.521933,-14.522883,100.0,0,1410.0
538008115,1714132973,1.5197,-14.521133,100.0,0,1410.0
538008115,1714133276,1.508583,-14.512433,99.0,0,1410.0
538008115,1714133343,1.5061,-14.510483,99.0,0,1410.0
538008115,1714133463,1.501683,-14.507067,99.0,0,1410.0
538008115,1714133744,1.491333,-14.499117,99.0,0,1420.0
538008115,1714133883,1.486217,-14.495217,97.0,0,1420.0
538008115,1714134095,1.4784,-14.489533,98.0,0,1430.0
538008115,1714134245,1.472967,-14.48545,98.0,0,1420.0
538008115,1714134637,1.45865,-14.474567,97.0,0,1420.0
538008115,1714134685,1.45685,-14.473183,97.0,0,1420.0
538008115,1714134783,1.453233,-14.47035,98.0,0,1420.0
538008115,1714134873,1.4499,-14.467817,98.0,0,1420.0
538008115,1714135146,1.440133,-14.46015,98.0,0,1410.0
538008115,1714135263,1.435883,-14.456717,98.0,0,1400.0
538008115,1714135293,1.43475,-14.455833,98.0,0,1410.0
538008115,1714135597,1.423817,-14.447267,98.0,0,1400.0
538008115,1714135712,1.419517,-14.44385,98.0,0,1410.0
538008115,1714137022,1.372,-14.406833,99.0,0,1420.0
538008115,1714137224,1.36455,-14.40115,99.0,0,1420.0
538008115,1714137384,1.358617,-14.396583,99.0,0,1420.0
538008115,1714137515,1.353767,-14.3929,100.0,0,1410.0
538008115,1714138043,1.334217,-14.3775,101.0,0,1420.0
538008115,1714138113,1.33155,-14.37545,101.0,0,1420.0
538008115,1714138133,1.33075,-14.374833,101.0,0,1420.0
538008115,1714138212,1.32775,-14.372533,101.0,0,1420.0
538008115,1714138285,1.3251,-14.370533,101.0,0,1410.0
538008115,1714138364,1.32215,-14.3682,101.0,0,1410.0
538008115,1714138414,1.32025,-14.366667,101.0,0,1410.0
538008115,1714138663,1.311033,-14.359383,101.0,0,1410.0
538008115,1714139166,1.29185,-14.344783,102.0,0,1420.0
538008115,1714139403,1.28275,-14.337717,103.0,0,1420.0
538008115,1714139986,1.260567,-14.320483,102.0,0,1400.0
538008115,1714140187,1.252883,-14.314567,103.0,0,1420.0
538008115,1714140316,1.247967,-14.3107,103.0,0,1410.0
538008115,1714140443,1.242983,-14.306917,103.0,0,1410.0
538008115,1714140983,1.222283,-14.29105,102.0,0,1420.0
538008115,1714141073,1.218867,-14.2884,101.0,0,1410.0
538008115,1714141208,1.214017,-14.2846,101.0,0,1410.0
538008115,1714141313,1.209867,-14.281333,101.0,0,1410.0
538008115,1714141463,1.20415,-14.277033,102.0,0,1420.0
538008115,1714141731,1.194,-14.269283,100.0,0,1420.0
538008115,1714141825,1.1906,-14.2667,100.0,0,1420.0
538008115,1714142046,1.182533,-14.2602,99.0,0,1400.0
538008115,1714142273,1.174267,-14.253267,99.0,0,1390.0
538008115,1714142413,1.1693,-14.249183,99.0,0,1410.0
538008115,1714142576,1.163417,-14.2444,99.0,0,1400.0
538008115,1714142636,1.161233,-14.242583,99.0,0,1390.0
538008115,1714142785,1.15595,-14.238133,99.0,0,1400.0
538008115,1714142914,1.151117,-14.2344,99.0,0,1420.0
538008115,1714143435,1.131667,-14.219717,100.0,0,1420.0
538008115,1714143532,1.127933,-14.216833,100.0,0,1420.0
538008115,1714143604,1.125283,-14.2148,100.0,0,1420.0
538008115,1714143615,1.12495,-14.21455,100.0,0,1420.0
538008115,1714143715,1.121167,-14.21165,100.0,0,1420.0
538008115,1714143785,1.118583,-14.209683,100.0,0,1420.0
538008115,1714143887,1.114817,-14.206717,101.0,0,1420.0
538008115,1714144023,1.10965,-14.202733,100.0,0,1410.0
538008115,1714144265,1.100683,-14.1957,100.0,0,1420.0
538008115,1714144599,1.08835,-14.186183,100.0,0,1420.0
538008115,1714144694,1.084717,-14.183383,100.0,0,1420.0
538008115,1714145075,1.070617,-14.172517,100.0,0,1430.0
538008115,1714145233,1.06455,-14.16805,99.0,0,1420.0
538008115,1714145434,1.057233,-14.162233,99.0,0,1410.0
538008115,1714145496,1.055083,-14.160517,99.0,0,1410.0
538008115,1714145793,1.044233,-14.15175,99.0,0,1400.0
538008115,1714145873,1.041417,-14.149483,99.0,0,1410.0
538008115,1714146107,1.033,-14.1427,99.0,0,1410.0
538008115,1714146123,1.0323,-14.14215,99.0,0,1410.0
538008115,1714146168,1.030867,-14.140983,99.0,0,1400.0
538008115,1714146273,1.026883,-14.13785,99.0,0,1410.0
538008115,1714146383,1.022817,-14.134633,100.0,0,1410.0
538008115,1714146463,1.0199,-14.13235,100.0,0,1410.0
538008115,1714146573,1.015883,-14.129033,100.0,0,1390.0
538008115,1714146813,1.007117,-14.121867,101.0,0,1400.0
538008115,1714146825,1.00675,-14.121567,101.0,0,1400.0
538008115,1714147104,0.996267,-14.113283,101.0,0,1410.0
538008115,1714147323,0.98815,-14.106817,100.0,0,1410.0
538008115,1714147406,0.985167,-14.104433,100.0,0,1410.0
538008115,1714147592,0.978133,-14.099,100.0,0,1410.0
538008115,1714147653,0.975883,-14.097233,100.0,0,1410.0
538008115,1714147775,0.971433,-14.093783,100.0,0,1410.0
538008115,1714147896,0.96705,-14.0903,99.0,0,1410.0
538008115,1714148014,0.962667,-14.086883,99.0,0,1420.0
538008115,1714148066,0.960817,-14.08545,99.0,0,1410.0
538008115,1714148293,0.95255,-14.078783,99.0,0,1410.0
538008115,1714148406,0.948433,-14.075633,99.0,0,1420.0
538008115,1714148603,0.941133,-14.070017,98.0,0,1420.0
538008115,1714148735,0.936317,-14.066233,98.0,0,1410.0
538008115,1714148843,0.9323,-14.0631,98.0,0,1420.0
538008115,1714148963,0.9278,-14.059783,98.0,0,1430.0
538008115,1714149026,0.925633,-14.058133,98.0,0,1420.0
538008115,1714149057,0.9245,-14.057267,98.0,0,1420.0
538008115,1714149153,0.92075,-14.0545,99.0,0,1430.0
538008115,1714149183,0.91965,-14.0537,99.0,0,1430.0
538008115,1714149235,0.917767,-14.052333,99.0,0,1440.0
538008115,1714149323,0.9143,-14.049833,99.0,0,1440.0
538008115,1714149486,0.908367,-14.045417,99.0,0,1420.0
538008115,1714149835,0.895233,-14.0355,100.0,0,1440.0
538008115,1714149956,0.890617,-14.032217,100.0,0,1440.0
538008115,1714150002,0.88875,-14.030867,100.0,0,1430.0
538008115,1714150195,0.88165,-14.025383,99.0,0,1400.0
538008115,1714150204,0.881333,-14.025117,99.0,0,1400.0
538008115,1714150286,0.878417,-14.02275,99.0,0,1410.0
538008115,1714150497,0.87065,-14.016583,100.0,0,1410.0
538008115,1714150537,0.869233,-14.015433,100.0,0,1410.0
538008115,1714150744,0.86165,-14.0092,100.0,0,1410.0
538008115,1714150766,0.8608,-14.008517,100.0,0,1410.0
538008115,1714150895,0.856217,-14.004717,99.0,0,1400.0
538008115,1714151305,0.841333,-13.9926,99.0,0,1400.0
538008115,1714151643,0.828817,-13.982933,100.0,0,1440.0
538008115,1714151687,0.827267,-13.981817,99.0,0,1440.0
538008115,1714151747,0.82505,-13.980167,99.0,0,1420.0
538008115,1714151823,0.82205,-13.9779,99.0,0,1420.0
538008115,1714152033,0.8142,-13.972033,99.0,0,1430.0
538008115,1714152112,0.811233,-13.969867,98.0,0,1440.0
538008115,1714152965,0.779633,-13.946867,98.0,0,1440.0
538008115,1714153145,0.772933,-13.941983,97.0,0,1410.0
538008115,1714153313,0.766983,-13.937067,97.0,0,1400.0
538008115,1714153445,0.76235,-13.9332,98.0,0,1400.0
538008115,1714153643,0.755233,-13.927483,98.0,0,1400.0
538008115,1714153662,0.754517,-13.926917,97.0,0,1410.0
538008115,1714153782,0.750217,-13.92345,98.0,0,1400.0
538008115,1714153862,0.747333,-13.9211,97.0,0,1400.0
538008115,1714153993,0.742683,-13.917367,98.0,0,1410.0
538008115,1714154074,0.739817,-13.91505,98.0,0,1410.0
538008115,1714154196,0.735467,-13.9116,98.0,0,1410.0
538008115,1714154324,0.730783,-13.907817,98.0,0,1400.0
538008115,1714154436,0.72685,-13.904633,98.0,0,1400.0
538008115,1714154802,0.71365,-13.8939,97.0,0,1400.0
538008115,1714154886,0.710783,-13.891583,98.0,0,1400.0
538008115,1714155143,0.701333,-13.884083,97.0,0,1410.0
538008115,1714155205,0.699217,-13.8824,97.0,0,1410.0
538008115,1714155406,0.691983,-13.876733,98.0,0,1400.0
538008115,1714155785,0.6782,-13.865817,98.0,0,1410.0
538008115,1714155823,0.6768,-13.864683,98.0,0,1410.0
538008115,1714155885,0.674683,-13.86295,99.0,0,1400.0
538008115,1714155955,0.672,-13.860933,99.0,0,1430.0
538008115,1714156115,0.665983,-13.856517,99.0,0,1430.0
538008115,1714156483,0.652083,-13.846533,98.0,0,1440.0
538008115,1714156496,0.651633,-13.846217,98.0,0,1440.0
538008115,1714156578,0.648667,-13.844083,98.0,0,1440.0
538008115,1714156824,0.639267,-13.837367,98.0,0,1430.0
538008115,1714156874,0.63745,-13.836017,98.0,0,1420.0
538008115,1714156957,0.634483,-13.833767,98.0,0,1420.0
538008115,1714157414,0.61735,-13.821233,97.0,0,1430.0
538008115,1714157481,0.615183,-13.81955,97.0,0,1410.0
538008115,1714157522,0.613433,-13.818167,97.0,0,1410.0
538008115,1714157547,0.612633,-13.817567,97.0,0,1410.0
538008115,1714157853,0.601467,-13.808767,97.0,0,1410.0
538008115,1714157904,0.599667,-13.80735,97.0,0,1410.0
538008115,1714158225,0.58835,-13.798333,96.0,0,1410.0
538008115,1714158285,0.5862,-13.796633,96.0,0,1410.0
538008115,1714158557,0.576733,-13.789133,95.0,0,1410.0
538008115,1714158796,0.568183,-13.782333,95.0,0,1410.0
538008115,1714158924,0.563633,-13.778667,96.0,0,1400.0
538008115,1714159084,0.558017,-13.77415,96.0,0,1410.0
538008115,1714159205,0.5538,-13.770783,96.0,0,1410.0
538008115,1714159367,0.548167,-13.76625,96.0,0,1400.0
538008115,1714159474,0.544367,-13.7631,95.0,0,1400.0
538008115,1714159525,0.542617,-13.76165,95.0,0,1390.0
538008115,1714159695,0.53675,-13.756783,95.0,0,1390.0
538008115,1714159834,0.531833,-13.752767,97.0,0,1420.0
538008115,1714160353,0.513117,-13.738867,95.0,0,1420.0
538008115,1714160527,0.50695,-13.734333,96.0,0,1430.0
538008115,1714160813,0.496467,-13.726533,96.0,0,1430.0
538008115,1714160952,0.492567,-13.723533,96.0,0,1410.0
538008115,1714161042,0.48835,-13.720183,96.0,0,1400.0
538008115,1714161186,0.483317,-13.716267,96.0,0,1410.0
538008115,1714161307,0.4791,-13.713033,95.0,0,1420.0
538008115,1714161365,0.47695,-13.711417,95.0,0,1420.0
538008115,1714161464,0.473417,-13.708733,94.0,0,1420.0
538008115,1714161546,0.47055,-13.706583,95.0,0,1420.0
538008115,1714161676,0.46595,-13.703117,94.0,0,1410.0
538008115,1714161965,0.45575,-13.6954,94.0,0,1430.0
538008115,1714162143,0.4494,-13.69065,93.0,0,1420.0
538008115,1714162307,0.443817,-13.686317,94.0,0,1410.0
538008115,1714162317,0.443467,-13.68605,94.0,0,1410.0
538008115,1714162457,0.438583,-13.682217,94.0,0,1420.0
538008115,1714162794,0.426717,-13.672933,94.0,0,1410.0
538008115,1714162943,0.4214,-13.66875,95.0,0,1400.0
538008115,1714163026,0.4186,-13.666567,95.0,0,1410.0
538008115,1714163235,0.411267,-13.660667,96.0,0,1410.0
538008115,1714163557,0.399867,-13.651617,98.0,0,1420.0
538008115,1714163585,0.3988,-13.6508,99.0,0,1430.0
538008115,1714163605,0.398017,-13.650217,99.0,0,1430.0
538008115,1714163633,0.396867,-13.649383,98.0,0,1430.0
538008115,1714163795,0.390967,-13.645067,98.0,0,1430.0
538008115,1714164034,0.38205,-13.638467,99.0,0,1420.0
538008115,1714164244,0.374167,-13.6326,100.0,0,1430.0
538008115,1714164327,0.37115,-13.630383,99.0,0,1440.0
538008115,1714164544,0.36285,-13.624433,98.0,0,1440.0
538008115,1714165023,0.3452,-13.61075,100.0,0,1400.0
538008115,1714165157,0.340417,-13.60695,101.0,0,1410.0
538008115,1714165433,0.329967,-13.5989,100.0,0,1430.0
538008115,1714165525,0.3266,-13.596283,100.0,0,1420.0
538008115,1714165953,0.31055,-13.584133,99.0,0,1430.0
538008115,1714166013,0.30825,-13.582417,99.0,0,1430.0
538008115,1714166133,0.3038,-13.57905,99.0,0,1420.0
538008115,1714166344,0.295867,-13.573117,99.0,0,1420.0
538008115,1714166546,0.28835,-13.567633,99.0,0,1430.0
538008115,1714166575,0.28725,-13.566833,100.0,0,1430.0
538008115,1714166593,0.2865,-13.566267,100.0,0,1430.0
538008115,1714166786,0.279333,-13.56085,100.0,0,1420.0
538008115,1714166844,0.2771,-13.559133,100.0,0,1420.0
538008115,1714167005,0.271133,-13.5546,100.0,0,1420.0
538008115,1714167093,0.267717,-13.552083,101.0,0,1430.0
538008115,1714167255,0.261567,-13.547483,101.0,0,1420.0
538008115,1714167347,0.25815,-13.5449,101.0,0,1420.0
538008115,1714167371,0.2571,-13.544067,101.0,0,1410.0
538008115,1714167486,0.253083,-13.540717,100.0,0,1390.0
538008115,1714167575,0.249817,-13.53795,100.0,0,1390.0
538008115,1714167604,0.248783,-13.537067,100.0,0,1390.0
538008115,1714167663,0.246617,-13.535267,99.0,0,1390.0
538008115,1714167922,0.237167,-13.527533,100.0,0,1400.0
538008115,1714168144,0.22895,-13.52115,100.0,0,1430.0
538008115,1714168274,0.224117,-13.51745,100.0,0,1420.0
538008115,1714168854,0.202467,-13.500667,100.0,0,1410.0
538008115,1714169095,0.1936,-13.493717,100.0,0,1410.0
538008115,1714169154,0.1914,-13.492017,100.0,0,1410.0
538008115,1714169356,0.185383,-13.487383,100.0,0,1420.0
538008115,1714169407,0.1821,-13.484783,99.0,0,1400.0
538008115,1714169463,0.179933,-13.483017,100.0,0,1400.0
538008115,1714169673,0.172233,-13.476783,100.0,0,1400.0
538008115,1714169706,0.1711,-13.475833,100.0,0,1400.0
538008115,1714169997,0.160317,-13.467167,101.0,0,1410.0
538008115,1714170346,0.147417,-13.45665,101.0,0,1390.0
538008115,1714170483,0.14235,-13.452417,101.0,0,1400.0
538008115,1714170704,0.134267,-13.445917,100.0,0,1410.0
538008115,1714170834,0.129433,-13.442,101.0,0,1400.0
538008115,1714170894,0.127183,-13.440217,100.0,0,1400.0
538008115,1714171010,0.122833,-13.4367,99.0,0,1400.0
538008115,1714171020,0.122483,-13.4364,99.0,0,1400.0
538008115,1714171021,0.122483,-13.4364,99.0,0,1400.0
538008115,1714171030,0.122117,-13.4361,99.0,0,1400.0
538008115,1714171031,0.122117,-13.4361,99.0,0,1400.0
538008115,1714171040,0.12175,-13.435817,99.0,0,1400.0
538008115,1714171050,0.1214,-13.435517,99.0,0,1400.0
538008115,1714171080,0.120317,-13.434617,99.0,0,1390.0
538008115,1714171081,0.120317,-13.434617,99.0,0,1390.0
538008115,1714171100,0.119633,-13.434067,100.0,0,1390.0
538008115,1714171110,0.119233,-13.433733,100.0,0,1400.0
538008115,1714171111,0.119233,-13.433733,100.0,0,1400.0
538008115,1714171120,0.118867,-13.433433,100.0,0,1400.0
538008115,1714171121,0.118867,-13.433433,100.0,0,1400.0
538008115,1714171150,0.117767,-13.43255,100.0,0,1410.0
538008115,1714171151,0.117767,-13.43255,100.0,0,1410.0
538008115,1714171160,0.1174,-13.43225,100.0,0,1400.0
538008115,1714171170,0.117033,-13.43195,100.0,0,1410.0
538008115,1714171171,0.117033,-13.43195,100.0,0,1410.0
538008115,1714171180,0.116617,-13.43165,100.0,0,1420.0
538008115,1714171181,0.116617,-13.43165,100.0,0,1420.0
538008115,1714171221,0.115117,-13.430583,99.0,0,1430.0
538008115,1714171230,0.114767,-13.430333,99.0,0,1430.0
538008115,1714171240,0.114383,-13.43005,99.0,0,1430.0
538008115,1714171250,0.114017,-13.429767,99.0,0,1430.0
538008115,1714171260,0.113633,-13.429483,99.0,0,1430.0
538008115,1714171271,0.1132,-13.429183,99.0,0,1430.0
538008115,1714171281,0.112833,-13.4289,99.0,0,1430.0
538008115,1714171290,0.112483,-13.428667,99.0,0,1430.0
538008115,1714171293,0.112483,-13.428667,99.0,0,1430.0
538008115,1714171310,0.111733,-13.428117,99.0,0,1430.0
538008115,1714171311,0.111733,-13.428117,99.0,0,1430.0
538008115,1714171320,0.11135,-13.42785,99.0,0,1430.0
538008115,1714171321,0.11135,-13.42785,99.0,0,1430.0
538008115,1714171331,0.11095,-13.427533,99.0,0,1430.0
538008115,1714171332,0.11095,-13.427533,99.0,0,1430.0
538008115,1714171341,0.110567,-13.427267,99.0,0,1430.0
538008115,1714171342,0.110567,-13.427267,99.0,0,1430.0
538008115,1714171351,0.1102,-13.426983,99.0,0,1430.0
538008115,1714171361,0.109867,-13.426733,99.0,0,1420.0
538008115,1714171371,0.109467,-13.426433,98.0,0,1430.0
538008115,1714171380,0.109117,-13.426183,98.0,0,1430.0
538008115,1714171381,0.109117,-13.426183,98.0,0,1430.0
538008115,1714171391,0.108717,-13.425883,98.0,0,1430.0
538008115,1714171392,0.108717,-13.425883,98.0,0,1430.0
538008115,1714171401,0.108333,-13.425617,98.0,0,1430.0
538008115,1714171402,0.108333,-13.425617,98.0,0,1430.0
538008115,1714171412,0.107967,-13.425333,98.0,0,1430.0
538008115,1714171420,0.107617,-13.425083,98.0,0,1430.0
538008115,1714171423,0.107617,-13.425083,98.0,0,1430.0
538008115,1714171431,0.10725,-13.424817,98.0,0,1430.0
538008115,1714171461,0.106033,-13.42395,98.0,0,1430.0
538008115,1714171462,0.106033,-13.42395,98.0,0,1430.0
538008115,1714171500,0.1046,-13.4229,98.0,0,1430.0
538008115,1714171501,0.1046,-13.4229,98.0,0,1430.0
538008115,1714171510,0.104217,-13.422633,98.0,0,1440.0
538008115,1714171513,0.104217,-13.422633,98.0,0,1440.0
538008115,1714171521,0.1038,-13.42235,98.0,0,1440.0
538008115,1714171522,0.1038,-13.42235,98.0,0,1440.0
538008115,1714171524,0.1038,-13.42235,98.0,0,1440.0
538008115,1714171545,0.10305,-13.421817,99.0,0,1440.0
538008115,1714171570,0.101983,-13.421067,98.0,0,1440.0
538008115,1714171591,0.101183,-13.420517,98.0,0,1440.0
538008115,1714171693,0.097467,-13.417817,98.0,0,1430.0
538008115,1714171793,0.09365,-13.415033,98.0,0,1430.0
538008115,1714171804,0.093267,-13.414767,97.0,0,1430.0
538008115,1714171885,0.09035,-13.412633,98.0,0,1430.0
538008115,1714172064,0.08365,-13.407667,98.0,0,1430.0
538008115,1714172396,0.071383,-13.398817,97.0,0,1430.0
538008115,1714172794,0.056583,-13.387933,97.0,0,1430.0
538008115,1714172922,0.051867,-13.384383,97.0,0,1430.0
538008115,1714172982,0.049617,-13.38275,97.0,0,1430.0
538008115,1714173042,0.047383,-13.381133,97.0,0,1440.0
538008115,1714173102,0.045167,-13.37955,97.0,0,1440.0
538008115,1714173304,0.037783,-13.374067,98.0,0,1430.0
538008115,1714173445,0.032617,-13.3702,98.0,0,1420.0
538008115,1714173452,0.03225,-13.369917,98.0,0,1420.0
538008115,1714173462,0.031833,-13.3696,98.0,0,1420.0
538008115,1714173714,0.022617,-13.36265,98.0,0,1420.0
538008115,1714173914,0.015267,-13.35695,98.0,0,1420.0
538008115,1714174004,0.01195,-13.354383,98.0,0,1410.0
538008115,1714174076,0.009417,-13.352417,99.0,0,1410.0
538008115,1714174134,0.007183,-13.35075,99.0,0,1430.0
538008115,1714174333,-5e-05,-13.34495,99.0,0,1400.0
538008115,1714174643,-0.011167,-13.335567,99.0,0,1390.0
538008115,1714174746,-0.014733,-13.332533,100.0,0,1390.0
538008115,1714174946,-0.02205,-13.32655,101.0,0,1400.0
538008115,1714175194,-0.03125,-13.319017,100.0,0,1400.0
538008115,1714175882,-0.057117,-13.298983,100.0,0,1430.0
538008115,1714175972,-0.060517,-13.296517,100.0,0,1430.0
538008115,1714176062,-0.063983,-13.294033,100.0,0,1430.0
538008115,1714176265,-0.07155,-13.288333,101.0,0,1420.0
538008115,1714176394,-0.07645,-13.284567,102.0,0,1420.0
538008115,1714176573,-0.083317,-13.279583,101.0,0,1440.0
538008115,1714176648,-0.086033,-13.277633,101.0,0,1430.0
538008115,1714176711,-0.08865,-13.2757,101.0,0,1430.0
538008115,1714176712,-0.08865,-13.2757,101.0,0,1430.0
538008115,1714176730,-0.089367,-13.275133,101.0,0,1420.0
538008115,1714176731,-0.089367,-13.275133,101.0,0,1420.0
538008115,1714176751,-0.0902,-13.2745,101.0,0,1420.0
538008115,1714176752,-0.0902,-13.2745,101.0,0,1420.0
538008115,1714176761,-0.090617,-13.274183,101.0,0,1420.0
538008115,1714176762,-0.090617,-13.274183,101.0,0,1420.0
538008115,1714176764,-0.090617,-13.274183,101.0,0,1420.0
538008115,1714176771,-0.09095,-13.273917,101.0,0,1410.0
538008115,1714176810,-0.092433,-13.272783,102.0,0,1420.0
538008115,1714176851,-0.093933,-13.271617,101.0,0,1420.0
538008115,1714176852,-0.093933,-13.271617,101.0,0,1420.0
538008115,1714176861,-0.094333,-13.2713,102.0,0,1410.0
538008115,1714176881,-0.09505,-13.27075,102.0,0,1420.0
538008115,1714176891,-0.095467,-13.270433,102.0,0,1420.0
538008115,1714176911,-0.096217,-13.26985,102.0,0,1420.0
538008115,1714176912,-0.096217,-13.26985,102.0,0,1420.0
538008115,1714176991,-0.0992,-13.267683,101.0,0,1430.0
538008115,1714177020,-0.10035,-13.266833,101.0,0,1440.0
538008115,1714177374,-0.113517,-13.256717,101.0,0,1410.0
538008115,1714177431,-0.11575,-13.255,101.0,0,1420.0
538008115,1714177552,-0.120267,-13.25155,101.0,0,1420.0
538008115,1714178043,-0.1382,-13.2371,101.0,0,1390.0
538008115,1714178144,-0.141767,-13.23405,100.0,0,1380.0
538008115,1714178164,-0.142517,-13.23345,100.0,0,1390.0
538008115,1714178962,-0.1714,-13.21025,100.0,0,1410.0
538008115,1714179044,-0.174267,-13.20795,100.0,0,1410.0
538008115,1714179196,-0.179767,-13.203567,100.0,0,1410.0
538008115,1714179235,-0.181183,-13.202467,99.0,0,1410.0
538008115,1714179436,-0.18845,-13.19665,99.0,0,1400.0
538008115,1714179482,-0.190183,-13.195217,99.0,0,1400.0
538008115,1714179517,-0.1913,-13.194283,99.0,0,1390.0
538008115,1714179776,-0.200733,-13.186717,101.0,0,1410.0
538008115,1714179925,-0.206183,-13.182483,100.0,0,1410.0
538008115,1714180023,-0.209933,-13.1796,100.0,0,1410.0
538008115,1714180353,-0.222067,-13.170217,100.0,0,1420.0
538008115,1714181396,-0.2613,-13.14095,102.0,0,1430.0
538008115,1714181565,-0.267783,-13.13625,102.0,0,1430.0
538008115,1714182043,-0.286233,-13.12265,102.0,0,1430.0
538008115,1714182624,-0.308483,-13.1064,101.0,0,1430.0
538008115,1714182953,-0.321017,-13.09695,102.0,0,1410.0
538008115,1714183213,-0.33075,-13.089383,102.0,0,1410.0
538008115,1714183476,-0.34065,-13.081817,102.0,0,1420.0
538008115,1714183534,-0.342917,-13.080067,102.0,0,1420.0
538008115,1714183634,-0.346717,-13.0772,102.0,0,1420.0
538008115,1714184026,-0.361583,-13.065983,103.0,0,1430.0
538008115,1714184225,-0.3692,-13.06035,102.0,0,1420.0
538008115,1714184255,-0.370317,-13.059467,102.0,0,1420.0
538008115,1714184286,-0.371433,-13.0586,102.0,0,1420.0
538008115,1714184407,-0.37595,-13.055133,100.0,0,1410.0
538008115,1714184413,-0.376333,-13.054833,101.0,0,1410.0
538008115,1714184754,-0.389033,-13.045017,101.0,0,1420.0
538008115,1714184823,-0.391633,-13.042933,101.0,0,1400.0
538008115,1714184855,-0.392717,-13.04205,101.0,0,1400.0
538008115,1714185003,-0.398283,-13.037633,102.0,0,1410.0
538008115,1714185024,-0.399,-13.037067,102.0,0,1410.0
538008115,1714185144,-0.4035,-13.03355,102.0,0,1410.0
538008115,1714185316,-0.409817,-13.028433,102.0,0,1410.0
538008115,1714185373,-0.412033,-13.026683,102.0,0,1420.0
538008115,1714185424,-0.413883,-13.025217,102.0,0,1410.0
538008115,1714185546,-0.418367,-13.02165,102.0,0,1410.0
538008115,1714185704,-0.424417,-13.016933,102.0,0,1410.0
538008115,1714185773,-0.42705,-13.01485,102.0,0,1410.0
538008115,1714185944,-0.4334,-13.009833,103.0,0,1410.0
538008115,1714186083,-0.438617,-13.0057,102.0,0,1410.0
538008115,1714186323,-0.447367,-12.9984,102.0,0,1400.0
538008115,1714186394,-0.450017,-12.996233,102.0,0,1400.0
538008115,1714186563,-0.45625,-12.99105,103.0,0,1400.0
538008115,1714186644,-0.459167,-12.98855,102.0,0,1390.0
538008115,1714186784,-0.464333,-12.9843,103.0,0,1400.0
538008115,1714186796,-0.464717,-12.984,103.0,0,1410.0
538008115,1714186945,-0.47035,-12.979467,103.0,0,1400.0
538008115,1714187085,-0.475633,-12.975367,103.0,0,1420.0
538008115,1714187205,-0.480133,-12.971833,102.0,0,1410.0
538008115,1714187375,-0.48645,-12.966783,102.0,0,1420.0
538008115,1714187465,-0.489883,-12.964267,102.0,0,1440.0
538008115,1714187666,-0.497617,-12.958583,102.0,0,1410.0
538008115,1714187746,-0.50055,-12.956233,101.0,0,1410.0
538008115,1714187793,-0.502417,-12.95475,101.0,0,1400.0
538008115,1714187982,-0.50955,-12.949217,102.0,0,1410.0
538008115,1714188292,-0.5213,-12.940383,101.0,0,1430.0
538008115,1714188454,-0.52735,-12.9357,101.0,0,1400.0
538008115,1714188585,-0.532233,-12.931817,102.0,0,1410.0
538008115,1714188714,-0.537183,-12.928017,102.0,0,1420.0
538008115,1714188783,-0.539783,-12.926033,101.0,0,1420.0
538008115,1714188924,-0.545083,-12.9219,102.0,0,1420.0
538008115,1714188943,-0.545817,-12.92135,102.0,0,1420.0
538008115,1714188964,-0.546567,-12.92075,102.0,0,1420.0
538008115,1714188984,-0.547317,-12.920183,102.0,0,1420.0
538008115,1714189115,-0.552317,-12.916483,101.0,0,1430.0
538008115,1714189124,-0.55265,-12.916233,101.0,0,1430.0
538008115,1714189285,-0.55865,-12.911633,100.0,0,1400.0
538008115,1714189455,-0.564983,-12.906667,100.0,0,1410.0
538008115,1714189486,-0.566133,-12.905783,100.0,0,1420.0
538008115,1714189665,-0.572733,-12.900583,100.0,0,1410.0
538008115,1714189725,-0.574967,-12.89885,101.0,0,1420.0
538008115,1714189735,-0.575333,-12.898567,101.0,0,1420.0
538008115,1714189903,-0.581633,-12.893683,100.0,0,1420.0
538008115,1714190005,-0.585333,-12.890833,100.0,0,1410.0
538008115,1714190035,-0.586433,-12.889933,100.0,0,1410.0
538008115,1714190526,-0.604367,-12.8757,100.0,0,1420.0
538008115,1714190756,-0.61295,-12.868983,101.0,0,1410.0
538008115,1714190995,-0.621817,-12.861933,100.0,0,1410.0
538008115,1714191325,-0.634017,-12.8524,100.0,0,1420.0
538008115,1714191574,-0.643483,-12.845383,101.0,0,1430.0
538008115,1714191893,-0.655683,-12.83635,102.0,0,1430.0
538008115,1714192393,-0.67475,-12.8219,102.0,0,1420.0
538008115,1714192542,-0.680433,-12.817583,102.0,0,1420.0
538008115,1714192655,-0.684633,-12.814383,102.0,0,1420.0
538008115,1714192856,-0.69215,-12.808533,102.0,0,1420.0
538008115,1714192905,-0.694017,-12.807067,102.0,0,1410.0
538008115,1714193033,-0.698967,-12.8033,102.0,0,1420.0
538008115,1714193086,-0.700867,-12.80185,102.0,0,1420.0
538008115,1714193593,-0.720267,-12.78695,104.0,0,1420.0
538008115,1714193654,-0.722583,-12.785183,104.0,0,1420.0
538008115,1714193795,-0.728,-12.78105,103.0,0,1430.0
538008115,1714193907,-0.732233,-12.7779,103.0,0,1420.0
538008115,1714194533,-0.75665,-12.759617,103.0,0,1420.0
538008115,1714194635,-0.760517,-12.75665,102.0,0,1420.0
538008115,1714194641,-0.760867,-12.7564,102.0,0,1430.0
538008115,1714194698,-0.762817,-12.754933,102.0,0,1430.0
538008115,1714194796,-0.76665,-12.752067,102.0,0,1430.0
538008115,1714194954,-0.771617,-12.748383,102.0,0,1430.0
538008115,1714195037,-0.77585,-12.745267,101.0,0,1430.0
538008115,1714195162,-0.780733,-12.741633,101.0,0,1430.0
538008115,1714195192,-0.7819,-12.740733,101.0,0,1420.0
538008115,1714195295,-0.7857,-12.737917,102.0,0,1430.0
538008115,1714195482,-0.792783,-12.732433,101.0,0,1400.0
538008115,1714195624,-0.797933,-12.728233,101.0,0,1400.0
538008115,1714195672,-0.799733,-12.72675,101.0,0,1400.0
538008115,1714195786,-0.803783,-12.723467,102.0,0,1400.0
538008115,1714196077,-0.81455,-12.714733,103.0,0,1400.0
538008115,1714196245,-0.820833,-12.7096,103.0,0,1410.0
538008115,1714196304,-0.823133,-12.707767,103.0,0,1410.0
538008115,1714196427,-0.827617,-12.704117,103.0,0,1390.0
538008115,1714196595,-0.833883,-12.6989,104.0,0,1400.0
538008115,1714196653,-0.836133,-12.697067,104.0,0,1400.0
538008115,1714196763,-0.8403,-12.693733,104.0,0,1410.0
538008115,1714196785,-0.84105,-12.693117,104.0,0,1410.0
538008115,1714196875,-0.84445,-12.69045,104.0,0,1420.0
538008115,1714197003,-0.849483,-12.686583,103.0,0,1420.0
538008115,1714197124,-0.854,-12.68305,104.0,0,1410.0
538008115,1714197313,-0.861167,-12.677367,104.0,0,1410.0
538008115,1714197906,-0.883533,-12.659417,104.0,0,1410.0
538008115,1714197964,-0.885833,-12.657633,105.0,0,1420.0
538008115,1714198235,-0.896233,-12.6496,104.0,0,1410.0
538008115,1714198734,-0.915367,-12.63455,105.0,0,1420.0
538008115,1714199007,-0.926083,-12.626683,105.0,0,1440.0
538008115,1714199014,-0.92645,-12.626417,104.0,0,1440.0
538008115,1714199256,-0.935983,-12.619633,105.0,0,1440.0
538008115,1714199314,-0.938433,-12.6179,105.0,0,1440.0
538008115,1714199437,-0.943233,-12.614467,104.0,0,1440.0
538008115,1714199527,-0.946767,-12.6119,106.0,0,1430.0
538008115,1714199965,-0.964233,-12.598883,106.0,0,1420.0
538008115,1714200363,-0.980133,-12.587117,106.0,0,1430.0
538008115,1714200523,-0.9865,-12.582317,106.0,0,1410.0
538008115,1714200946,-1.00275,-12.569533,105.0,0,1410.0
538008115,1714201223,-1.01265,-12.5618,104.0,0,1410.0
538008115,1714201256,-1.014633,-12.560233,104.0,0,1410.0
538008115,1714201295,-1.016133,-12.559067,103.0,0,1410.0
538008115,1714201393,-1.019917,-12.556133,103.0,0,1410.0
538008115,1714201514,-1.0244,-12.552633,102.0,0,1410.0
538008115,1714201765,-1.0323,-12.546433,102.0,0,1420.0
538008115,1714201783,-1.034517,-12.544717,102.0,0,1420.0
538008115,1714201903,-1.03905,-12.541233,102.0,0,1410.0
538008115,1714202154,-1.048483,-12.533917,103.0,0,1410.0
538008115,1714202324,-1.054983,-12.528733,103.0,0,1410.0
538008115,1714202543,-1.0633,-12.522267,103.0,0,1420.0
538008115,1714202755,-1.071383,-12.5161,103.0,0,1410.0
538008115,1714202775,-1.07215,-12.515517,103.0,0,1420.0
538008115,1714202972,-1.0798,-12.50955,105.0,0,1410.0
538008115,1714203183,-1.087867,-12.503283,104.0,0,1420.0
538008115,1714203285,-1.09175,-12.500267,105.0,0,1420.0
538008115,1714203403,-1.096417,-12.496683,106.0,0,1410.0
538008115,1714203556,-1.102267,-12.49215,106.0,0,1410.0
538008115,1714203813,-1.112383,-12.484117,107.0,0,1410.0
538008115,1714203973,-1.118667,-12.479217,105.0,0,1410.0
538008115,1714204055,-1.121767,-12.476783,106.0,0,1410.0
538008115,1714204145,-1.125367,-12.473933,106.0,0,1410.0
538008115,1714204404,-1.135467,-12.466,106.0,0,1420.0
538008115,1714204727,-1.148033,-12.456117,106.0,0,1410.0
538008115,1714204825,-1.15195,-12.453017,106.0,0,1410.0
538008115,1714204906,-1.15505,-12.450533,106.0,0,1400.0
538008115,1714205134,-1.163983,-12.443417,107.0,0,1410.0
538008115,1714205374,-1.173433,-12.4361,105.0,0,1420.0
538008115,1714205414,-1.174967,-12.4349,105.0,0,1420.0
538008115,1714205606,-1.1824,-12.429067,106.0,0,1410.0
538008115,1714205664,-1.1848,-12.427183,106.0,0,1410.0
538008115,1714205814,-1.190567,-12.422533,106.0,0,1400.0
538008115,1714206002,-1.198,-12.416667,106.0,0,1410.0
538008115,1714206255,-1.207917,-12.409167,105.0,0,1430.0
538008115,1714206384,-1.21305,-12.405267,106.0,0,1420.0
538008115,1714206453,-1.215833,-12.403133,106.0,0,1420.0
538008115,1714206505,-1.217817,-12.4016,106.0,0,1420.0
538008115,1714206564,-1.220183,-12.3998,106.0,0,1420.0
538008115,1714206785,-1.22895,-12.393267,105.0,0,1430.0
538008115,1714207012,-1.238017,-12.386467,105.0,0,1430.0
538008115,1714207145,-1.243133,-12.382517,104.0,0,1420.0
538008115,1714207285,-1.248633,-12.378383,105.0,0,1420.0
538008115,1714207563,-1.259417,-12.370317,103.0,0,1420.0
538008115,1714207745,-1.266333,-12.364933,103.0,0,1420.0
538008115,1714207926,-1.273267,-12.3597,102.0,0,1420.0
538008115,1714208022,-1.277117,-12.3568,103.0,0,1420.0
538008115,1714208146,-1.2817,-12.353283,104.0,0,1410.0
538008115,1714208245,-1.2856,-12.35035,103.0,0,1430.0
538008115,1714208513,-1.296,-12.342583,102.0,0,1430.0
538008115,1714208834,-1.3082,-12.333117,102.0,0,1400.0
538008115,1714209006,-1.314433,-12.32795,101.0,0,1400.0
538008115,1714209068,-1.316633,-12.326133,101.0,0,1400.0
538008115,1714209123,-1.31885,-12.324333,101.0,0,1400.0
538008115,1714209195,-1.32145,-12.32215,101.0,0,1390.0
538008115,1714209593,-1.335983,-12.3096,103.0,0,1400.0
538008115,1714209707,-1.3402,-12.306217,102.0,0,1410.0
538008115,1714209944,-1.349417,-12.299317,103.0,0,1430.0
538008115,1714210053,-1.353733,-12.296067,103.0,0,1420.0
538008115,1714210179,-1.358383,-12.292533,103.0,0,1420.0
538008115,1714210202,-1.359517,-12.291667,103.0,0,1420.0
538008115,1714210297,-1.363067,-12.289,103.0,0,1430.0
538008115,1714210575,-1.373933,-12.280617,104.0,0,1410.0
538008115,1714210875,-1.385533,-12.27175,104.0,0,1430.0
538008115,1714211233,-1.399367,-12.260733,104.0,0,1400.0
538008115,1714211313,-1.4024,-12.258233,104.0,0,1400.0
538008115,1714211427,-1.406567,-12.254833,104.0,0,1400.0
538008115,1714211594,-1.41295,-12.249517,104.0,0,1400.0
538008115,1714211814,-1.42145,-12.242767,103.0,0,1410.0
538008115,1714211974,-1.427583,-12.238,104.0,0,1420.0
538008115,1714211983,-1.427933,-12.237717,104.0,0,1410.0
538008115,1714212114,-1.43295,-12.233833,104.0,0,1410.0
538008115,1714212283,-1.439533,-12.228683,104.0,0,1410.0
538008115,1714212346,-1.44185,-12.226833,104.0,0,1410.0
538008115,1714212583,-1.451183,-12.2195,105.0,0,1410.0
538008115,1714212703,-1.45585,-12.2158,105.0,0,1410.0
538008115,1714212804,-1.45975,-12.212683,106.0,0,1410.0
538008115,1714212943,-1.465167,-12.208433,104.0,0,1420.0
538008115,1714213241,-1.47695,-12.199517,104.0,0,1440.0
538008115,1714213243,-1.47695,-12.199517,104.0,0,1440.0
538008115,1714213260,-1.477767,-12.19895,105.0,0,1440.0
538008115,1714213281,-1.478583,-12.198383,105.0,0,1440.0
538008115,1714213300,-1.479333,-12.197833,105.0,0,1440.0
538008115,1714213320,-1.48015,-12.197283,105.0,0,1440.0
538008115,1714213360,-1.4818,-12.196117,105.0,0,1440.0
538008115,1714213420,-1.484217,-12.1944,105.0,0,1440.0
538008115,1714213451,-1.485483,-12.193517,105.0,0,1440.0
538008115,1714213452,-1.485483,-12.193517,105.0,0,1440.0
538008115,1714213461,-1.48585,-12.193267,105.0,0,1440.0
538008115,1714213480,-1.48665,-12.192683,105.0,0,1440.0
538008115,1714213490,-1.48705,-12.1924,105.0,0,1440.0
538008115,1714213491,-1.48705,-12.1924,105.0,0,1440.0
538008115,1714213521,-1.488283,-12.191517,105.0,0,1440.0
538008115,1714213522,-1.488283,-12.191517,105.0,0,1440.0
538008115,1714213531,-1.488683,-12.191233,105.0,0,1440.0
538008115,1714213540,-1.48905,-12.190967,105.0,0,1440.0
538008115,1714213560,-1.489867,-12.1904,105.0,0,1440.0
538008115,1714213582,-1.490717,-12.1898,105.0,0,1440.0
538008115,1714213600,-1.49145,-12.189283,105.0,0,1440.0
538008115,1714213611,-1.4919,-12.188983,105.0,0,1440.0
538008115,1714213632,-1.492783,-12.18835,106.0,0,1440.0
538008115,1714213642,-1.49315,-12.188083,106.0,0,1440.0
538008115,1714213660,-1.493933,-12.18755,106.0,0,1440.0
538008115,1714213671,-1.49435,-12.187267,106.0,0,1440.0
538008115,1714213702,-1.495617,-12.186383,106.0,0,1440.0
538008115,1714213712,-1.496033,-12.1861,106.0,0,1450.0
538008115,1714213722,-1.496433,-12.185817,106.0,0,1450.0
538008115,1714213731,-1.4968,-12.18555,106.0,0,1450.0
538008115,1714213734,-1.4968,-12.18555,106.0,0,1450.0
538008115,1714213741,-1.497167,-12.1853,106.0,0,1450.0
538008115,1714213752,-1.49765,-12.18495,106.0,0,1440.0
538008115,1714213762,-1.498017,-12.184683,106.0,0,1440.0
538008115,1714213772,-1.498467,-12.184367,106.0,0,1440.0
538008115,1714213791,-1.499283,-12.183783,106.0,0,1440.0
538008115,1714213801,-1.49965,-12.183517,106.0,0,1430.0
538008115,1714213821,-1.50045,-12.182917,106.0,0,1430.0
538008115,1714213842,-1.5013,-12.182283,106.0,0,1420.0
538008115,1714213871,-1.50245,-12.181433,106.0,0,1430.0
538008115,1714214653,-1.53345,-12.157817,106.0,0,1420.0
538008115,1714214743,-1.537,-12.155117,105.0,0,1420.0
538008115,1714215183,-1.55445,-12.1419,105.0,0,1420.0
538008115,1714215214,-1.555583,-12.141033,105.0,0,1420.0
538008115,1714215274,-1.55795,-12.13925,105.0,0,1420.0
538008115,1714215333,-1.5603,-12.13745,105.0,0,1420.0
538008115,1714215644,-1.572467,-12.128383,104.0,0,1420.0
538008115,1714215763,-1.5771,-12.12475,103.0,0,1410.0
538008115,1714216256,-1.5957,-12.109967,103.0,0,1410.0
538008115,1714216487,-1.6045,-12.103033,104.0,0,1410.0
538008115,1714216554,-1.60725,-12.100833,104.0,0,1410.0
538008115,1714216665,-1.611383,-12.0975,104.0,0,1400.0
538008115,1714216795,-1.616317,-12.093483,103.0,0,1400.0
538008115,1714216847,-1.618183,-12.091967,103.0,0,1400.0
538008115,1714216943,-1.62195,-12.088933,103.0,0,1410.0
538008115,1714217524,-1.64405,-12.071533,104.0,0,1410.0
538008115,1714217635,-1.648233,-12.068183,103.0,0,1410.0
538008115,1714217703,-1.650917,-12.0661,103.0,0,1420.0
538008115,1714217803,-1.654717,-12.0631,103.0,0,1410.0
538008115,1714217874,-1.65745,-12.060967,103.0,0,1420.0
538008115,1714218015,-1.662917,-12.0568,104.0,0,1420.0
538008115,1714218064,-1.664783,-12.0554,104.0,0,1420.0
538008115,1714218194,-1.66985,-12.051617,104.0,0,1430.0
538008115,1714218603,-1.685933,-12.039717,104.0,0,1420.0
538008115,1714218693,-1.689433,-12.0371,104.0,0,1430.0
538008115,1714219172,-1.7084,-12.023,104.0,0,1420.0
538008115,1714219243,-1.7112,-12.020867,104.0,0,1420.0
538008115,1714219353,-1.715367,-12.017617,104.0,0,1410.0
538008115,1714219503,-1.72115,-12.0131,103.0,0,1420.0
538008115,1714219704,-1.728783,-12.0072,102.0,0,1420.0
538008115,1714219805,-1.732633,-12.004267,102.0,0,1420.0
538008115,1714219915,-1.736817,-12.001017,102.0,0,1410.0
538008115,1714220104,-1.744067,-11.995417,103.0,0,1420.0
538008115,1714220725,-1.767867,-11.976717,105.0,0,1410.0
538008115,1714220913,-1.775183,-11.971,104.0,0,1420.0
538008115,1714220945,-1.776383,-11.97005,104.0,0,1410.0
538008115,1714221573,-1.8005,-11.9512,103.0,0,1410.0
538008115,1714221624,-1.8024,-11.949717,102.0,0,1420.0
538008115,1714222403,-1.83185,-11.926533,102.0,0,1400.0
538008115,1714223022,-1.8547,-11.90815,101.0,0,1400.0
538008115,1714223315,-1.865367,-11.899617,101.0,0,1420.0
538008115,1714224215,-1.90005,-11.8736,102.0,0,1410.0
538008115,1714224414,-1.9076,-11.8679,103.0,0,1430.0
538008115,1714224512,-1.911483,-11.865133,101.0,0,1430.0
538008115,1714224696,-1.918317,-11.859983,101.0,0,1420.0
538008115,1714225554,-1.95075,-11.835433,101.0,0,1410.0
538008115,1714225564,-1.9512,-11.8351,101.0,0,1410.0
538008115,1714225875,-1.962883,-11.826283,101.0,0,1430.0
538008115,1714226633,-1.99185,-11.804783,100.0,0,1430.0
538008115,1714226664,-1.992883,-11.804,100.0,0,1420.0
538008115,1714226734,-1.995467,-11.801933,101.0,0,1410.0
538008115,1714226921,-2.002083,-11.796667,101.0,0,1410.0
538008115,1714227004,-2.0054,-11.79405,100.0,0,1410.0
538008115,1714227074,-2.008033,-11.792,100.0,0,1420.0
538008115,1714227215,-2.0132,-11.787967,100.0,0,1410.0
538008115,1714227274,-2.015417,-11.786233,100.0,0,1410.0
538008115,1714227633,-2.028733,-11.775767,100.0,0,1410.0
538008115,1714227773,-2.03395,-11.771667,100.0,0,1410.0
538008115,1714227784,-2.034317,-11.771367,100.0,0,1420.0
538008115,1714227997,-2.0421,-11.7653,100.0,0,1410.0
538008115,1714228083,-2.045467,-11.762617,100.0,0,1410.0
538008115,1714228213,-2.050283,-11.758817,101.0,0,1410.0
538008115,1714228423,-2.058183,-11.75265,102.0,0,1410.0
538008115,1714228743,-2.0702,-11.743,103.0,0,1410.0
538008115,1714228837,-2.07355,-11.740317,104.0,0,1400.0
538008115,1714228926,-2.076967,-11.73755,103.0,0,1400.0
538008115,1714228984,-2.079217,-11.73575,103.0,0,1410.0
538008115,1714229116,-2.084067,-11.731933,103.0,0,1410.0
538008115,1714229216,-2.087883,-11.728917,102.0,0,1400.0
538008115,1714229274,-2.090133,-11.72715,103.0,0,1410.0
538008115,1714229284,-2.090517,-11.72685,103.0,0,1410.0
538008115,1714229426,-2.095683,-11.722683,102.0,0,1410.0
538008115,1714229555,-2.10055,-11.718817,103.0,0,1410.0
538008115,1714229673,-2.105117,-11.715267,102.0,0,1420.0
538008115,1714229853,-2.111967,-11.710017,102.0,0,1420.0
538008115,1714230145,-2.122983,-11.701567,102.0,0,1420.0
538008115,1714230325,-2.1298,-11.696333,103.0,0,1430.0
538008115,1714230505,-2.1368,-11.69115,103.0,0,1430.0
538008115,1714230633,-2.141833,-11.687367,102.0,0,1420.0
538008115,1714230663,-2.142883,-11.686567,102.0,0,1420.0
538008115,1714230825,-2.14905,-11.681933,102.0,0,1430.0
538008115,1714231085,-2.159083,-11.674367,102.0,0,1430.0
538008115,1714231196,-2.163283,-11.671167,101.0,0,1420.0
538008115,1714231412,-2.171617,-11.664917,101.0,0,1430.0
538008115,1714231515,-2.17545,-11.66205,100.0,0,1430.0
538008115,1714231801,-2.18625,-11.653783,101.0,0,1420.0
538008115,1714232553,-2.214517,-11.6327,100.0,0,1420.0
538008115,1714232773,-2.2226,-11.626333,99.0,0,1400.0
538008115,1714232945,-2.228683,-11.621317,99.0,0,1390.0
538008115,1714233005,-2.23085,-11.619517,100.0,0,1400.0
538008115,1714233146,-2.2359,-11.6154,98.0,0,1400.0
538008115,1714233465,-2.247233,-11.606083,99.0,0,1400.0
538008115,1714233525,-2.24935,-11.604317,99.0,0,1390.0
538008115,1714233585,-2.251467,-11.602533,99.0,0,1390.0
538008115,1714233684,-2.254983,-11.599583,99.0,0,1400.0
538008115,1714233894,-2.262433,-11.593483,98.0,0,1400.0
538008115,1714234024,-2.267083,-11.589633,99.0,0,1400.0
538008115,1714234176,-2.272583,-11.58545,100.0,0,1430.0
538008115,1714234264,-2.276,-11.582967,100.0,0,1430.0
538008115,1714234275,-2.276333,-11.582733,98.0,0,1430.0
538008115,1714234324,-2.27825,-11.58135,100.0,0,1430.0
538008115,1714234372,-2.280083,-11.580033,98.0,0,1430.0
538008115,1714234494,-2.284583,-11.576767,99.0,0,1430.0
538008115,1714234725,-2.293167,-11.570417,98.0,0,1430.0
538008115,1714234735,-2.293533,-11.570133,99.0,0,1430.0
538008115,1714234924,-2.300617,-11.564933,99.0,0,1430.0
538008115,1714235015,-2.304,-11.56245,99.0,0,1430.0
538008115,1714235102,-2.307417,-11.559933,99.0,0,1430.0
538008115,1714235315,-2.31535,-11.554117,100.0,0,1440.0
538008115,1714235475,-2.321317,-11.54955,100.0,0,1410.0
538008115,1714235684,-2.32895,-11.543483,99.0,0,1410.0
538008115,1714235794,-2.333083,-11.540233,100.0,0,1410.0
538008115,1714235854,-2.335333,-11.538483,101.0,0,1410.0
538008115,1714235975,-2.339733,-11.535017,100.0,0,1410.0
538008115,1714236052,-2.34265,-11.532717,100.0,0,1410.0
538008115,1714236084,-2.3438,-11.5318,100.0,0,1410.0
538008115,1714236343,-2.353467,-11.524267,100.0,0,1420.0
538008115,1714236514,-2.359783,-11.51935,100.0,0,1410.0
538008115,1714236814,-2.370933,-11.5106,101.0,0,1410.0
538008115,1714236892,-2.373867,-11.508317,100.0,0,1410.0
538008115,1714237586,-2.399283,-11.487883,101.0,0,1400.0
538008115,1714237826,-2.408233,-11.480917,100.0,0,1430.0
538008115,1714237904,-2.41125,-11.478667,101.0,0,1430.0
538008115,1714237954,-2.41315,-11.477267,100.0,0,1430.0
538008115,1714238035,-2.416133,-11.475067,99.0,0,1430.0
538008115,1714238145,-2.420333,-11.471983,99.0,0,1430.0
538008115,1714238643,-2.439033,-11.458283,99.0,0,1430.0
538008115,1714238793,-2.44465,-11.454133,99.0,0,1430.0
538008115,1714238876,-2.447617,-11.452,99.0,0,1440.0
538008115,1714238993,-2.452133,-11.448733,98.0,0,1430.0
538008115,1714239033,-2.453633,-11.447617,98.0,0,1430.0
538008115,1714239123,-2.456867,-11.44515,98.0,0,1420.0
538008115,1714239271,-2.462367,-11.440933,98.0,0,1420.0
538008115,1714239344,-2.465,-11.4389,98.0,0,1420.0
538008115,1714239413,-2.467517,-11.437,98.0,0,1430.0
538008115,1714239605,-2.474517,-11.431767,97.0,0,1420.0
538008115,1714239693,-2.477783,-11.429267,97.0,0,1420.0
538008115,1714239707,-2.478183,-11.428967,97.0,0,1420.0
538008115,1714239783,-2.481067,-11.426717,97.0,0,1410.0
538008115,1714239883,-2.48465,-11.423967,97.0,0,1420.0
538008115,1714240052,-2.490867,-11.4194,97.0,0,1430.0
538008115,1714240455,-2.50515,-11.408167,96.0,0,1400.0
538008115,1714240505,-2.506967,-11.4067,96.0,0,1400.0
538008115,1714240584,-2.50975,-11.404467,96.0,0,1410.0
538008115,1714240735,-2.515017,-11.4002,96.0,0,1400.0
538008115,1714240775,-2.516417,-11.399083,96.0,0,1400.0
538008115,1714241432,-2.5397,-11.3804,96.0,0,1410.0
538008115,1714241504,-2.542233,-11.378433,96.0,0,1420.0
538008115,1714241605,-2.5458,-11.375567,96.0,0,1400.0
538008115,1714241731,-2.550317,-11.3719,98.0,0,1400.0
538008115,1714241766,-2.551483,-11.370983,96.0,0,1410.0
538008115,1714241805,-2.552883,-11.3699,96.0,0,1420.0
538008115,1714241853,-2.55465,-11.368567,96.0,0,1420.0
538008115,1714241905,-2.556517,-11.367167,96.0,0,1430.0
538008115,1714242416,-2.574867,-11.3529,98.0,0,1420.0
538008115,1714242476,-2.577083,-11.351217,98.0,0,1420.0
538008115,1714242823,-2.590033,-11.341633,98.0,0,1430.0
538008115,1714243264,-2.606267,-11.329433,98.0,0,1420.0
538008115,1714243385,-2.610733,-11.326083,99.0,0,1420.0
538008115,1714243574,-2.617833,-11.320767,100.0,0,1430.0
538008115,1714243804,-2.626533,-11.3142,100.0,0,1410.0
538008115,1714243914,-2.630633,-11.31105,100.0,0,1420.0
538008115,1714244096,-2.637333,-11.3059,99.0,0,1420.0
538008115,1714244135,-2.638817,-11.304767,99.0,0,1420.0
538008115,1714244317,-2.645583,-11.299667,99.0,0,1420.0
538008115,1714244384,-2.648167,-11.29775,99.0,0,1430.0
538008115,1714244505,-2.65265,-11.294417,99.0,0,1430.0
538008115,1714244564,-2.654867,-11.292717,99.0,0,1410.0
538008115,1714244724,-2.660633,-11.288017,98.0,0,1400.0
538008115,1714244896,-2.666717,-11.28305,98.0,0,1400.0
538008115,1714245036,-2.671783,-11.278967,98.0,0,1400.0
538008115,1714245203,-2.677883,-11.274067,98.0,0,1400.0
538008115,1714245353,-2.683167,-11.269633,98.0,0,1400.0
538008115,1714245562,-2.69075,-11.263533,97.0,0,1410.0
538008115,1714245683,-2.694983,-11.260033,97.0,0,1390.0
538008115,1714246262,-2.71565,-11.243333,98.0,0,1420.0
538008115,1714246343,-2.71865,-11.241133,99.0,0,1430.0
538008115,1714246352,-2.719017,-11.24085,99.0,0,1430.0
538008115,1714246392,-2.720517,-11.23975,99.0,0,1430.0
538008115,1714246516,-2.72495,-11.236417,98.0,0,1420.0
538008115,1714246664,-2.730583,-11.232317,99.0,0,1430.0
538008115,1714246714,-2.7324,-11.230967,98.0,0,1420.0
538008115,1714246873,-2.738267,-11.2264,98.0,0,1410.0
538008115,1714246942,-2.740767,-11.22435,98.0,0,1400.0
538008115,1714247063,-2.74505,-11.220883,98.0,0,1410.0
538008115,1714247225,-2.750817,-11.216167,98.0,0,1400.0
538008115,1714247293,-2.753317,-11.2142,98.0,0,1410.0
538008115,1714247523,-2.761717,-11.207583,99.0,0,1410.0
538008115,1714247535,-2.762083,-11.2073,99.0,0,1410.0
538008115,1714247575,-2.763567,-11.206133,98.0,0,1410.0
538008115,1714247615,-2.764983,-11.205,98.0,0,1400.0
538008115,1714247694,-2.7679,-11.20265,98.0,0,1410.0
538008115,1714248133,-2.78385,-11.190233,98.0,0,1410.0
538008115,1714248304,-2.789967,-11.185383,97.0,0,1420.0
538008115,1714248354,-2.791783,-11.184017,98.0,0,1420.0
538008115,1714248484,-2.796617,-11.180383,98.0,0,1430.0
538008115,1714248925,-2.812583,-11.1681,98.0,0,1420.0
538008115,1714249244,-2.8243,-11.159183,98.0,0,1420.0
538008115,1714249794,-2.844383,-11.14375,99.0,0,1420.0
538008115,1714249914,-2.848817,-11.140367,99.0,0,1420.0
538008115,1714250094,-2.855367,-11.135117,99.0,0,1420.0
538008115,1714250146,-2.857233,-11.133683,98.0,0,1420.0
538008115,1714250375,-2.86565,-11.12715,99.0,0,1420.0
538008115,1714250515,-2.87075,-11.12315,98.0,0,1400.0
538008115,1714250615,-2.874367,-11.120333,98.0,0,1420.0
538008115,1714250634,-2.8751,-11.119783,98.0,0,1420.0
538008115,1714250784,-2.880467,-11.115583,97.0,0,1400.0
538008115,1714250894,-2.88445,-11.11245,97.0,0,1410.0
538008115,1714250964,-2.886917,-11.110517,97.0,0,1410.0
538008115,1714251022,-2.8891,-11.108783,97.0,0,1410.0
538008115,1714251253,-2.897383,-11.102317,98.0,0,1420.0
538008115,1714251441,-2.904483,-11.097017,98.0,0,1420.0
538008115,1714251576,-2.9093,-11.093283,98.0,0,1410.0
538008115,1714252475,-2.942167,-11.06785,98.0,0,1430.0
538008115,1714252744,-2.952167,-11.060567,99.0,0,1440.0
538008115,1714252753,-2.952633,-11.060233,98.0,0,1440.0
538008115,1714253485,-2.979633,-11.039917,98.0,0,1420.0
538008115,1714253652,-2.986,-11.035167,98.0,0,1430.0
538008115,1714253935,-2.9963,-11.02735,97.0,0,1420.0
538008115,1714254295,-3.00925,-11.017033,96.0,0,1410.0
538008115,1714254614,-3.0205,-11.007983,96.0,0,1420.0
538008115,1714255145,-3.039267,-10.993033,96.0,0,1400.0
538008115,1714255411,-3.04865,-10.985283,95.0,0,1400.0
538008115,1714255441,-3.049717,-10.984483,96.0,0,1410.0
538008115,1714255460,-3.0504,-10.98395,96.0,0,1410.0
538008115,1714255472,-3.050783,-10.98365,96.0,0,1410.0
538008115,1714255501,-3.051867,-10.982783,96.0,0,1400.0
538008115,1714255502,-3.051867,-10.982783,96.0,0,1400.0
538008115,1714255520,-3.052517,-10.98225,96.0,0,1400.0
538008115,1714255540,-3.053167,-10.981683,96.0,0,1390.0
538008115,1714255551,-3.05355,-10.981383,95.0,0,1390.0
538008115,1714255552,-3.05355,-10.981383,95.0,0,1390.0
538008115,1714255590,-3.0549,-10.980233,95.0,0,1390.0
538008115,1714255600,-3.0552,-10.979967,95.0,0,1390.0
538008115,1714255611,-3.055583,-10.979667,95.0,0,1390.0
538008115,1714255612,-3.055583,-10.979667,95.0,0,1390.0
538008115,1714255630,-3.056267,-10.979083,95.0,0,1390.0
538008115,1714255691,-3.058333,-10.97735,95.0,0,1390.0
538008115,1714255710,-3.059017,-10.976767,95.0,0,1390.0
538008115,1714255714,-3.059017,-10.976767,95.0,0,1390.0
538008115,1714255720,-3.05935,-10.976483,95.0,0,1390.0
538008115,1714255721,-3.05935,-10.976483,95.0,0,1390.0
538008115,1714255731,-3.059733,-10.976167,95.0,0,1390.0
538008115,1714255732,-3.059733,-10.976167,95.0,0,1390.0
538008115,1714255811,-3.0625,-10.97385,96.0,0,1390.0
538008115,1714255890,-3.065217,-10.9716,95.0,0,1400.0
538008115,1714255911,-3.065933,-10.971,96.0,0,1400.0
538008115,1714255912,-3.065933,-10.971,96.0,0,1400.0
538008115,1714255921,-3.066283,-10.970717,96.0,0,1400.0
538008115,1714255961,-3.0677,-10.969533,96.0,0,1390.0
538008115,1714256213,-3.0764,-10.96225,95.0,0,1400.0
538008115,1714256452,-3.084983,-10.9555,97.0,0,1440.0
538008115,1714256534,-3.088017,-10.9534,97.0,0,1440.0
538008115,1714256623,-3.09135,-10.951033,98.0,0,1440.0
538008115,1714256704,-3.094383,-10.948917,97.0,0,1440.0
538008115,1714256834,-3.09925,-10.945383,97.0,0,1430.0
538008115,1714257084,-3.108517,-10.938583,97.0,0,1430.0
538008115,1714257103,-3.109217,-10.938083,97.0,0,1440.0
538008115,1714257324,-3.1176,-10.932167,98.0,0,1440.0
538008115,1714257457,-3.12125,-10.929533,97.0,0,1430.0
538008115,1714257986,-3.142167,-10.914267,98.0,0,1430.0
538008115,1714258074,-3.14555,-10.9119,98.0,0,1440.0
538008115,1714258146,-3.148267,-10.91,98.0,0,1440.0
538008115,1714258394,-3.157317,-10.902817,98.0,0,1390.0
538008115,1714258533,-3.16225,-10.898633,99.0,0,1400.0
538008115,1714259163,-3.184733,-10.87965,100.0,0,1400.0
538008115,1714259294,-3.189433,-10.8758,99.0,0,1390.0
538008115,1714259385,-3.19265,-10.873033,99.0,0,1390.0
538008115,1714259635,-3.201633,-10.865583,99.0,0,1400.0
538008115,1714259855,-3.20945,-10.858967,100.0,0,1400.0
538008115,1714260002,-3.214933,-10.8544,100.0,0,1400.0
538008115,1714260134,-3.219733,-10.85055,100.0,0,1420.0
538008115,1714260194,-3.222033,-10.848883,101.0,0,1430.0
538008115,1714260522,-3.23475,-10.83965,101.0,0,1440.0
538008115,1714260712,-3.242117,-10.8345,101.0,0,1440.0
538008115,1714260865,-3.24805,-10.830383,101.0,0,1440.0
538008115,1714260970,-3.252267,-10.827383,101.0,0,1440.0
538008115,1714260982,-3.2527,-10.827067,101.0,0,1440.0
538008115,1714260992,-3.253083,-10.8268,101.0,0,1440.0
538008115,1714260995,-3.253083,-10.8268,101.0,0,1440.0
538008115,1714261042,-3.255033,-10.825417,101.0,0,1440.0
538008115,1714261062,-3.2558,-10.824867,101.0,0,1440.0
538008115,1714261072,-3.256117,-10.82465,101.0,0,1440.0
538008115,1714261090,-3.256917,-10.824083,101.0,0,1440.0
538008115,1714261102,-3.257383,-10.82375,101.0,0,1440.0
538008115,1714261111,-3.2577,-10.823517,101.0,0,1440.0
538008115,1714261130,-3.258467,-10.82295,101.0,0,1430.0
538008115,1714261150,-3.259233,-10.822383,101.0,0,1430.0
538008115,1714261162,-3.25965,-10.822067,101.0,0,1430.0
538008115,1714261181,-3.260417,-10.821483,101.0,0,1430.0
538008115,1714261190,-3.260767,-10.821233,101.0,0,1430.0
538008115,1714261200,-3.2611,-10.820983,101.0,0,1430.0
538008115,1714261210,-3.261483,-10.8207,101.0,0,1430.0
538008115,1714261222,-3.26195,-10.820367,101.0,0,1430.0
538008115,1714261250,-3.263083,-10.81955,101.0,0,1440.0
538008115,1714261272,-3.2639,-10.818967,101.0,0,1440.0
538008115,1714261291,-3.264633,-10.81845,102.0,0,1440.0
538008115,1714261301,-3.265067,-10.818133,102.0,0,1440.0
538008115,1714261302,-3.265067,-10.818133,102.0,0,1440.0
538008115,1714261332,-3.266233,-10.817283,101.0,0,1440.0
538008115,1714261351,-3.266967,-10.816767,102.0,0,1440.0
538008115,1714261362,-3.26735,-10.816483,102.0,0,1440.0
538008115,1714261410,-3.269283,-10.8151,101.0,0,1440.0
538008115,1714261411,-3.269283,-10.8151,101.0,0,1440.0
538008115,1714261421,-3.269717,-10.814783,101.0,0,1430.0
538008115,1714262075,-3.294183,-10.796433,99.0,0,1410.0
538008115,1714262263,-3.301133,-10.791083,98.0,0,1420.0
538008115,1714262304,-3.30265,-10.789933,99.0,0,1420.0
538008115,1714262494,-3.309683,-10.78445,99.0,0,1420.0
538008115,1714262563,-3.312233,-10.782533,99.0,0,1430.0
538008115,1714262674,-3.316383,-10.77945,98.0,0,1420.0
538008115,1714262733,-3.318583,-10.777767,98.0,0,1420.0
538008115,1714262852,-3.322967,-10.774367,98.0,0,1420.0
538008115,1714262963,-3.326967,-10.771283,97.0,0,1410.0
538008115,1714263023,-3.329133,-10.769583,97.0,0,1410.0
538008115,1714263153,-3.333933,-10.765767,99.0,0,1410.0
538008115,1714263293,-3.33915,-10.76185,99.0,0,1430.0
538008115,1714263303,-3.339483,-10.761583,99.0,0,1430.0
538008115,1714263433,-3.344383,-10.758033,100.0,0,1440.0
538008115,1714263463,-3.345567,-10.7572,100.0,0,1440.0
538008115,1714263603,-3.350867,-10.75325,100.0,0,1410.0
538008115,1714263703,-3.354483,-10.750383,99.0,0,1410.0
538008115,1714263773,-3.35705,-10.748367,99.0,0,1410.0
538008115,1714263826,-3.358917,-10.746933,99.0,0,1410.0
538008115,1714263942,-3.363333,-10.743517,100.0,0,1420.0
538008115,1714264124,-3.36995,-10.738267,99.0,0,1410.0
538008115,1714264215,-3.37325,-10.735683,99.0,0,1410.0
538008115,1714264274,-3.375467,-10.7339,99.0,0,1410.0
538008115,1714264485,-3.383083,-10.72785,99.0,0,1420.0
538008115,1714264513,-3.384217,-10.727,98.0,0,1420.0
538008115,1714264583,-3.386783,-10.725033,98.0,0,1420.0
538008115,1714264684,-3.390467,-10.722317,98.0,0,1420.0
538008115,1714264746,-3.392683,-10.720683,97.0,0,1430.0
538008115,1714264945,-3.399917,-10.71505,97.0,0,1410.0
538008115,1714265004,-3.40205,-10.713383,96.0,0,1410.0
538008115,1714265164,-3.407733,-10.708933,96.0,0,1410.0
538008115,1714265613,-3.423733,-10.6964,95.0,0,1410.0
538008115,1714266105,-3.4412,-10.682917,95.0,0,1410.0
538008115,1714266413,-3.452117,-10.674433,95.0,0,1410.0
538008115,1714266884,-3.468867,-10.661417,97.0,0,1430.0
538008115,1714267035,-3.474283,-10.657267,97.0,0,1420.0
538008115,1714267054,-3.47505,-10.65665,97.0,0,1410.0
538008115,1714267106,-3.476883,-10.655267,97.0,0,1420.0
538008115,1714267414,-3.488083,-10.64655,97.0,0,1420.0
538008115,1714267425,-3.4884,-10.646283,97.0,0,1420.0
538008115,1714267433,-3.4888,-10.645967,98.0,0,1420.0
538008115,1714267503,-3.49135,-10.644,98.0,0,1410.0
538008115,1714267626,-3.495733,-10.64065,98.0,0,1420.0
538008115,1714267763,-3.500767,-10.636667,97.0,0,1410.0
538008115,1714267826,-3.502967,-10.63495,98.0,0,1420.0
538008115,1714268144,-3.5146,-10.6261,98.0,0,1430.0
538008115,1714268187,-3.51605,-10.624967,98.0,0,1420.0
538008115,1714268354,-3.52225,-10.6201,98.0,0,1410.0
538008115,1714268444,-3.525433,-10.617567,98.0,0,1410.0
538008115,1714268797,-3.538417,-10.60745,100.0,0,1420.0
538008115,1714268863,-3.540967,-10.605467,100.0,0,1420.0
538008115,1714268923,-3.543133,-10.603733,100.0,0,1410.0
538008115,1714269007,-3.546133,-10.6014,100.0,0,1410.0
538008115,1714269154,-3.551583,-10.597033,99.0,0,1400.0
538008115,1714269415,-3.56125,-10.589483,100.0,0,1420.0
538008115,1714269762,-3.57445,-10.579633,100.0,0,1430.0
538008115,1714269876,-3.578717,-10.576567,100.0,0,1440.0
538008115,1714270016,-3.584067,-10.572617,100.0,0,1430.0
538008115,1714270114,-3.58775,-10.569867,100.0,0,1430.0
538008115,1714270281,-3.594,-10.564967,99.0,0,1420.0
538008115,1714270594,-3.605583,-10.556183,99.0,0,1430.0
538008115,1714270754,-3.611567,-10.551733,99.0,0,1430.0
538008115,1714271123,-3.625183,-10.541067,99.0,0,1410.0
538008115,1714271265,-3.630367,-10.53705,99.0,0,1420.0
538008115,1714271344,-3.63325,-10.53475,99.0,0,1410.0
538008115,1714271385,-3.63475,-10.533583,99.0,0,1420.0
538008115,1714271615,-3.643367,-10.527117,99.0,0,1430.0
538008115,1714271745,-3.648033,-10.523367,98.0,0,1390.0
538008115,1714272093,-3.660333,-10.512867,99.0,0,1400.0
538008115,1714272172,-3.6632,-10.510483,99.0,0,1400.0
538008115,1714272213,-3.6646,-10.509267,99.0,0,1380.0
538008115,1714272283,-3.667017,-10.5071,98.0,0,1380.0
538008115,1714272363,-3.66985,-10.504667,99.0,0,1400.0
538008115,1714272463,-3.673567,-10.501867,99.0,0,1440.0
538008115,1714272685,-3.681767,-10.4957,99.0,0,1420.0
538008115,1714272843,-3.6877,-10.491233,99.0,0,1420.0
538008115,1714273014,-3.6941,-10.486467,99.0,0,1430.0
538008115,1714273106,-3.697433,-10.4839,99.0,0,1410.0
538008115,1714273166,-3.699617,-10.482167,99.0,0,1410.0
538008115,1714273207,-3.701117,-10.480983,99.0,0,1410.0
538008115,1714273245,-3.7026,-10.479817,98.0,0,1420.0
538008115,1714273363,-3.707067,-10.47645,99.0,0,1430.0
538008115,1714273554,-3.714133,-10.4711,100.0,0,1420.0
538008115,1714273682,-3.71905,-10.467433,100.0,0,1430.0
538008115,1714273701,-3.7198,-10.466883,100.0,0,1430.0
538008115,1714273792,-3.723183,-10.464333,100.0,0,1420.0
538008115,1714273843,-3.725033,-10.462883,100.0,0,1410.0
538008115,1714274013,-3.7314,-10.457933,100.0,0,1420.0
538008115,1714274366,-3.7444,-10.447817,100.0,0,1430.0
538008115,1714274433,-3.747,-10.445833,100.0,0,1420.0
538008115,1714274543,-3.75115,-10.442617,100.0,0,1410.0
538008115,1714274623,-3.754117,-10.440367,100.0,0,1430.0
538008115,1714274663,-3.755617,-10.439233,99.0,0,1420.0
538008115,1714274743,-3.758617,-10.4369,99.0,0,1420.0
538008115,1714274755,-3.75895,-10.43665,99.0,0,1420.0
538008115,1714274803,-3.7608,-10.435217,99.0,0,1420.0
538008115,1714275043,-3.769717,-10.428367,99.0,0,1420.0
538008115,1714275273,-3.778067,-10.421833,98.0,0,1410.0
538008115,1714275417,-3.7833,-10.417867,99.0,0,1420.0
538008115,1714275576,-3.7893,-10.4133,99.0,0,1410.0
538008115,1714275675,-3.792967,-10.4105,98.0,0,1420.0
538008115,1714275835,-3.7989,-10.406,99.0,0,1420.0
538008115,1714275846,-3.79935,-10.405667,99.0,0,1420.0
538008115,1714275883,-3.8008,-10.40455,99.0,0,1410.0
538008115,1714276064,-3.80765,-10.399433,100.0,0,1430.0
538008115,1714276224,-3.813617,-10.394883,100.0,0,1420.0
538008115,1714276382,-3.819583,-10.390233,100.0,0,1410.0
538008115,1714276604,-3.827883,-10.383833,100.0,0,1420.0
538008115,1714276786,-3.834667,-10.3787,100.0,0,1420.0
538008115,1714276995,-3.842483,-10.3726,100.0,0,1400.0
538008115,1714277114,-3.846867,-10.369,100.0,0,1400.0
538008115,1714277283,-3.853083,-10.363867,100.0,0,1400.0
538008115,1714277405,-3.8575,-10.3602,100.0,0,1400.0
538008115,1714277596,-3.8645,-10.3545,100.0,0,1400.0
538008115,1714277845,-3.8735,-10.347033,100.0,0,1380.0
538008115,1714277974,-3.878283,-10.34315,100.0,0,1420.0
538008115,1714278214,-3.887217,-10.33625,99.0,0,1410.0
538008115,1714278326,-3.89125,-10.333,99.0,0,1400.0
538008115,1714278354,-3.892333,-10.332117,99.0,0,1400.0
538008115,1714278372,-3.893033,-10.33155,99.0,0,1400.0
538008115,1714278476,-3.896767,-10.328667,99.0,0,1420.0
538008115,1714278514,-3.898233,-10.32755,99.0,0,1420.0
538008115,1714278662,-3.903767,-10.323217,99.0,0,1410.0
538008115,1714278763,-3.907417,-10.320333,99.0,0,1410.0
538008115,1714279514,-3.935133,-10.2993,99.0,0,1430.0
538008115,1714280054,-3.9552,-10.283867,100.0,0,1420.0
538008115,1714280113,-3.957433,-10.2821,100.0,0,1420.0
538008115,1714280204,-3.960817,-10.27955,100.0,0,1420.0
538008115,1714280624,-3.9766,-10.267483,100.0,0,1420.0
538008115,1714280676,-3.978483,-10.266067,100.0,0,1420.0
538008115,1714280886,-3.98635,-10.260067,100.0,0,1420.0
538008115,1714281183,-3.99775,-10.25145,100.0,0,1430.0
538008115,1714281273,-4.00105,-10.248917,100.0,0,1420.0
538008115,1714282195,-4.035533,-10.222267,100.0,0,1400.0
538008115,1714282711,-4.055,-10.2072,100.0,0,1420.0
538008115,1714282805,-4.058417,-10.204583,100.0,0,1410.0
538008115,1714282975,-4.0647,-10.199667,100.0,0,1420.0
538008115,1714283135,-4.070633,-10.19505,100.0,0,1410.0
538008115,1714283346,-4.07855,-10.188933,100.0,0,1420.0
538008115,1714283453,-4.08255,-10.185783,100.0,0,1410.0
538008115,1714283616,-4.0885,-10.181133,99.0,0,1420.0
538008115,1714283674,-4.090717,-10.17935,100.0,0,1410.0
538008115,1714283982,-4.101917,-10.170233,99.0,0,1410.0
538008115,1714284166,-4.108517,-10.165017,99.0,0,1410.0
538008115,1714284245,-4.11145,-10.162667,99.0,0,1410.0
538008115,1714284405,-4.1173,-10.158,99.0,0,1400.0
538008115,1714284564,-4.123167,-10.153283,98.0,0,1400.0
538008115,1714284645,-4.125983,-10.15105,98.0,0,1410.0
538008115,1714284683,-4.127433,-10.149883,98.0,0,1410.0
538008115,1714284703,-4.12815,-10.1493,98.0,0,1410.0
538008115,1714284773,-4.130667,-10.147233,97.0,0,1400.0
538008115,1714285113,-4.1431,-10.137933,98.0,0,1440.0
538008115,1714285293,-4.14985,-10.133067,97.0,0,1430.0
538008115,1714285333,-4.151283,-10.132,97.0,0,1430.0
538008115,1714285382,-4.15315,-10.130633,97.0,0,1430.0
538008115,1714285915,-4.1731,-10.1166,97.0,0,1430.0
538008115,1714286016,-4.176783,-10.113967,98.0,0,1440.0
538008115,1714286172,-4.1829,-10.109667,99.0,0,1440.0
538008115,1714286255,-4.18595,-10.107517,98.0,0,1440.0
538008115,1714286435,-4.192783,-10.102717,99.0,0,1450.0
538008115,1714286514,-4.195867,-10.100483,98.0,0,1420.0
538008115,1714286545,-4.196933,-10.0996,98.0,0,1410.0
538008115,1714286606,-4.199083,-10.09785,98.0,0,1400.0
538008115,1714286634,-4.200167,-10.096967,99.0,0,1400.0
538008115,1714286866,-4.20845,-10.090333,98.0,0,1400.0
538008115,1714286968,-4.212117,-10.0874,98.0,0,1410.0
538008115,1714287044,-4.214983,-10.0851,99.0,0,1410.0
538008115,1714287164,-4.2193,-10.081567,99.0,0,1400.0
538008115,1714287171,-4.219617,-10.0813,99.0,0,1400.0
538008115,1714287235,-4.221767,-10.079533,99.0,0,1400.0
538008115,1714287355,-4.2261,-10.07595,98.0,0,1400.0
538008115,1714287395,-4.227533,-10.074767,98.0,0,1400.0
538008115,1714287474,-4.230367,-10.072383,98.0,0,1390.0
538008115,1714287594,-4.234567,-10.068783,98.0,0,1380.0
538008115,1714287634,-4.235983,-10.067567,99.0,0,1390.0
538008115,1714287983,-4.2485,-10.05735,98.0,0,1400.0
538008115,1714288004,-4.249283,-10.056683,98.0,0,1400.0
538008115,1714288204,-4.25645,-10.050717,101.0,0,1400.0
538008115,1714288263,-4.258667,-10.048983,101.0,0,1410.0
538008115,1714288375,-4.262767,-10.045783,100.0,0,1410.0
538008115,1714288482,-4.26685,-10.04265,100.0,0,1420.0
538008115,1714288545,-4.2691,-10.040917,100.0,0,1420.0
538008115,1714288633,-4.272533,-10.038333,100.0,0,1430.0
538008115,1714288784,-4.278133,-10.034133,100.0,0,1420.0
538008115,1714288934,-4.28375,-10.02975,101.0,0,1410.0
538008115,1714288985,-4.285583,-10.028333,101.0,0,1410.0
538008115,1714289210,-4.292333,-10.023117,100.0,0,1420.0
538008115,1714289347,-4.2991,-10.01795,100.0,0,1420.0
538008115,1714289393,-4.300967,-10.0165,100.0,0,1420.0
538008115,1714289762,-4.3146,-10.005683,101.0,0,1410.0
538008115,1714289782,-4.315333,-10.005083,99.0,0,1410.0
538008115,1714290113,-4.327517,-9.995317,101.0,0,1400.0
538008115,1714290164,-4.329367,-9.993833,101.0,0,1410.0
538008115,1714290296,-4.334167,-9.990083,100.0,0,1410.0
538008115,1714290444,-4.339683,-9.9858,99.0,0,1420.0
538008115,1714290624,-4.346283,-9.98055,99.0,0,1410.0
538008115,1714290697,-4.3489,-9.9785,100.0,0,1410.0
538008115,1714290935,-4.35775,-9.9716,100.0,0,1420.0
538008115,1714291034,-4.361467,-9.968683,100.0,0,1420.0
538008115,1714291184,-4.367,-9.964417,99.0,0,1420.0
538008115,1714291244,-4.3692,-9.962683,99.0,0,1410.0
538008115,1714291384,-4.374417,-9.958583,100.0,0,1420.0
538008115,1714291403,-4.375133,-9.958033,100.0,0,1420.0
538008115,1714291616,-4.383083,-9.9521,100.0,0,1430.0
538008115,1714291746,-4.387967,-9.948433,100.0,0,1430.0
538008115,1714291835,-4.3914,-9.945833,100.0,0,1420.0
538008115,1714291964,-4.396267,-9.9421,100.0,0,1420.0
538008115,1714292094,-4.401133,-9.938417,100.0,0,1420.0
538008115,1714292154,-4.4034,-9.9367,100.0,0,1420.0
538008115,1714292303,-4.409,-9.93245,101.0,0,1420.0
538008115,1714292454,-4.414733,-9.928133,101.0,0,1430.0
538008115,1714292704,-4.424233,-9.92105,101.0,0,1420.0
538008115,1714292843,-4.429483,-9.917017,100.0,0,1420.0
538008115,1714292932,-4.432817,-9.914417,100.0,0,1410.0
538008115,1714293043,-4.436933,-9.911233,100.0,0,1420.0
538008115,1714293134,-4.440283,-9.908717,100.0,0,1430.0
538008115,1714293195,-4.442567,-9.906967,100.0,0,1420.0
538008115,1714293314,-4.4471,-9.90355,100.0,0,1430.0
538008115,1714293623,-4.4586,-9.894683,100.0,0,1420.0
538008115,1714293963,-4.471283,-9.884867,100.0,0,1420.0
538008115,1714294044,-4.474383,-9.882483,101.0,0,1420.0
538008115,1714294064,-4.475133,-9.8819,101.0,0,1420.0
538008115,1714294174,-4.479183,-9.878783,101.0,0,1420.0
538008115,1714294206,-4.4803,-9.877933,100.0,0,1420.0
538008115,1714294275,-4.482983,-9.875883,100.0,0,1420.0
538008115,1714294343,-4.48555,-9.873933,101.0,0,1420.0
538008115,1714294364,-4.486417,-9.873283,100.0,0,1420.0
538008115,1714294485,-4.490917,-9.8699,100.0,0,1420.0
538008115,1714294607,-4.495383,-9.866417,100.0,0,1420.0
538008115,1714294746,-4.50055,-9.862333,100.0,0,1410.0
538008115,1714294904,-4.506433,-9.857717,100.0,0,1420.0
538008115,1714294913,-4.506767,-9.857467,100.0,0,1420.0
538008115,1714295173,-4.516633,-9.85005,100.0,0,1430.0
538008115,1714295255,-4.519717,-9.847817,100.0,0,1430.0
538008115,1714295431,-4.5264,-9.84265,100.0,0,1400.0
538008115,1714295622,-4.533383,-9.837017,100.0,0,1410.0
538008115,1714295703,-4.536367,-9.834617,100.0,0,1410.0
538008115,1714295817,-4.540417,-9.8313,100.0,0,1400.0
538008115,1714296183,-4.554083,-9.8203,100.0,0,1410.0
538008115,1714296516,-4.566183,-9.8104,101.0,0,1400.0
538008115,1714296822,-4.577667,-9.80125,100.0,0,1410.0
538008115,1714296935,-4.581767,-9.79795,100.0,0,1410.0
538008115,1714297163,-4.590117,-9.791183,100.0,0,1400.0
538008115,1714297366,-4.597717,-9.785317,100.0,0,1440.0
538008115,1714297820,-4.615333,-9.77275,100.0,0,1440.0
538008115,1714297842,-4.616183,-9.77215,100.0,0,1450.0
538008115,1714297901,-4.61845,-9.770533,100.0,0,1440.0
538008115,1714297902,-4.61845,-9.770533,100.0,0,1440.0
538008115,1714298011,-4.622633,-9.767483,100.0,0,1430.0
538008115,1714298012,-4.622633,-9.767483,100.0,0,1430.0
538008115,1714298030,-4.623367,-9.76695,99.0,0,1430.0
538008115,1714298061,-4.624533,-9.766067,99.0,0,1430.0
538008115,1714298062,-4.624533,-9.766067,99.0,0,1430.0
538008115,1714298121,-4.626817,-9.764333,100.0,0,1420.0
538008115,1714298125,-4.626817,-9.764333,100.0,0,1420.0
538008115,1714298131,-4.627183,-9.76405,100.0,0,1420.0
538008115,1714298140,-4.627483,-9.763833,99.0,0,1420.0
538008115,1714298151,-4.627867,-9.76355,100.0,0,1420.0
538008115,1714298161,-4.628283,-9.763233,100.0,0,1420.0
538008115,1714298162,-4.628283,-9.763233,100.0,0,1420.0
538008115,1714298192,-4.6294,-9.762367,99.0,0,1420.0
538008115,1714298221,-4.630533,-9.7615,100.0,0,1430.0
538008115,1714298230,-4.630833,-9.761283,100.0,0,1430.0
538008115,1714298252,-4.631667,-9.760667,100.0,0,1430.0
538008115,1714298260,-4.631967,-9.760433,100.0,0,1420.0
538008115,1714298270,-4.632383,-9.760133,99.0,0,1420.0
538008115,1714298271,-4.632383,-9.760133,99.0,0,1420.0
538008115,1714298281,-4.6328,-9.759817,99.0,0,1420.0
538008115,1714298282,-4.6328,-9.759817,99.0,0,1420.0
538008115,1714298291,-4.633183,-9.75955,99.0,0,1430.0
538008115,1714298292,-4.633183,-9.75955,99.0,0,1430.0
538008115,1714298415,-4.637733,-9.756167,100.0,0,1420.0
538008115,1714298464,-4.639583,-9.754717,100.0,0,1420.0
538008115,1714298653,-4.646617,-9.74915,101.0,0,1410.0
538008115,1714298716,-4.64885,-9.747383,101.0,0,1410.0
538008115,1714298895,-4.655633,-9.742067,102.0,0,1410.0
538008115,1714298954,-4.657917,-9.740317,101.0,0,1420.0
538008115,1714299404,-4.674883,-9.727017,102.0,0,1410.0
538008115,1714299555,-4.680567,-9.722483,103.0,0,1400.0
538008115,1714299665,-4.684633,-9.719133,103.0,0,1400.0
538008115,1714299922,-4.6944,-9.711183,103.0,0,1410.0
538008115,1714301125,-4.739583,-9.67475,104.0,0,1400.0
538008115,1714301313,-4.746817,-9.668983,104.0,0,1420.0
538008115,1714301454,-4.752183,-9.6649,104.0,0,1420.0
538008115,1714301746,-4.763517,-9.656517,103.0,0,1430.0
538008115,1714301825,-4.766617,-9.654233,104.0,0,1430.0
538008115,1714301915,-4.770133,-9.651683,103.0,0,1430.0
538008115,1714302075,-4.77635,-9.647117,103.0,0,1430.0
538008115,1714302292,-4.784767,-9.640917,103.0,0,1430.0
538008115,1714302352,-4.787117,-9.639183,103.0,0,1430.0
538008115,1714302374,-4.787933,-9.638567,103.0,0,1430.0
538008115,1714302506,-4.79295,-9.63485,103.0,0,1420.0
538008115,1714302604,-4.796733,-9.631883,103.0,0,1410.0
538008115,1714302815,-4.8046,-9.625583,103.0,0,1410.0
538008115,1714302924,-4.8087,-9.62235,103.0,0,1410.0
538008115,1714303321,-4.823917,-9.610433,103.0,0,1420.0
538008115,1714303422,-4.8278,-9.607483,103.0,0,1420.0
538008115,1714303431,-4.828133,-9.607233,103.0,0,1420.0
538008115,1714303433,-4.828133,-9.607233,103.0,0,1420.0
538008115,1714303441,-4.828517,-9.606933,103.0,0,1420.0
538008115,1714303442,-4.828517,-9.606933,103.0,0,1420.0
538008115,1714303452,-4.828933,-9.606617,104.0,0,1420.0
538008115,1714303482,-4.830033,-9.60575,104.0,0,1420.0
538008115,1714303502,-4.8308,-9.605167,104.0,0,1420.0
538008115,1714303521,-4.831533,-9.6046,104.0,0,1420.0
538008115,1714303542,-4.83235,-9.603983,104.0,0,1420.0
538008115,1714303562,-4.83315,-9.603367,104.0,0,1420.0
538008115,1714303571,-4.8335,-9.603117,104.0,0,1420.0
538008115,1714303572,-4.8335,-9.603117,104.0,0,1420.0
538008115,1714303581,-4.833883,-9.602817,104.0,0,1420.0
538008115,1714303590,-4.834217,-9.602567,104.0,0,1420.0
538008115,1714303591,-4.834217,-9.602567,104.0,0,1420.0
538008115,1714303611,-4.835017,-9.601933,104.0,0,1420.0
538008115,1714303622,-4.83545,-9.601617,104.0,0,1420.0
538008115,1714303631,-4.835783,-9.60135,104.0,0,1420.0
538008115,1714303632,-4.835783,-9.60135,104.0,0,1420.0
538008115,1714303636,-4.835783,-9.60135,104.0,0,1420.0
538008115,1714303650,-4.836517,-9.600767,104.0,0,1420.0
538008115,1714303651,-4.836517,-9.600767,104.0,0,1420.0
538008115,1714303662,-4.83695,-9.600433,105.0,0,1420.0
538008115,1714303691,-4.838117,-9.599533,104.0,0,1420.0
538008115,1714303692,-4.838117,-9.599533,104.0,0,1420.0
538008115,1714303700,-4.838433,-9.599283,104.0,0,1420.0
538008115,1714303710,-4.83885,-9.59895,104.0,0,1420.0
538008115,1714303711,-4.83885,-9.59895,104.0,0,1420.0
538008115,1714303713,-4.83885,-9.59895,104.0,0,1420.0
538008115,1714303722,-4.839317,-9.5986,104.0,0,1420.0
538008115,1714303731,-4.839667,-9.598333,104.0,0,1420.0
538008115,1714303732,-4.839667,-9.598333,104.0,0,1420.0
538008115,1714303751,-4.840433,-9.59775,105.0,0,1420.0
538008115,1714303752,-4.840433,-9.59775,105.0,0,1420.0
538008115,1714303782,-4.841583,-9.596867,105.0,0,1420.0
538008115,1714303792,-4.841983,-9.596567,105.0,0,1420.0
538008115,1714303802,-4.842367,-9.596267,105.0,0,1420.0
538008115,1714303811,-4.842767,-9.595967,105.0,0,1420.0
538008115,1714303812,-4.842767,-9.595967,105.0,0,1420.0
538008115,1714303831,-4.843533,-9.595367,105.0,0,1420.0
538008115,1714303832,-4.843533,-9.595367,105.0,0,1420.0
538008115,1714303841,-4.843883,-9.595083,105.0,0,1420.0
538008115,1714303850,-4.84425,-9.594817,105.0,0,1420.0
538008115,1714303954,-4.8482,-9.591783,105.0,0,1410.0
538008115,1714304083,-4.853183,-9.5879,105.0,0,1420.0
538008115,1714304186,-4.8571,-9.584867,105.0,0,1420.0
538008115,1714304251,-4.85975,-9.5828,104.0,0,1420.0
538008115,1714304405,-4.8655,-9.578233,105.0,0,1410.0
538008115,1714305137,-4.893783,-9.556033,106.0,0,1420.0
538008115,1714305224,-4.8973,-9.55335,106.0,0,1420.0
538008115,1714305303,-4.900433,-9.551,105.0,0,1430.0
538008115,1714305533,-4.9094,-9.5441,106.0,0,1420.0
538008115,1714305583,-4.91135,-9.5426,106.0,0,1420.0
538008115,1714305664,-4.914517,-9.540233,106.0,0,1430.0
538008115,1714305775,-4.918833,-9.536983,106.0,0,1430.0
538008115,1714305832,-4.9212,-9.5352,106.0,0,1420.0
538008115,1714306735,-4.95605,-9.50845,104.0,0,1410.0
538008115,1714306802,-4.958717,-9.506383,103.0,0,1420.0
538008115,1714306904,-4.9625,-9.5034,103.0,0,1410.0
538008115,1714307043,-4.9678,-9.499233,103.0,0,1410.0
538008115,1714307084,-4.969283,-9.498067,103.0,0,1410.0
538008115,1714307144,-4.97155,-9.496267,103.0,0,1410.0
538008115,1714307325,-4.9784,-9.4909,103.0,0,1410.0
538008115,1714307435,-4.98255,-9.487617,103.0,0,1410.0
538008115,1714307583,-4.988267,-9.483083,103.0,0,1410.0
538008115,1714307784,-4.99585,-9.477117,104.0,0,1420.0
538008115,1714307894,-5.000033,-9.473833,103.0,0,1410.0
538008115,1714308076,-5.006867,-9.468417,103.0,0,1410.0
538008115,1714308222,-5.012517,-9.464,103.0,0,1420.0
538008115,1714308874,-5.037433,-9.444833,103.0,0,1420.0
538008115,1714308993,-5.042,-9.441383,103.0,0,1430.0
538008115,1714309293,-5.053467,-9.432617,102.0,0,1420.0
538008115,1714309593,-5.06485,-9.4239,102.0,0,1420.0
538008115,1714309933,-5.077783,-9.414033,102.0,0,1420.0
538008115,1714310053,-5.0823,-9.410567,102.0,0,1420.0
538008115,1714310163,-5.086483,-9.407383,102.0,0,1420.0
538008115,1714310885,-5.113833,-9.38665,102.0,0,1420.0
538008115,1714311106,-5.122283,-9.380233,103.0,0,1430.0
538008115,1714311373,-5.1326,-9.372433,103.0,0,1420.0
538008115,1714312016,-5.156967,-9.353517,103.0,0,1410.0
538008115,1714312066,-5.158933,-9.35195,104.0,0,1410.0
538008115,1714312106,-5.160417,-9.350767,104.0,0,1410.0
538008115,1714312322,-5.168833,-9.344217,103.0,0,1410.0
538008115,1714312405,-5.17185,-9.341817,103.0,0,1410.0
538008115,1714312565,-5.177883,-9.337033,103.0,0,1410.0
538008115,1714312595,-5.178983,-9.336167,103.0,0,1410.0
538008115,1714312785,-5.186133,-9.330417,104.0,0,1410.0
538008115,1714312986,-5.193733,-9.324317,104.0,0,1410.0
538008115,1714313126,-5.199033,-9.320117,105.0,0,1410.0
538008115,1714313244,-5.203617,-9.31645,105.0,0,1400.0
538008115,1714313513,-5.21385,-9.30825,104.0,0,1400.0
538008115,1714313553,-5.215383,-9.307,104.0,0,1410.0
538008115,1714313803,-5.224783,-9.299483,104.0,0,1400.0
538008115,1714313903,-5.228617,-9.296383,104.0,0,1400.0
538008115,1714314043,-5.23395,-9.292183,104.0,0,1420.0
538008115,1714314325,-5.2447,-9.283783,104.0,0,1410.0
538008115,1714314345,-5.245417,-9.283217,104.0,0,1420.0
538008115,1714314385,-5.246983,-9.281983,104.0,0,1420.0
538008115,1714314844,-5.264467,-9.268167,104.0,0,1410.0
538008115,1714315034,-5.2717,-9.2625,103.0,0,1420.0
538008115,1714315285,-5.281217,-9.255033,104.0,0,1410.0
538008115,1714315452,-5.287717,-9.249983,103.0,0,1420.0
538008115,1714315514,-5.290033,-9.248217,104.0,0,1420.0
538008115,1714315624,-5.29425,-9.245033,103.0,0,1430.0
538008115,1714315934,-5.306167,-9.236117,103.0,0,1430.0
538008115,1714316016,-5.3093,-9.233783,103.0,0,1430.0
538008115,1714316166,-5.315067,-9.229467,103.0,0,1430.0
538008115,1714316383,-5.32345,-9.2231,103.0,0,1420.0
538008115,1714316755,-5.33765,-9.212233,104.0,0,1420.0
538008115,1714316886,-5.342667,-9.20845,103.0,0,1420.0
538008115,1714317015,-5.34765,-9.2046,103.0,0,1420.0
538008115,1714317114,-5.351467,-9.20175,104.0,0,1430.0
538008115,1714317196,-5.354533,-9.199433,104.0,0,1430.0
538008115,1714317284,-5.358,-9.196767,104.0,0,1420.0
538008115,1714317445,-5.364133,-9.191983,103.0,0,1420.0
538008115,1714317615,-5.370483,-9.187067,103.0,0,1410.0
538008115,1714317803,-5.377717,-9.181483,102.0,0,1420.0
538008115,1714317864,-5.379933,-9.179733,102.0,0,1420.0
538008115,1714318144,-5.390567,-9.17155,102.0,0,1420.0
538008115,1714318186,-5.3921,-9.17035,102.0,0,1420.0
538008115,1714318223,-5.393617,-9.169167,102.0,0,1420.0
538008115,1714318232,-5.393967,-9.1689,102.0,0,1420.0
538008115,1714318357,-5.3985,-9.165433,102.0,0,1420.0
538008115,1714318652,-5.4098,-9.156733,102.0,0,1430.0
538008115,1714318812,-5.4159,-9.152017,102.0,0,1410.0
538008115,1714318954,-5.421167,-9.1479,102.0,0,1420.0
538008115,1714319093,-5.426517,-9.143817,103.0,0,1420.0
538008115,1714319213,-5.431033,-9.1403,103.0,0,1410.0
538008115,1714319494,-5.4417,-9.132083,103.0,0,1420.0
538008115,1714319761,-5.45195,-9.12415,103.0,0,1420.0
538008115,1714319822,-5.454233,-9.122383,103.0,0,1410.0
538008115,1714319833,-5.454617,-9.122083,103.0,0,1410.0
538008115,1714319886,-5.456533,-9.120567,103.0,0,1410.0
538008115,1714319985,-5.460233,-9.117583,103.0,0,1410.0
538008115,1714320113,-5.4651,-9.1137,102.0,0,1410.0
538008115,1714320203,-5.468467,-9.11105,102.0,0,1410.0
538008115,1714320454,-5.4778,-9.103567,102.0,0,1410.0
538008115,1714320566,-5.48195,-9.100317,103.0,0,1410.0
538008115,1714320626,-5.484183,-9.098533,103.0,0,1410.0
538008115,1714320746,-5.4887,-9.094967,103.0,0,1410.0
538008115,1714320806,-5.491,-9.093167,103.0,0,1410.0
538008115,1714320824,-5.491717,-9.092617,103.0,0,1410.0
538008115,1714320974,-5.497383,-9.088233,103.0,0,1410.0
538008115,1714321032,-5.4996,-9.086467,103.0,0,1410.0
538008115,1714321123,-5.503033,-9.08375,103.0,0,1410.0
538008115,1714321582,-5.5205,-9.070233,103.0,0,1410.0
538008115,1714321722,-5.5258,-9.066117,103.0,0,1420.0
538008115,1714321883,-5.53185,-9.061467,102.0,0,1420.0
538008115,1714321896,-5.532233,-9.061167,103.0,0,1420.0
538008115,1714322154,-5.542033,-9.05345,102.0,0,1410.0
538008115,1714322226,-5.5446,-9.051383,102.0,0,1410.0
538008115,1714322261,-5.546083,-9.050233,102.0,0,1420.0
538008115,1714322423,-5.552083,-9.045617,102.0,0,1420.0
538008115,1714322484,-5.5544,-9.043833,102.0,0,1420.0
538008115,1714322634,-5.560067,-9.039417,102.0,0,1410.0
538008115,1714322687,-5.561933,-9.03795,102.0,0,1410.0
538008115,1714322777,-5.56525,-9.03535,102.0,0,1410.0
538008115,1714322843,-5.567883,-9.0333,102.0,0,1420.0
538008115,1714323023,-5.574717,-9.028033,102.0,0,1420.0
538008115,1714323145,-5.579233,-9.024517,102.0,0,1410.0
538008115,1714323423,-5.5896,-9.016283,101.0,0,1410.0
538008115,1714323463,-5.591033,-9.01515,101.0,0,1410.0
538008115,1714323663,-5.598433,-9.0092,101.0,0,1410.0
538008115,1714323843,-5.604967,-9.003933,101.0,0,1410.0
538008115,1714323973,-5.609767,-9.00015,101.0,0,1410.0
538008115,1714324146,-5.616083,-8.995133,101.0,0,1410.0
538008115,1714324255,-5.620133,-8.991967,101.0,0,1420.0
538008115,1714324504,-5.62935,-8.984583,101.0,0,1400.0
538008115,1714324626,-5.6337,-8.98105,101.0,0,1400.0
538008115,1714324762,-5.638833,-8.9769,101.0,0,1410.0
538008115,1714324795,-5.639917,-8.97605,101.0,0,1410.0
538008115,1714325024,-5.648467,-8.969267,101.0,0,1410.0
538008115,1714325045,-5.649167,-8.968717,102.0,0,1410.0
538008115,1714325204,-5.6551,-8.963983,102.0,0,1410.0
538008115,1714325274,-5.657717,-8.961883,102.0,0,1410.0
538008115,1714325406,-5.662583,-8.95805,102.0,0,1410.0
538008115,1714325534,-5.667483,-8.954233,102.0,0,1430.0
538008115,1714325595,-5.6698,-8.95255,102.0,0,1440.0
538008115,1714325615,-5.670533,-8.952017,102.0,0,1440.0
538008115,1714325733,-5.6752,-8.948767,102.0,0,1440.0
538008115,1714326623,-5.709183,-8.923833,101.0,0,1430.0
538008115,1714327074,-5.72595,-8.910833,100.0,0,1410.0
538008115,1714327144,-5.7285,-8.9088,100.0,0,1410.0
538008115,1714327716,-5.749483,-8.8924,101.0,0,1420.0
538008115,1714327775,-5.751733,-8.89065,101.0,0,1420.0
538008115,1714328164,-5.766283,-8.879467,101.0,0,1420.0
538008115,1714328285,-5.770767,-8.875967,101.0,0,1420.0
538008115,1714328482,-5.778233,-8.870283,101.0,0,1430.0
538008115,1714328563,-5.781283,-8.868,101.0,0,1420.0
538008115,1714328765,-5.788867,-8.862233,102.0,0,1420.0
538008115,1714328885,-5.7934,-8.85875,102.0,0,1420.0
538008115,1714328913,-5.794467,-8.8579,102.0,0,1420.0
538008115,1714329006,-5.79795,-8.8552,102.0,0,1420.0
538008115,1714329043,-5.799433,-8.854067,102.0,0,1420.0
538008115,1714329155,-5.8036,-8.8509,102.0,0,1420.0
538008115,1714329565,-5.818917,-8.838767,102.0,0,1410.0
538008115,1714329625,-5.821117,-8.837017,102.0,0,1410.0
538008115,1714329701,-5.824083,-8.834683,102.0,0,1410.0
538008115,1714329754,-5.825983,-8.833167,102.0,0,1410.0
538008115,1714329883,-5.830783,-8.82925,102.0,0,1400.0
538008115,1714330074,-5.837883,-8.8235,102.0,0,1410.0
538008115,1714330244,-5.844183,-8.818417,102.0,0,1410.0
538008115,1714330732,-5.862633,-8.8043,102.0,0,1420.0
538008115,1714330753,-5.8634,-8.803733,102.0,0,1420.0
538008115,1714330823,-5.866133,-8.801667,102.0,0,1430.0
538008115,1714330895,-5.868767,-8.7997,102.0,0,1430.0
538008115,1714330975,-5.871833,-8.7974,102.0,0,1430.0
538008115,1714331075,-5.8757,-8.79455,102.0,0,1430.0
538008115,1714331554,-5.893983,-8.7808,102.0,0,1430.0
538008115,1714331626,-5.896667,-8.778783,102.0,0,1420.0
538008115,1714331815,-5.90375,-8.7733,101.0,0,1410.0
538008115,1714331855,-5.905267,-8.772133,102.0,0,1420.0
538008115,1714332064,-5.913067,-8.765967,101.0,0,1400.0
538008115,1714332214,-5.91855,-8.761517,101.0,0,1400.0
538008115,1714332225,-5.918983,-8.761167,101.0,0,1400.0
538008115,1714332293,-5.921567,-8.759067,101.0,0,1410.0
538008115,1714332435,-5.92675,-8.7549,101.0,0,1400.0
538008115,1714332544,-5.930833,-8.7516,102.0,0,1400.0
538008115,1714332572,-5.9319,-8.750733,102.0,0,1410.0
538008115,1714332665,-5.935267,-8.748,102.0,0,1400.0
538008115,1714332794,-5.94005,-8.744117,103.0,0,1400.0
538008115,1714332974,-5.946717,-8.73875,102.0,0,1400.0
538008115,1714333028,-5.948617,-8.737217,102.0,0,1400.0
538008115,1714333044,-5.949317,-8.73665,102.0,0,1400.0
538008115,1714333304,-5.95895,-8.72885,102.0,0,1400.0
538008115,1714333394,-5.96225,-8.726233,102.0,0,1410.0
538008115,1714333494,-5.965967,-8.723283,102.0,0,1410.0
538008115,1714333612,-5.970467,-8.719867,102.0,0,1420.0
538008115,1714333885,-5.980783,-8.71215,101.0,0,1430.0
538008115,1714334016,-5.985717,-8.7085,101.0,0,1430.0
538008115,1714334021,-5.986017,-8.708267,101.0,0,1430.0
538008115,1714334145,-5.990617,-8.704883,101.0,0,1430.0
538008115,1714334493,-6.003817,-8.695167,100.0,0,1430.0
538008115,1714334776,-6.014267,-8.687333,99.0,0,1420.0
538008115,1714335254,-6.031767,-8.67395,98.0,0,1410.0
538008115,1714335422,-6.037867,-8.669233,98.0,0,1410.0
538008115,1714335456,-6.039017,-8.668317,98.0,0,1410.0
538008115,1714335483,-6.040067,-8.6675,98.0,0,1410.0
538008115,1714335545,-6.04225,-8.665817,97.0,0,1420.0
538008115,1714335624,-6.04515,-8.663583,97.0,0,1420.0
538008115,1714335903,-6.055367,-8.655633,99.0,0,1420.0
538008115,1714336103,-6.062617,-8.65005,98.0,0,1420.0
538008115,1714336204,-6.066317,-8.647167,99.0,0,1420.0
538008115,1714336444,-6.075033,-8.640433,98.0,0,1410.0
538008115,1714336534,-6.078267,-8.63785,99.0,0,1410.0
538008115,1714336973,-6.094233,-8.625533,98.0,0,1420.0
538008115,1714337554,-6.11515,-8.609267,98.0,0,1420.0
538008115,1714337622,-6.117683,-8.6073,98.0,0,1410.0
538008115,1714337703,-6.120567,-8.605067,98.0,0,1420.0
538008115,1714337795,-6.123883,-8.602533,97.0,0,1420.0
538008115,1714338052,-6.133383,-8.595217,98.0,0,1420.0
538008115,1714338106,-6.135233,-8.593833,97.0,0,1420.0
538008115,1714338296,-6.142133,-8.58845,98.0,0,1420.0
538008115,1714338507,-6.149733,-8.58235,99.0,0,1400.0
538008115,1714338673,-6.15585,-8.577567,99.0,0,1420.0
538008115,1714338763,-6.15915,-8.575033,99.0,0,1420.0
538008115,1714338974,-6.166867,-8.569,99.0,0,1420.0
538008115,1714339094,-6.171267,-8.565567,99.0,0,1410.0
538008115,1714339574,-6.188917,-8.551917,98.0,0,1420.0
538008115,1714339842,-6.198883,-8.54415,99.0,0,1410.0
538008115,1714339852,-6.19925,-8.54385,100.0,0,1420.0
538008115,1714339902,-6.20105,-8.542483,98.0,0,1420.0
538008115,1714339942,-6.2025,-8.54135,99.0,0,1410.0
538008115,1714339962,-6.203217,-8.5408,98.0,0,1410.0
538008115,1714339982,-6.203967,-8.540183,98.0,0,1410.0
538008115,1714339992,-6.20435,-8.539883,98.0,0,1420.0
538008115,1714340103,-6.208267,-8.53685,99.0,0,1410.0
538008115,1714340585,-6.225867,-8.5232,99.0,0,1420.0
538008115,1714340725,-6.23105,-8.51915,100.0,0,1420.0
538008115,1714340896,-6.237333,-8.514283,100.0,0,1420.0
538008115,1714341096,-6.244667,-8.5086,100.0,0,1420.0
538008115,1714341604,-6.26335,-8.494017,100.0,0,1410.0
538008115,1714341686,-6.266367,-8.491683,99.0,0,1410.0
538008115,1714341804,-6.27075,-8.488217,100.0,0,1400.0
538008115,1714341833,-6.271767,-8.4874,100.0,0,1400.0
538008115,1714341892,-6.273917,-8.48575,100.0,0,1420.0
538008115,1714342014,-6.278333,-8.48225,100.0,0,1410.0
538008115,1714342163,-6.283783,-8.477917,99.0,0,1410.0
538008115,1714342214,-6.285633,-8.476483,99.0,0,1410.0
538008115,1714342304,-6.288917,-8.4739,99.0,0,1410.0
538008115,1714342573,-6.29875,-8.466117,99.0,0,1410.0
538008115,1714342646,-6.301333,-8.464133,99.0,0,1400.0
538008115,1714342805,-6.307067,-8.4594,99.0,0,1390.0
538008115,1714342863,-6.3092,-8.457667,99.0,0,1400.0
538008115,1714343087,-6.317067,-8.451217,99.0,0,1400.0
538008115,1714343621,-6.336567,-8.435783,98.0,0,1420.0
538008115,1714343825,-6.343817,-8.4301,98.0,0,1410.0
538008115,1714343914,-6.347117,-8.4275,98.0,0,1410.0
538008115,1714343943,-6.348167,-8.426683,98.0,0,1410.0
538008115,1714344005,-6.350283,-8.425,99.0,0,1410.0
538008115,1714344516,-6.36905,-8.410633,98.0,0,1420.0
538008115,1714344525,-6.369383,-8.410383,98.0,0,1420.0
538008115,1714344712,-6.376267,-8.405117,98.0,0,1430.0
538008115,1714344893,-6.382783,-8.400167,97.0,0,1430.0
538008115,1714345053,-6.388633,-8.395783,97.0,0,1420.0
538008115,1714345085,-6.389717,-8.394967,97.0,0,1420.0
538008115,1714345271,-6.39655,-8.389733,97.0,0,1430.0
538008115,1714345290,-6.397267,-8.389183,97.0,0,1430.0
538008115,1714345291,-6.397267,-8.389183,97.0,0,1430.0
538008115,1714345311,-6.398033,-8.388633,96.0,0,1430.0
538008115,1714345331,-6.39875,-8.388083,97.0,0,1430.0
538008115,1714345332,-6.39875,-8.388083,97.0,0,1430.0
538008115,1714345340,-6.39905,-8.387867,97.0,0,1430.0
538008115,1714345350,-6.399433,-8.387567,97.0,0,1420.0
538008115,1714345351,-6.399433,-8.387567,97.0,0,1420.0
538008115,1714345371,-6.400167,-8.387033,97.0,0,1430.0
538008115,1714345382,-6.40055,-8.386733,96.0,0,1430.0
538008115,1714345392,-6.400883,-8.386483,96.0,0,1430.0
538008115,1714345400,-6.4012,-8.386233,96.0,0,1430.0
538008115,1714345411,-6.401567,-8.385967,96.0,0,1430.0
538008115,1714345420,-6.401967,-8.385667,96.0,0,1420.0
538008115,1714345421,-6.401967,-8.385667,96.0,0,1420.0
538008115,1714345431,-6.40235,-8.385367,96.0,0,1430.0
538008115,1714345441,-6.40275,-8.385067,96.0,0,1430.0
538008115,1714345451,-6.403083,-8.384817,96.0,0,1430.0
538008115,1714345460,-6.403417,-8.384583,96.0,0,1430.0
538008115,1714345461,-6.403417,-8.384583,96.0,0,1430.0
538008115,1714345470,-6.403767,-8.3843,96.0,0,1420.0
538008115,1714345471,-6.403767,-8.3843,96.0,0,1420.0
538008115,1714345473,-6.403767,-8.3843,96.0,0,1420.0
538008115,1714345490,-6.404483,-8.38375,96.0,0,1420.0
538008115,1714345491,-6.404483,-8.38375,96.0,0,1420.0
538008115,1714345501,-6.404883,-8.38345,96.0,0,1420.0
538008115,1714345502,-6.404883,-8.38345,96.0,0,1420.0
538008115,1714345520,-6.405533,-8.382967,96.0,0,1420.0
538008115,1714345530,-6.405933,-8.38265,96.0,0,1420.0
538008115,1714345531,-6.405933,-8.38265,96.0,0,1420.0
538008115,1714345540,-6.406283,-8.382383,96.0,0,1420.0
538008115,1714345541,-6.406283,-8.382383,96.0,0,1420.0
538008115,1714345561,-6.407033,-8.3818,96.0,0,1420.0
538008115,1714345562,-6.407033,-8.3818,96.0,0,1420.0
538008115,1714345571,-6.407433,-8.3815,97.0,0,1420.0
538008115,1714345572,-6.407433,-8.3815,97.0,0,1420.0
538008115,1714345583,-6.407717,-8.381283,97.0,0,1420.0
538008115,1714345631,-6.40955,-8.379867,96.0,0,1420.0
538008115,1714345632,-6.40955,-8.379867,96.0,0,1420.0
538008115,1714345670,-6.41095,-8.3788,97.0,0,1420.0
538008115,1714345682,-6.411333,-8.3785,97.0,0,1420.0
538008115,1714345691,-6.4117,-8.378233,97.0,0,1420.0
538008115,1714345692,-6.4117,-8.378233,97.0,0,1420.0
538008115,1714345770,-6.414533,-8.376067,96.0,0,1420.0
538008115,1714345771,-6.414533,-8.376067,96.0,0,1420.0
538008115,1714345802,-6.415633,-8.375233,96.0,0,1420.0
538008115,1714345871,-6.41815,-8.373317,96.0,0,1420.0
538008115,1714346235,-6.431117,-8.3634,98.0,0,1430.0
538008115,1714346322,-6.434283,-8.361,97.0,0,1420.0
538008115,1714346406,-6.437283,-8.358733,98.0,0,1430.0
538008115,1714346653,-6.446433,-8.3518,98.0,0,1420.0
538008115,1714347155,-6.464667,-8.33755,99.0,0,1410.0
538008115,1714347325,-6.470783,-8.33265,99.0,0,1410.0
538008115,1714347355,-6.471883,-8.331767,99.0,0,1410.0
538008115,1714347583,-6.480117,-8.32515,99.0,0,1410.0
538008115,1714347655,-6.4827,-8.323117,99.0,0,1410.0
538008115,1714347883,-6.4909,-8.316483,98.0,0,1410.0
538008115,1714347923,-6.492333,-8.315317,98.0,0,1400.0
538008115,1714348133,-6.499867,-8.309283,98.0,0,1410.0
538008115,1714348405,-6.5095,-8.301567,98.0,0,1420.0
538008115,1714348474,-6.51215,-8.299517,99.0,0,1420.0
538008115,1714348595,-6.516533,-8.296183,99.0,0,1420.0
538008115,1714348693,-6.520217,-8.293367,99.0,0,1420.0
538008115,1714349044,-6.533083,-8.283483,99.0,0,1420.0
538008115,1714349095,-6.535033,-8.282017,99.0,0,1420.0
538008115,1714349343,-6.5442,-8.27505,100.0,0,1420.0
538008115,1714349466,-6.5486,-8.2716,100.0,0,1410.0
538008115,1714349504,-6.550067,-8.27045,100.0,0,1420.0
538008115,1714349635,-6.554817,-8.266717,100.0,0,1410.0
538008115,1714349815,-6.561467,-8.26145,100.0,0,1410.0
538008115,1714350545,-6.588233,-8.24045,100.0,0,1430.0
538008115,1714351265,-6.615467,-8.220017,101.0,0,1430.0
538008115,1714351944,-6.640933,-8.201017,100.0,0,1420.0
538008115,1714352192,-6.650283,-8.194067,100.0,0,1420.0
538008115,1714352464,-6.6606,-8.186433,102.0,0,1430.0
538008115,1714352557,-6.664067,-8.183883,102.0,0,1430.0
538008115,1714353165,-6.68725,-8.166533,101.0,0,1420.0
538008115,1714353425,-6.69675,-8.158917,101.0,0,1400.0
538008115,1714353492,-6.699283,-8.156817,100.0,0,1400.0
538008115,1714354057,-6.719517,-8.1399,101.0,0,1400.0
538008115,1714354104,-6.721283,-8.138433,101.0,0,1400.0
538008115,1714354153,-6.723067,-8.136983,100.0,0,1400.0
538008115,1714354384,-6.731467,-8.129967,101.0,0,1390.0
538008115,1714354463,-6.734333,-8.127567,101.0,0,1400.0
538008115,1714354665,-6.741683,-8.121517,102.0,0,1400.0
538008115,1714354723,-6.743867,-8.119733,101.0,0,1400.0
538008115,1714354844,-6.748217,-8.116133,101.0,0,1400.0
538008115,1714355325,-6.76605,-8.101983,102.0,0,1420.0
538008115,1714355383,-6.7683,-8.1003,102.0,0,1420.0
538008115,1714355515,-6.773283,-8.096483,100.0,0,1420.0
538008115,1714355642,-6.77805,-8.0927,101.0,0,1410.0
538008115,1714355701,-6.780267,-8.090933,101.0,0,1410.0
538008115,1714355763,-6.7825,-8.089167,101.0,0,1410.0
538008115,1714355863,-6.786283,-8.0862,101.0,0,1410.0
538008115,1714356225,-6.799367,-8.07555,100.0,0,1400.0
538008115,1714356283,-6.80155,-8.073717,101.0,0,1400.0
538008115,1714356552,-6.811417,-8.06575,100.0,0,1420.0
538008115,1714356745,-6.818433,-8.060267,100.0,0,1410.0
538008115,1714356803,-6.820667,-8.05855,100.0,0,1420.0
538008115,1714356944,-6.825933,-8.054533,101.0,0,1420.0
538008115,1714357003,-6.828133,-8.05285,100.0,0,1420.0
538008115,1714357124,-6.8326,-8.04945,100.0,0,1420.0
538008115,1714357223,-6.8363,-8.046567,100.0,0,1420.0
538008115,1714357353,-6.84105,-8.04285,101.0,0,1410.0
538008115,1714357564,-6.84895,-8.036733,101.0,0,1420.0
538008115,1714357593,-6.850067,-8.03585,101.0,0,1420.0
538008115,1714357714,-6.854567,-8.032333,101.0,0,1420.0
538008115,1714357776,-6.856817,-8.030617,102.0,0,1420.0
538008115,1714357993,-6.865067,-8.024417,101.0,0,1420.0
538008115,1714358053,-6.867333,-8.022667,101.0,0,1420.0
538008115,1714358096,-6.86885,-8.0215,101.0,0,1420.0
538008115,1714358135,-6.8704,-8.02035,101.0,0,1430.0
538008115,1714358165,-6.8715,-8.019517,101.0,0,1430.0
538008115,1714358284,-6.876067,-8.0161,100.0,0,1430.0
538008115,1714358442,-6.882,-8.011567,101.0,0,1420.0
538008115,1714358635,-6.889083,-8.006117,101.0,0,1420.0
538008115,1714358753,-6.893567,-8.002717,100.0,0,1430.0
538008115,1714358815,-6.8958,-8.001,100.0,0,1420.0
538008115,1714358864,-6.897667,-7.999583,100.0,0,1420.0
538008115,1714358873,-6.898083,-7.99925,100.0,0,1420.0
538008115,1714358892,-6.898783,-7.998717,100.0,0,1420.0
538008115,1714358983,-6.90215,-7.9962,100.0,0,1430.0
538008115,1714359083,-6.905883,-7.9934,99.0,0,1430.0
538008115,1714359216,-6.910683,-7.989617,100.0,0,1410.0
538008115,1714359274,-6.91285,-7.987867,100.0,0,1410.0
538008115,1714359344,-6.915433,-7.985783,100.0,0,1400.0
538008115,1714359477,-6.920083,-7.982,100.0,0,1410.0
538008115,1714359684,-6.927633,-7.975883,99.0,0,1410.0
538008115,1714359974,-6.938217,-7.967483,99.0,0,1410.0
538008115,1714359995,-6.938883,-7.966933,99.0,0,1410.0
538008115,1714360175,-6.945333,-7.96165,99.0,0,1400.0
538008115,1714360315,-6.950367,-7.9575,99.0,0,1400.0
538008115,1714360442,-6.955033,-7.953717,99.0,0,1410.0
538008115,1714360512,-6.957617,-7.951667,99.0,0,1410.0
538008115,1714360586,-6.960183,-7.94965,99.0,0,1410.0
538008115,1714361033,-6.976517,-7.936533,100.0,0,1410.0
538008115,1714361114,-6.979433,-7.934233,100.0,0,1410.0
538008115,1714361353,-6.98845,-7.9275,101.0,0,1430.0
538008115,1714361435,-6.991533,-7.9253,101.0,0,1440.0
538008115,1714361513,-6.994567,-7.923067,101.0,0,1430.0
538008115,1714361625,-6.998783,-7.92,100.0,0,1440.0
538008115,1714361734,-7.002883,-7.916933,100.0,0,1420.0
538008115,1714362084,-7.016117,-7.907117,100.0,0,1430.0
538008115,1714362173,-7.01945,-7.90465,101.0,0,1430.0
538008115,1714362284,-7.02365,-7.9015,100.0,0,1420.0
538008115,1714362623,-7.036517,-7.892,100.0,0,1440.0
538008115,1714362712,-7.039833,-7.8895,99.0,0,1420.0
538008115,1714363013,-7.050933,-7.88095,100.0,0,1410.0
538008115,1714363245,-7.0595,-7.874217,100.0,0,1410.0
538008115,1714363314,-7.062033,-7.8722,101.0,0,1410.0
538008115,1714363822,-7.08105,-7.857317,101.0,0,1410.0
538008115,1714363892,-7.083683,-7.855233,101.0,0,1410.0
538008115,1714363953,-7.085933,-7.853467,101.0,0,1420.0
538008115,1714364223,-7.096017,-7.8456,101.0,0,1420.0
538008115,1714364373,-7.1017,-7.8412,100.0,0,1420.0
538008115,1714364493,-7.106183,-7.8377,100.0,0,1420.0
538008115,1714364727,-7.114817,-7.830983,100.0,0,1410.0
538008115,1714364906,-7.121533,-7.825717,100.0,0,1420.0
538008115,1714365013,-7.1256,-7.822583,101.0,0,1420.0
538008115,1714365105,-7.12905,-7.81995,100.0,0,1420.0
538008115,1714365604,-7.147683,-7.805533,101.0,0,1420.0
538008115,1714365745,-7.152867,-7.8015,100.0,0,1420.0
538008115,1714365805,-7.155067,-7.7998,100.0,0,1420.0
538008115,1714365974,-7.161433,-7.794833,100.0,0,1420.0
538008115,1714366635,-7.185467,-7.775583,100.0,0,1410.0
538008115,1714366683,-7.187233,-7.774167,99.0,0,1400.0
538008115,1714366814,-7.192017,-7.770383,100.0,0,1410.0
538008115,1714366903,-7.195267,-7.7678,100.0,0,1400.0
538008115,1714367045,-7.2004,-7.763683,100.0,0,1410.0
538008115,1714367274,-7.2088,-7.757,100.0,0,1410.0
538008115,1714367444,-7.21505,-7.752117,100.0,0,1410.0
538008115,1714367604,-7.220933,-7.747583,99.0,0,1410.0
538008115,1714367824,-7.229117,-7.7412,101.0,0,1410.0
538008115,1714367885,-7.231367,-7.7395,100.0,0,1420.0
538008115,1714368427,-7.25155,-7.723783,101.0,0,1420.0
538008115,1714368462,-7.252983,-7.722683,101.0,0,1420.0
538008115,1714368748,-7.2635,-7.714417,101.0,0,1420.0
538008115,1714368824,-7.266433,-7.712133,101.0,0,1420.0
538008115,1714368915,-7.269783,-7.7096,102.0,0,1420.0
538008115,1714368945,-7.27095,-7.7087,102.0,0,1420.0
538008115,1714368972,-7.27205,-7.70785,101.0,0,1420.0
538008115,1714369055,-7.2751,-7.705467,101.0,0,1420.0
538008115,1714369124,-7.27775,-7.703417,101.0,0,1410.0
538008115,1714369267,-7.283,-7.6993,102.0,0,1420.0
538008115,1714369273,-7.283317,-7.699033,102.0,0,1410.0
538008115,1714369294,-7.284033,-7.698467,102.0,0,1420.0
538008115,1714369434,-7.289283,-7.694383,101.0,0,1420.0
538008115,1714369573,-7.294633,-7.690267,101.0,0,1420.0
538008115,1714370017,-7.311033,-7.67725,102.0,0,1420.0
538008115,1714370144,-7.3159,-7.67345,102.0,0,1420.0
538008115,1714370285,-7.321267,-7.669383,103.0,0,1430.0
538008115,1714370414,-7.326283,-7.665617,102.0,0,1420.0
538008115,1714370553,-7.331567,-7.661667,101.0,0,1430.0
538008115,1714370556,-7.331567,-7.661667,101.0,0,1430.0
538008115,1714370597,-7.333133,-7.6605,101.0,0,1430.0
538008115,1714370656,-7.335417,-7.6588,101.0,0,1430.0
538008115,1714370676,-7.336183,-7.65825,101.0,0,1430.0
538008115,1714370726,-7.338033,-7.656833,101.0,0,1420.0
538008115,1714371697,-7.374583,-7.62875,101.0,0,1410.0
538008115,1714371824,-7.379317,-7.624917,101.0,0,1400.0
538008115,1714371854,-7.380417,-7.624017,101.0,0,1410.0
538008115,1714371914,-7.38265,-7.622217,101.0,0,1410.0
538008115,1714371962,-7.384483,-7.62075,102.0,0,1410.0
538008115,1714372174,-7.39225,-7.614417,101.0,0,1400.0
538008115,1714372522,-7.405233,-7.604267,101.0,0,1430.0
538008115,1714372724,-7.412933,-7.598667,100.0,0,1440.0
538008115,1714372874,-7.418633,-7.5945,101.0,0,1440.0
538008115,1714372946,-7.421333,-7.592517,101.0,0,1430.0
538008115,1714373044,-7.425083,-7.589667,100.0,0,1420.0
538008115,1714373051,-7.425417,-7.5894,99.0,0,1410.0
538008115,1714373164,-7.429433,-7.586067,100.0,0,1390.0
538008115,1714373171,-7.429733,-7.585833,100.0,0,1390.0
538008115,1714373234,-7.4319,-7.583983,100.0,0,1400.0
538008115,1714373375,-7.437,-7.5798,101.0,0,1400.0
538008115,1714373612,-7.445833,-7.57265,101.0,0,1410.0
538008115,1714373786,-7.452033,-7.5676,101.0,0,1400.0
538008115,1714373903,-7.456433,-7.564017,101.0,0,1400.0
538008115,1714374684,-7.48505,-7.540967,101.0,0,1410.0
538008115,1714374723,-7.4865,-7.53985,101.0,0,1420.0
538008115,1714374835,-7.490617,-7.536683,99.0,0,1420.0
538008115,1714375264,-7.506383,-7.5242,100.0,0,1410.0
538008115,1714375455,-7.513283,-7.5187,100.0,0,1410.0
538008115,1714375774,-7.5252,-7.509717,100.0,0,1430.0
538008115,1714375794,-7.526,-7.50915,100.0,0,1430.0
538008115,1714375944,-7.531617,-7.505067,99.0,0,1440.0
538008115,1714376097,-7.5373,-7.500817,100.0,0,1430.0
538008115,1714376443,-7.550517,-7.491033,100.0,0,1430.0
538008115,1714376614,-7.556983,-7.486333,100.0,0,1440.0
538008115,1714376692,-7.559917,-7.484183,99.0,0,1430.0
538008115,1714376733,-7.561517,-7.483017,100.0,0,1440.0
538008115,1714377043,-7.573067,-7.474517,99.0,0,1430.0
538008115,1714377114,-7.5757,-7.472533,99.0,0,1430.0
538008115,1714377221,-7.57975,-7.469567,97.0,0,1420.0
538008115,1714377283,-7.581917,-7.46785,97.0,0,1410.0
538008115,1714377406,-7.586133,-7.464383,97.0,0,1400.0
538008115,1714377491,-7.5893,-7.461717,98.0,0,1400.0
538008115,1714377594,-7.592817,-7.458817,98.0,0,1410.0
538008115,1714378032,-7.60875,-7.446267,98.0,0,1410.0
538008115,1714378055,-7.609517,-7.445667,99.0,0,1420.0
538008115,1714378166,-7.613533,-7.442483,99.0,0,1410.0
538008115,1714378304,-7.618533,-7.4385,98.0,0,1410.0
538008115,1714378324,-7.619267,-7.43795,98.0,0,1410.0
538008115,1714378532,-7.626867,-7.432,97.0,0,1420.0
538008115,1714378615,-7.629767,-7.42975,98.0,0,1420.0
538008115,1714378664,-7.631617,-7.428283,97.0,0,1410.0
538008115,1714378733,-7.63415,-7.4263,98.0,0,1420.0
538008115,1714378853,-7.63845,-7.422883,98.0,0,1410.0
538008115,1714379026,-7.644683,-7.41805,97.0,0,1420.0
538008115,1714379114,-7.64785,-7.415567,98.0,0,1420.0
538008115,1714379245,-7.652517,-7.4118,98.0,0,1410.0
538008115,1714379594,-7.6651,-7.401817,98.0,0,1410.0
538008115,1714379924,-7.67695,-7.392467,98.0,0,1410.0
538008115,1714379965,-7.678383,-7.391317,98.0,0,1410.0
538008115,1714380083,-7.682733,-7.387833,98.0,0,1410.0
538008115,1714380295,-7.690367,-7.381833,99.0,0,1420.0
538008115,1714380511,-7.698417,-7.375583,99.0,0,1420.0
538008115,1714380671,-7.704183,-7.370967,99.0,0,1410.0
538008115,1714380735,-7.706333,-7.369283,99.0,0,1420.0
538008115,1714380805,-7.708967,-7.367233,99.0,0,1420.0
538008115,1714381177,-7.72245,-7.356717,98.0,0,1420.0
538008115,1714381183,-7.722783,-7.356467,98.0,0,1420.0
538008115,1714381553,-7.736383,-7.345733,99.0,0,1420.0
538008115,1714381733,-7.7429,-7.3406,99.0,0,1410.0
538008115,1714382280,-7.763,-7.324683,100.0,0,1410.0
538008115,1714382300,-7.763733,-7.3241,100.0,0,1420.0
538008115,1714382301,-7.763733,-7.3241,100.0,0,1420.0
538008115,1714382311,-7.76415,-7.323783,100.0,0,1420.0
538008115,1714382360,-7.765967,-7.322333,100.0,0,1420.0
538008115,1714382413,-7.767817,-7.320867,101.0,0,1420.0
538008115,1714382420,-7.76815,-7.320617,101.0,0,1420.0
538008115,1714382441,-7.768933,-7.32,101.0,0,1410.0
538008115,1714382451,-7.769383,-7.31965,101.0,0,1420.0
538008115,1714382480,-7.770433,-7.31885,100.0,0,1420.0
538008115,1714382481,-7.770433,-7.31885,100.0,0,1420.0
538008115,1714382510,-7.771533,-7.317983,101.0,0,1410.0
538008115,1714382511,-7.771533,-7.317983,101.0,0,1410.0
538008115,1714382521,-7.77195,-7.31765,101.0,0,1410.0
538008115,1714382530,-7.772283,-7.3174,101.0,0,1410.0
538008115,1714382561,-7.7734,-7.316533,101.0,0,1410.0
538008115,1714382570,-7.773783,-7.31625,101.0,0,1410.0
538008115,1714382571,-7.773783,-7.31625,101.0,0,1410.0
538008115,1714382581,-7.77415,-7.315967,101.0,0,1410.0
538008115,1714382590,-7.774517,-7.315667,100.0,0,1410.0
538008115,1714382591,-7.774517,-7.315667,100.0,0,1410.0
538008115,1714382600,-7.774833,-7.3154,101.0,0,1410.0
538008115,1714382610,-7.775217,-7.315083,101.0,0,1410.0
538008115,1714382611,-7.775217,-7.315083,101.0,0,1410.0
538008115,1714382645,-7.776417,-7.314133,101.0,0,1410.0
538008115,1714382652,-7.776783,-7.313833,102.0,0,1410.0
538008115,1714382660,-7.777117,-7.313567,101.0,0,1410.0
538008115,1714382670,-7.777483,-7.313267,101.0,0,1410.0
538008115,1714382706,-7.778617,-7.312317,101.0,0,1400.0
538008115,1714382975,-7.788583,-7.3042,102.0,0,1410.0
538008115,1714383004,-7.78965,-7.30335,102.0,0,1410.0
538008115,1714383155,-7.795233,-7.298817,101.0,0,1400.0
538008115,1714383194,-7.796667,-7.29765,101.0,0,1410.0
538008115,1714383294,-7.800367,-7.294617,101.0,0,1410.0
538008115,1714383415,-7.804783,-7.291083,101.0,0,1400.0
538008115,1714383565,-7.810233,-7.286567,100.0,0,1400.0
538008115,1714383854,-7.8208,-7.278083,100.0,0,1400.0
538008115,1714383936,-7.823817,-7.27575,101.0,0,1420.0
538008115,1714384023,-7.8272,-7.273217,100.0,0,1420.0
538008115,1714384075,-7.82905,-7.27185,101.0,0,1430.0
538008115,1714384134,-7.83135,-7.270133,100.0,0,1430.0
538008115,1714384145,-7.831683,-7.269883,100.0,0,1430.0
538008115,1714384281,-7.836967,-7.265917,101.0,0,1420.0
538008115,1714384381,-7.840717,-7.26315,101.0,0,1430.0
538008115,1714384495,-7.845017,-7.260083,101.0,0,1440.0
538008115,1714384757,-7.855017,-7.253,100.0,0,1440.0
538008115,1714385023,-7.865233,-7.24565,100.0,0,1440.0
538008115,1714385073,-7.86715,-7.2443,100.0,0,1440.0
538008115,1714385242,-7.87365,-7.239633,101.0,0,1440.0
538008115,1714385284,-7.875183,-7.238533,100.0,0,1440.0
538008115,1714385576,-7.886317,-7.23055,100.0,0,1440.0
538008115,1714385634,-7.88865,-7.228867,101.0,0,1440.0
538008115,1714385766,-7.893567,-7.225367,100.0,0,1450.0
538008115,1714385983,-7.901667,-7.218933,100.0,0,1400.0
538008115,1714386186,-7.909017,-7.21295,101.0,0,1410.0
538008115,1714386194,-7.909383,-7.212667,101.0,0,1410.0
538008115,1714386365,-7.915633,-7.207583,101.0,0,1410.0
538008115,1714386396,-7.916783,-7.20665,101.0,0,1400.0
538008115,1714386775,-7.930683,-7.195267,101.0,0,1400.0
538008115,1714386785,-7.93105,-7.194967,101.0,0,1410.0
538008115,1714386886,-7.934767,-7.19195,101.0,0,1410.0
538008115,1714387004,-7.939183,-7.188367,101.0,0,1400.0
538008115,1714387244,-7.947983,-7.181167,101.0,0,1400.0
538008115,1714387383,-7.953133,-7.176983,102.0,0,1400.0
538008115,1714387750,-7.966967,-7.166167,101.0,0,1420.0
538008115,1714387753,-7.966967,-7.166167,101.0,0,1420.0
538008115,1714387830,-7.969967,-7.163817,101.0,0,1420.0
538008115,1714387831,-7.969967,-7.163817,101.0,0,1420.0
538008115,1714387841,-7.97035,-7.163533,102.0,0,1420.0
538008115,1714387843,-7.97035,-7.163533,102.0,0,1420.0
538008115,1714387860,-7.971067,-7.162967,101.0,0,1420.0
538008115,1714387862,-7.971067,-7.162967,101.0,0,1420.0
538008115,1714387890,-7.972183,-7.162083,101.0,0,1420.0
538008115,1714387891,-7.972183,-7.162083,101.0,0,1420.0
538008115,1714387920,-7.973333,-7.1612,100.0,0,1420.0
538008115,1714387921,-7.973333,-7.1612,100.0,0,1420.0
538008115,1714387930,-7.973717,-7.160917,100.0,0,1420.0
538008115,1714387941,-7.974117,-7.1606,100.0,0,1420.0
538008115,1714387951,-7.9745,-7.160317,100.0,0,1420.0
538008115,1714387954,-7.9745,-7.160317,100.0,0,1420.0
538008115,1714387961,-7.974833,-7.16005,100.0,0,1420.0
538008115,1714387970,-7.9752,-7.159767,100.0,0,1420.0
538008115,1714387980,-7.975583,-7.159467,100.0,0,1420.0
538008115,1714387981,-7.975583,-7.159467,100.0,0,1420.0
538008115,1714388001,-7.976367,-7.158867,100.0,0,1420.0
538008115,1714388002,-7.976367,-7.158867,100.0,0,1420.0
538008115,1714388011,-7.9767,-7.1586,100.0,0,1420.0
538008115,1714388021,-7.977083,-7.1583,100.0,0,1420.0
538008115,1714388031,-7.97745,-7.158017,100.0,0,1420.0
538008115,1714388041,-7.977783,-7.15775,100.0,0,1420.0
538008115,1714388050,-7.9782,-7.157433,100.0,0,1420.0
538008115,1714388051,-7.9782,-7.157433,100.0,0,1420.0
538008115,1714388061,-7.9786,-7.157117,100.0,0,1420.0
538008115,1714388062,-7.9786,-7.157117,100.0,0,1420.0
538008115,1714388071,-7.978967,-7.156833,100.0,0,1420.0
538008115,1714388072,-7.978967,-7.156833,100.0,0,1420.0
538008115,1714388081,-7.979333,-7.15655,100.0,0,1420.0
538008115,1714388121,-7.980833,-7.1554,100.0,0,1420.0
538008115,1714388122,-7.980833,-7.1554,100.0,0,1420.0
538008115,1714388141,-7.98155,-7.154833,100.0,0,1420.0
538008115,1714388143,-7.98155,-7.154833,100.0,0,1420.0
538008115,1714388161,-7.982317,-7.154233,100.0,0,1420.0
538008115,1714388170,-7.98265,-7.153967,100.0,0,1410.0
538008115,1714388190,-7.98335,-7.153417,100.0,0,1410.0
538008115,1714388191,-7.98335,-7.153417,100.0,0,1410.0
538008115,1714388193,-7.98335,-7.153417,100.0,0,1410.0
538008115,1714388200,-7.9838,-7.153067,100.0,0,1420.0
538008115,1714388201,-7.9838,-7.153067,100.0,0,1420.0
538008115,1714388211,-7.984167,-7.152767,100.0,0,1410.0
538008115,1714388212,-7.984167,-7.152767,100.0,0,1410.0
538008115,1714388221,-7.984533,-7.152483,100.0,0,1410.0
538008115,1714388222,-7.984533,-7.152483,100.0,0,1410.0
538008115,1714388230,-7.984867,-7.152217,100.0,0,1410.0
538008115,1714388241,-7.985283,-7.1519,101.0,0,1420.0
538008115,1714388250,-7.985617,-7.151633,100.0,0,1410.0
538008115,1714388260,-7.985983,-7.151333,101.0,0,1410.0
538008115,1714388261,-7.985983,-7.151333,101.0,0,1410.0
538008115,1714388271,-7.986383,-7.151017,100.0,0,1410.0
538008115,1714388291,-7.987083,-7.150467,101.0,0,1410.0
538008115,1714388310,-7.987833,-7.149883,101.0,0,1410.0
538008115,1714388311,-7.987833,-7.149883,101.0,0,1410.0
538008115,1714388321,-7.9882,-7.149583,101.0,0,1410.0
538008115,1714388331,-7.988617,-7.14925,101.0,0,1410.0
538008115,1714388332,-7.988617,-7.14925,101.0,0,1410.0
538008115,1714388341,-7.989017,-7.148933,101.0,0,1410.0
538008115,1714388342,-7.989017,-7.148933,101.0,0,1410.0
538008115,1714388495,-7.99445,-7.144667,101.0,0,1410.0
538008115,1714388543,-7.99635,-7.143183,100.0,0,1420.0
538008115,1714388645,-7.999983,-7.140283,101.0,0,1410.0
538008115,1714389554,-8.0334,-7.113633,100.0,0,1420.0
538008115,1714389677,-8.037867,-7.110067,100.0,0,1410.0
538008115,1714389794,-8.042267,-7.10655,100.0,0,1410.0
538008115,1714389893,-8.04585,-7.10365,100.0,0,1410.0
538008115,1714390093,-8.053117,-7.097767,100.0,0,1410.0
538008115,1714390225,-8.0579,-7.093933,100.0,0,1410.0
538008115,1714390415,-8.064817,-7.088433,100.0,0,1410.0
538008115,1714391235,-8.095017,-7.064817,100.0,0,1420.0
538008115,1714391306,-8.097617,-7.062817,100.0,0,1420.0
538008115,1714391376,-8.1002,-7.060783,100.0,0,1420.0
538008115,1714391526,-8.10575,-7.0565,100.0,0,1420.0
538008115,1714391693,-8.112033,-7.051683,100.0,0,1420.0
538008115,1714391842,-8.11755,-7.047367,100.0,0,1420.0
538008115,1714392514,-8.14265,-7.0281,101.0,0,1420.0
538008115,1714392616,-8.146417,-7.025167,101.0,0,1420.0
538008115,1714392734,-8.15085,-7.0217,101.0,0,1420.0
538008115,1714392826,-8.15425,-7.019083,101.0,0,1420.0
538008115,1714393006,-8.161017,-7.013883,101.0,0,1420.0
538008115,1714393362,-8.174533,-7.003417,102.0,0,1420.0
538008115,1714394436,-8.214983,-6.97185,103.0,0,1420.0
538008115,1714395264,-8.24625,-6.947183,102.0,0,1410.0
538008115,1714395344,-8.249267,-6.944783,102.0,0,1420.0
538008115,1714396344,-8.286817,-6.914917,103.0,0,1420.0
538008115,1714396565,-8.295183,-6.908317,102.0,0,1420.0
538008115,1714396763,-8.3027,-6.902433,103.0,0,1410.0
538008115,1714396773,-8.30305,-6.90215,103.0,0,1410.0
538008115,1714397145,-8.317167,-6.891117,103.0,0,1410.0
538008115,1714397383,-8.3264,-6.88415,103.0,0,1440.0
538008115,1714397695,-8.338483,-6.8754,104.0,0,1440.0
538008115,1714397784,-8.342033,-6.872817,103.0,0,1430.0
538008115,1714397897,-8.346383,-6.869667,103.0,0,1440.0
538008115,1714398013,-8.351,-6.866283,103.0,0,1430.0
538008115,1714398135,-8.355683,-6.862933,103.0,0,1440.0
538008115,1714398914,-8.385867,-6.840533,103.0,0,1430.0
538008115,1714399033,-8.390417,-6.836983,103.0,0,1410.0
538008115,1714399104,-8.393,-6.834867,103.0,0,1410.0
538008115,1714399254,-8.398717,-6.83035,103.0,0,1410.0
538008115,1714399544,-8.409633,-6.821667,104.0,0,1410.0
538008115,1714399736,-8.416767,-6.8158,104.0,0,1400.0
538008115,1714400343,-8.439633,-6.797,104.0,0,1400.0
538008115,1714400363,-8.440367,-6.796383,104.0,0,1400.0
538008115,1714400396,-8.441533,-6.795417,104.0,0,1400.0
538008115,1714400533,-8.446733,-6.791067,104.0,0,1390.0
538008115,1714400674,-8.451967,-6.786733,104.0,0,1400.0
538008115,1714400833,-8.457983,-6.7818,104.0,0,1400.0
538008115,1714400977,-8.463217,-6.777467,104.0,0,1400.0
538008115,1714401066,-8.466567,-6.774683,103.0,0,1400.0
538008115,1714401416,-8.479533,-6.76405,103.0,0,1410.0
538008115,1714401534,-8.483983,-6.760367,103.0,0,1390.0
538008115,1714401566,-8.485083,-6.759417,103.0,0,1390.0
538008115,1714401833,-8.495083,-6.751,103.0,0,1390.0
538008115,1714401995,-8.500867,-6.7461,102.0,0,1390.0
538008115,1714402183,-8.5078,-6.740233,102.0,0,1400.0
538008115,1714402243,-8.51,-6.7384,102.0,0,1400.0
538008115,1714402725,-8.527733,-6.7234,104.0,0,1400.0
538008115,1714403024,-8.53925,-6.714433,104.0,0,1420.0
538008115,1714403474,-8.556933,-6.701533,104.0,0,1440.0
538008115,1714403664,-8.5644,-6.695967,103.0,0,1430.0
538008115,1714403703,-8.565967,-6.6948,103.0,0,1430.0
538008115,1714403712,-8.566317,-6.694533,104.0,0,1430.0
538008115,1714403773,-8.568633,-6.692817,104.0,0,1430.0
538008115,1714403863,-8.572117,-6.690233,104.0,0,1430.0
538008115,1714403903,-8.573717,-6.689033,104.0,0,1430.0
538008115,1714404516,-8.597483,-6.671333,104.0,0,1430.0
538008115,1714404695,-8.604583,-6.666017,105.0,0,1430.0
538008115,1714404947,-8.61435,-6.658617,103.0,0,1420.0
538008115,1714405006,-8.6167,-6.656783,103.0,0,1420.0
538008115,1714405233,-8.625517,-6.650067,103.0,0,1420.0
538008115,1714405306,-8.628267,-6.64795,103.0,0,1420.0
538008115,1714405326,-8.628267,-6.64795,103.0,0,1420.0
538008115,1714405333,-8.62935,-6.6471,103.0,0,1420.0
538008115,1714405503,-8.63595,-6.642083,103.0,0,1420.0
538008115,1714405595,-8.639367,-6.63945,103.0,0,1420.0
538008115,1714405725,-8.64445,-6.635583,104.0,0,1430.0
538008115,1714405915,-8.651817,-6.63005,103.0,0,1430.0
538008115,1714406014,-8.655633,-6.627167,103.0,0,1430.0
538008115,1714406104,-8.659133,-6.6245,102.0,0,1420.0
538008115,1714406464,-8.672967,-6.61405,103.0,0,1430.0
538008115,1714406564,-8.676817,-6.611183,103.0,0,1430.0
538008115,1714406762,-8.684433,-6.605483,103.0,0,1430.0
538008115,1714406882,-8.689067,-6.602017,103.0,0,1430.0
538008115,1714407237,-8.70265,-6.591917,103.0,0,1420.0
538008115,1714407445,-8.710633,-6.585717,103.0,0,1420.0
538008115,1714407716,-8.720983,-6.577783,103.0,0,1420.0
538008115,1714409035,-8.770967,-6.539317,102.0,0,1410.0
538008115,1714409824,-8.8005,-6.515117,104.0,0,1400.0
538008115,1714409902,-8.803467,-6.512683,103.0,0,1410.0
538008115,1714410092,-8.810617,-6.506833,103.0,0,1410.0
538008115,1714410213,-8.815133,-6.503183,103.0,0,1410.0
538008115,1714410896,-8.841283,-6.482667,105.0,0,1420.0
538008115,1714410933,-8.8428,-6.481483,105.0,0,1410.0
538008115,1714411233,-8.854433,-6.47245,105.0,0,1420.0
538008115,1714411323,-8.858017,-6.469683,105.0,0,1420.0
538008115,1714411443,-8.862667,-6.466067,105.0,0,1420.0
538008115,1714411543,-8.8665,-6.463117,105.0,0,1420.0
538008115,1714412495,-8.903067,-6.4349,103.0,0,1430.0
538008115,1714412522,-8.904233,-6.434017,103.0,0,1430.0
538008115,1714412555,-8.905433,-6.433083,103.0,0,1420.0
538008115,1714412636,-8.9085,-6.430717,103.0,0,1410.0
538008115,1714412642,-8.9088,-6.430483,103.0,0,1420.0
538008115,1714412663,-8.909567,-6.4299,103.0,0,1420.0
538008115,1714412695,-8.910783,-6.428967,103.0,0,1420.0
538008115,1714412715,-8.911533,-6.4284,103.0,0,1430.0
538008115,1714412722,-8.911917,-6.428117,103.0,0,1430.0
538008115,1714412775,-8.913817,-6.426667,103.0,0,1420.0
538008115,1714412815,-8.9153,-6.425533,103.0,0,1420.0
538008115,1714412905,-8.91875,-6.422867,103.0,0,1420.0
538008115,1714412963,-8.921033,-6.42115,103.0,0,1420.0
538008115,1714413222,-8.931183,-6.4136,102.0,0,1430.0
538008115,1714413454,-8.939933,-6.406683,103.0,0,1410.0
538008115,1714413507,-8.94105,-6.4058,104.0,0,1410.0
538008115,1714413573,-8.9445,-6.403117,103.0,0,1420.0
538008115,1714413636,-8.946833,-6.401283,103.0,0,1420.0
538008115,1714413845,-8.9548,-6.394933,105.0,0,1420.0
538008115,1714413873,-8.955917,-6.39405,104.0,0,1410.0
538008115,1714414093,-8.964367,-6.387333,104.0,0,1410.0
538008115,1714414413,-8.97665,-6.377783,102.0,0,1420.0
538008115,1714414511,-8.98035,-6.374833,102.0,0,1410.0
538008115,1714414543,-8.98145,-6.373933,103.0,0,1410.0
538008115,1714414816,-8.991733,-6.365883,102.0,0,1410.0
538008115,1714414927,-8.99585,-6.362633,103.0,0,1410.0
538008115,1714414985,-8.998133,-6.360783,103.0,0,1410.0
538008115,1714415053,-9.000783,-6.358683,103.0,0,1420.0
538008115,1714415193,-9.006067,-6.354533,103.0,0,1410.0
538008115,1714415213,-9.0068,-6.35395,104.0,0,1410.0
538008115,1714415322,-9.010967,-6.3506,103.0,0,1410.0
538008115,1714415435,-9.015167,-6.347283,103.0,0,1420.0
538008115,1714415595,-9.0212,-6.342567,102.0,0,1410.0
538008115,1714415725,-9.026183,-6.33865,102.0,0,1420.0
538008115,1714415852,-9.031133,-6.33485,102.0,0,1420.0
538008115,1714415984,-9.036133,-6.331017,102.0,0,1420.0
538008115,1714416194,-9.044133,-6.324767,102.0,0,1420.0
538008115,1714416322,-9.049117,-6.3209,103.0,0,1420.0
538008115,1714416362,-9.050617,-6.319767,102.0,0,1430.0
538008115,1714416404,-9.052183,-6.3186,102.0,0,1430.0
538008115,1714416456,-9.054183,-6.317083,102.0,0,1420.0
538008115,1714416464,-9.054533,-6.316817,102.0,0,1420.0
538008115,1714416566,-9.058317,-6.313883,103.0,0,1410.0
538008115,1714416723,-9.064433,-6.3091,104.0,0,1420.0
538008115,1714416894,-9.071033,-6.304017,103.0,0,1420.0
538008115,1714416944,-9.073,-6.302517,103.0,0,1420.0
538008115,1714417166,-9.081483,-6.296017,104.0,0,1420.0
538008115,1714417303,-9.086933,-6.291767,104.0,0,1410.0
538008115,1714417683,-9.101633,-6.28025,105.0,0,1410.0
538008115,1714417755,-9.104333,-6.278183,104.0,0,1420.0
538008115,1714418095,-9.117583,-6.268033,104.0,0,1420.0
538008115,1714418116,-9.1184,-6.2674,104.0,0,1420.0
538008115,1714418283,-9.125017,-6.262167,105.0,0,1410.0
538008115,1714418552,-9.13555,-6.254,105.0,0,1410.0
538008115,1714418585,-9.136767,-6.25305,106.0,0,1410.0
538008115,1714418707,-9.141433,-6.249283,106.0,0,1410.0
538008115,1714418856,-9.14735,-6.244683,106.0,0,1420.0
538008115,1714418954,-9.151233,-6.24155,107.0,0,1410.0
538008115,1714419046,-9.154767,-6.238717,106.0,0,1410.0
538008115,1714419377,-9.1677,-6.228567,108.0,0,1410.0
538008115,1714419898,-9.188333,-6.212283,108.0,0,1410.0
538008115,1714419975,-9.191517,-6.2098,108.0,0,1420.0
538008115,1714420082,-9.195933,-6.20635,107.0,0,1420.0
538008115,1714420326,-9.2054,-6.19885,107.0,0,1410.0
538008115,1714420376,-9.207317,-6.19735,106.0,0,1420.0
538008115,1714420614,-9.216733,-6.19,106.0,0,1420.0
538008115,1714420744,-9.221833,-6.186033,105.0,0,1420.0
538008115,1714420923,-9.229,-6.180617,106.0,0,1430.0
538008115,1714420974,-9.231,-6.179133,106.0,0,1430.0
538008115,1714421044,-9.2338,-6.177033,106.0,0,1430.0
538008115,1714421174,-9.239033,-6.1731,106.0,0,1420.0
538008115,1714421456,-9.2501,-6.1647,105.0,0,1430.0
538008115,1714421544,-9.253667,-6.162083,105.0,0,1440.0
538008115,1714421814,-9.26435,-6.1541,104.0,0,1420.0
538008115,1714421973,-9.270617,-6.1494,104.0,0,1430.0
538008115,1714422283,-9.2829,-6.140633,103.0,0,1440.0
538008115,1714422322,-9.284467,-6.139433,103.0,0,1420.0
538008115,1714422474,-9.290067,-6.134733,102.0,0,1390.0
538008115,1714422643,-9.29635,-6.1295,103.0,0,1400.0
538008115,1714422863,-9.304583,-6.122683,103.0,0,1400.0
538008115,1714422943,-9.30755,-6.1202,103.0,0,1390.0
538008115,1714423154,-9.315417,-6.11365,104.0,0,1400.0
538008115,1714423182,-9.31655,-6.112733,103.0,0,1400.0
538008115,1714423276,-9.319983,-6.1099,103.0,0,1400.0
538008115,1714423335,-9.322233,-6.108,104.0,0,1400.0
538008115,1714423532,-9.329833,-6.101867,104.0,0,1410.0
538008115,1714423813,-9.34045,-6.093067,103.0,0,1400.0
538008115,1714424033,-9.34885,-6.086367,104.0,0,1420.0
538008115,1714424293,-9.358983,-6.078417,105.0,0,1420.0
538008115,1714424417,-9.363683,-6.074783,105.0,0,1410.0
538008115,1714424476,-9.366,-6.0729,105.0,0,1410.0
538008115,1714424584,-9.3702,-6.069533,105.0,0,1410.0
538008115,1714425103,-9.390067,-6.0534,104.0,0,1400.0
538008115,1714425115,-9.3905,-6.05305,104.0,0,1410.0
538008115,1714425212,-9.394267,-6.049967,105.0,0,1410.0
538008115,1714425474,-9.404383,-6.0418,104.0,0,1410.0
538008115,1714425654,-9.411317,-6.0363,103.0,0,1420.0
538008115,1714425873,-9.4199,-6.02975,104.0,0,1430.0
538008115,1714426265,-9.435067,-6.018133,104.0,0,1430.0
538008115,1714426384,-9.439833,-6.01455,104.0,0,1430.0
538008115,1714426634,-9.449667,-6.007083,104.0,0,1420.0
538008115,1714426713,-9.45275,-6.004683,103.0,0,1420.0
538008115,1714427076,-9.46695,-5.993817,104.0,0,1420.0
538008115,1714427227,-9.472833,-5.989317,104.0,0,1430.0
538008115,1714427263,-9.474383,-5.988217,104.0,0,1430.0
538008115,1714427582,-9.486833,-5.978683,104.0,0,1420.0
538008115,1714427605,-9.48765,-5.97805,104.0,0,1420.0
538008115,1714428304,-9.514683,-5.95695,104.0,0,1400.0
538008115,1714428464,-9.5208,-5.95195,104.0,0,1410.0
538008115,1714429206,-9.549483,-5.929033,106.0,0,1410.0
538008115,1714429426,-9.558117,-5.92215,106.0,0,1400.0
538008115,1714429545,-9.5628,-5.91835,106.0,0,1400.0
538008115,1714429612,-9.565583,-5.916133,106.0,0,1410.0
538008115,1714429621,-9.56595,-5.91585,106.0,0,1420.0
538008115,1714429630,-9.5663,-5.915567,106.0,0,1410.0
538008115,1714429641,-9.566733,-5.915217,106.0,0,1410.0
538008115,1714429650,-9.567083,-5.914933,106.0,0,1420.0
538008115,1714429662,-9.567517,-5.9146,106.0,0,1420.0
538008115,1714429681,-9.568267,-5.914017,106.0,0,1410.0
538008115,1714429682,-9.568267,-5.914017,106.0,0,1410.0
538008115,1714429722,-9.569867,-5.912717,105.0,0,1400.0
538008115,1714429731,-9.570217,-5.91245,105.0,0,1410.0
538008115,1714429751,-9.57095,-5.91185,106.0,0,1410.0
538008115,1714429762,-9.571417,-5.911483,105.0,0,1410.0
538008115,1714429772,-9.57185,-5.911133,105.0,0,1410.0
538008115,1714429782,-9.572233,-5.910817,105.0,0,1410.0
538008115,1714429791,-9.57255,-5.910583,105.0,0,1410.0
538008115,1714429822,-9.573733,-5.9096,105.0,0,1400.0
538008115,1714429832,-9.574117,-5.909283,105.0,0,1400.0
538008115,1714429851,-9.57485,-5.908683,105.0,0,1400.0
538008115,1714429861,-9.57525,-5.908367,105.0,0,1400.0
538008115,1714429864,-9.57525,-5.908367,105.0,0,1400.0
538008115,1714429871,-9.575583,-5.908083,105.0,0,1410.0
538008115,1714429892,-9.576433,-5.9074,105.0,0,1400.0
538008115,1714429902,-9.576817,-5.907083,105.0,0,1400.0
538008115,1714429911,-9.577167,-5.906817,105.0,0,1410.0
538008115,1714429921,-9.5776,-5.906467,105.0,0,1410.0
538008115,1714429931,-9.57795,-5.906183,105.0,0,1410.0
538008115,1714429945,-9.578333,-5.905867,105.0,0,1410.0
538008115,1714429960,-9.5791,-5.90525,105.0,0,1410.0
538008115,1714429971,-9.5795,-5.90495,105.0,0,1410.0
538008115,1714429981,-9.579883,-5.904633,105.0,0,1410.0
538008115,1714429991,-9.580267,-5.904317,105.0,0,1410.0
538008115,1714430031,-9.581833,-5.9031,105.0,0,1410.0
538008115,1714430040,-9.582183,-5.902817,105.0,0,1410.0
538008115,1714430105,-9.584567,-5.900933,105.0,0,1410.0
538008115,1714430111,-9.58495,-5.900633,105.0,0,1410.0
538008115,1714430121,-9.58535,-5.900317,105.0,0,1410.0
538008115,1714430577,-9.602833,-5.886333,105.0,0,1420.0
538008115,1714430687,-9.607167,-5.883,105.0,0,1420.0
538008115,1714430734,-9.609033,-5.881483,105.0,0,1410.0
538008115,1714431053,-9.621467,-5.8716,106.0,0,1420.0
538008115,1714431196,-9.627,-5.86735,106.0,0,1420.0
538008115,1714431265,-9.629833,-5.86515,105.0,0,1420.0
538008115,1714431323,-9.632183,-5.863317,106.0,0,1420.0
538008115,1714431514,-9.639733,-5.85755,106.0,0,1430.0
538008115,1714431682,-9.646533,-5.852333,105.0,0,1420.0
538008115,1714431743,-9.64885,-5.850533,106.0,0,1420.0
538008115,1714431752,-9.64925,-5.850233,106.0,0,1420.0
538008115,1714432066,-9.661633,-5.8408,105.0,0,1420.0
538008115,1714432274,-9.669883,-5.834317,106.0,0,1420.0
538008115,1714432353,-9.673033,-5.831817,106.0,0,1420.0
538008115,1714432413,-9.675417,-5.82995,106.0,0,1420.0
538008115,1714432594,-9.6825,-5.824383,107.0,0,1420.0
538008115,1714433134,-9.703683,-5.8075,105.0,0,1400.0
538008115,1714433244,-9.708,-5.803983,105.0,0,1410.0
538008115,1714433364,-9.712617,-5.8003,105.0,0,1420.0
538008115,1714433426,-9.714967,-5.798467,105.0,0,1420.0
538008115,1714433463,-9.716467,-5.797267,105.0,0,1410.0
538008115,1714433762,-9.728133,-5.788133,104.0,0,1410.0
538008115,1714433784,-9.7289,-5.7875,105.0,0,1410.0
538008115,1714433943,-9.734983,-5.782483,104.0,0,1400.0
538008115,1714434066,-9.7396,-5.778767,104.0,0,1420.0
538008115,1714434094,-9.740767,-5.777883,104.0,0,1420.0
538008115,1714434145,-9.742767,-5.77635,104.0,0,1420.0
538008115,1714434335,-9.7502,-5.77065,104.0,0,1420.0
538008115,1714434474,-9.755683,-5.7664,105.0,0,1420.0
538008115,1714435254,-9.785767,-5.74275,104.0,0,1420.0
538008115,1714435273,-9.786533,-5.742133,104.0,0,1420.0
538008115,1714435483,-9.794783,-5.7358,105.0,0,1420.0
538008115,1714435764,-9.805833,-5.727283,105.0,0,1420.0
538008115,1714435812,-9.807783,-5.72575,105.0,0,1410.0
538008115,1714436014,-9.81555,-5.7196,105.0,0,1420.0
538008115,1714436075,-9.817833,-5.717767,105.0,0,1410.0
538008115,1714436963,-9.852333,-5.690183,105.0,0,1430.0
538008115,1714437182,-9.861083,-5.683667,106.0,0,1430.0
538008115,1714437513,-9.874433,-5.673933,106.0,0,1440.0
538008115,1714437943,-9.8914,-5.661083,105.0,0,1420.0
538008115,1714438035,-9.894917,-5.658367,105.0,0,1420.0
538008115,1714438085,-9.896867,-5.656817,105.0,0,1410.0
538008115,1714438614,-9.917267,-5.640767,103.0,0,1400.0
538008115,1714438932,-9.929317,-5.630833,104.0,0,1420.0
538008115,1714438964,-9.930467,-5.629933,105.0,0,1420.0
538008115,1714438994,-9.93165,-5.629,104.0,0,1410.0
538008115,1714439853,-9.9642,-5.603,103.0,0,1420.0
538008115,1714440026,-9.970633,-5.597867,102.0,0,1410.0
538008115,1714440086,-9.97285,-5.59605,102.0,0,1400.0
538008115,1714441052,-10.00985,-5.56765,102.0,0,1430.0
538008115,1714441174,-10.014483,-5.5642,103.0,0,1430.0
538008115,1714441795,-10.038083,-5.545933,102.0,0,1410.0
538008115,1714441846,-10.039933,-5.544433,101.0,0,1410.0
538008115,1714441935,-10.04325,-5.541717,102.0,0,1410.0
538008115,1714441964,-10.04435,-5.5408,101.0,0,1400.0
538008115,1714442145,-10.050933,-5.53535,102.0,0,1410.0
538008115,1714442194,-10.052783,-5.53385,102.0,0,1410.0
538008115,1714442233,-10.05425,-5.53265,102.0,0,1410.0
538008115,1714442533,-10.06545,-5.5236,102.0,0,1400.0
538008115,1714442645,-10.06955,-5.520267,102.0,0,1410.0
538008115,1714442853,-10.077483,-5.514067,103.0,0,1420.0
538008115,1714442922,-10.080133,-5.512033,103.0,0,1430.0
538008115,1714442993,-10.082833,-5.509917,103.0,0,1410.0
538008115,1714443084,-10.086283,-5.507217,103.0,0,1420.0
538008115,1714443102,-10.087017,-5.506667,103.0,0,1420.0
538008115,1714443233,-10.092033,-5.50275,104.0,0,1420.0
538008115,1714443352,-10.0966,-5.499283,104.0,0,1430.0
538008115,1714443465,-10.100967,-5.496017,102.0,0,1440.0
538008115,1714443492,-10.102083,-5.495183,102.0,0,1430.0
538008115,1714443585,-10.105583,-5.492517,102.0,0,1430.0
538008115,1714443635,-10.1075,-5.491083,102.0,0,1430.0
538008115,1714443705,-10.110183,-5.48905,101.0,0,1420.0
538008115,1714443732,-10.111283,-5.488183,102.0,0,1420.0
538008115,1714443914,-10.118167,-5.48285,102.0,0,1420.0
538008115,1714443955,-10.119683,-5.481717,102.0,0,1430.0
538008115,1714444014,-10.12195,-5.479983,102.0,0,1420.0
538008115,1714444133,-10.12655,-5.4765,102.0,0,1430.0
538008115,1714444254,-10.13115,-5.473,102.0,0,1430.0
538008115,1714444394,-10.136533,-5.468917,103.0,0,1420.0
538008115,1714444544,-10.142183,-5.464583,101.0,0,1420.0
538008115,1714444564,-10.142983,-5.463967,101.0,0,1420.0
538008115,1714444585,-10.143767,-5.46335,101.0,0,1420.0
538008115,1714444622,-10.145217,-5.462183,102.0,0,1410.0
538008115,1714444753,-10.150117,-5.458283,101.0,0,1410.0
538008115,1714444784,-10.151217,-5.457417,101.0,0,1420.0
538008115,1714444854,-10.15385,-5.455317,102.0,0,1410.0
538008115,1714444925,-10.156467,-5.453233,103.0,0,1410.0
538008115,1714445043,-10.160933,-5.449633,102.0,0,1400.0
538008115,1714445094,-10.16285,-5.448033,102.0,0,1400.0
538008115,1714445322,-10.1714,-5.441017,102.0,0,1400.0
538008115,1714445571,-10.180633,-5.433517,102.0,0,1410.0
538008115,1714445913,-10.193433,-5.423283,103.0,0,1410.0
538008115,1714445996,-10.19645,-5.420817,103.0,0,1400.0
538008115,1714446291,-10.207683,-5.411733,103.0,0,1410.0
538008115,1714446383,-10.211083,-5.409017,103.0,0,1410.0
538008115,1714446633,-10.220533,-5.401433,103.0,0,1400.0
538008115,1714446793,-10.226583,-5.3965,103.0,0,1410.0
538008115,1714446972,-10.23335,-5.3911,103.0,0,1410.0
538008115,1714447275,-10.2445,-5.381833,103.0,0,1400.0
538008115,1714447393,-10.249,-5.378167,103.0,0,1400.0
538008115,1714447513,-10.2535,-5.374517,103.0,0,1400.0
538008115,1714447614,-10.257317,-5.371433,103.0,0,1410.0
538008115,1714447637,-10.253917,-5.374167,103.0,0,1400.0
538008115,1714447815,-10.264983,-5.365433,104.0,0,1430.0
538008115,1714447854,-10.26655,-5.364267,104.0,0,1430.0
538008115,1714448046,-10.273833,-5.3586,103.0,0,1410.0
538008115,1714448153,-10.278083,-5.355383,103.0,0,1430.0
538008115,1714448575,-10.294317,-5.3428,104.0,0,1420.0
538008115,1714448605,-10.29545,-5.3419,104.0,0,1420.0
538008115,1714449194,-10.318433,-5.32425,104.0,0,1410.0
538008115,1714449652,-10.33595,-5.310417,103.0,0,1410.0
538008115,1714449772,-10.3405,-5.30685,103.0,0,1420.0
538008115,1714449785,-10.340933,-5.306533,103.0,0,1420.0
538008115,1714449856,-10.343617,-5.30445,103.0,0,1420.0
538008115,1714450173,-10.355633,-5.294983,101.0,0,1410.0
538008115,1714450424,-10.365,-5.28745,102.0,0,1410.0
538008115,1714450843,-10.381133,-5.275467,102.0,0,1430.0
538008115,1714450963,-10.385783,-5.272033,103.0,0,1430.0
538008115,1714451027,-10.388133,-5.270317,103.0,0,1430.0
538008115,1714451193,-10.394783,-5.265417,103.0,0,1430.0
538008115,1714451383,-10.402283,-5.259933,103.0,0,1440.0
538008115,1714451662,-10.412917,-5.251667,103.0,0,1420.0
538008115,1714451912,-10.422417,-5.24415,104.0,0,1410.0
538008115,1714451964,-10.424383,-5.2426,104.0,0,1410.0
538008115,1714452013,-10.426283,-5.241083,104.0,0,1410.0
538008115,1714452027,-10.4267,-5.24075,104.0,0,1410.0
538008115,1714452223,-10.43435,-5.23465,104.0,0,1410.0
538008115,1714452443,-10.442717,-5.227867,104.0,0,1410.0
538008115,1714452463,-10.443467,-5.227267,104.0,0,1400.0
538008115,1714452483,-10.444183,-5.226667,105.0,0,1400.0
538008115,1714452514,-10.445333,-5.225733,104.0,0,1410.0
538008115,1714452742,-10.4541,-5.218633,105.0,0,1410.0
538008115,1714452841,-10.457933,-5.215583,105.0,0,1410.0
538008115,1714453474,-10.482067,-5.19605,104.0,0,1400.0
538008115,1714453585,-10.486217,-5.192667,105.0,0,1410.0
538008115,1714453755,-10.492683,-5.187433,104.0,0,1410.0
538008115,1714453853,-10.496483,-5.184383,104.0,0,1410.0
538008115,1714453903,-10.498383,-5.182867,104.0,0,1410.0
538008115,1714453935,-10.499567,-5.181917,104.0,0,1410.0
538008115,1714454414,-10.51825,-5.167933,104.0,0,1430.0
538008115,1714454874,-10.536283,-5.1546,104.0,0,1440.0
538008115,1714454985,-10.540617,-5.151417,104.0,0,1440.0
538008115,1714455155,-10.547217,-5.146467,104.0,0,1420.0
538008115,1714455391,-10.556283,-5.139133,104.0,0,1410.0
538008115,1714455453,-10.558567,-5.13725,104.0,0,1400.0
538008115,1714455665,-10.566533,-5.130733,104.0,0,1410.0
538008115,1714455697,-10.567667,-5.129817,104.0,0,1410.0
538008115,1714455745,-10.569517,-5.128283,104.0,0,1410.0
538008115,1714455974,-10.578283,-5.12115,105.0,0,1410.0
538008115,1714456095,-10.582917,-5.117467,105.0,0,1410.0
538008115,1714456122,-10.584033,-5.116567,105.0,0,1410.0
538008115,1714457176,-10.624583,-5.084017,106.0,0,1410.0
538008115,1714457406,-10.6334,-5.07685,106.0,0,1420.0
538008115,1714457442,-10.634967,-5.075617,105.0,0,1420.0
538008115,1714457596,-10.640783,-5.070967,105.0,0,1410.0
538008115,1714457713,-10.645233,-5.067367,104.0,0,1400.0
538008115,1714457762,-10.64715,-5.0658,104.0,0,1400.0
538008115,1714457803,-10.64865,-5.06455,104.0,0,1400.0
538008115,1714457823,-10.649383,-5.063967,103.0,0,1410.0
538008115,1714457953,-10.65445,-5.060017,104.0,0,1430.0
538008115,1714458053,-10.658283,-5.0571,103.0,0,1420.0
538008115,1714458264,-10.666483,-5.051,103.0,0,1440.0
538008115,1714458303,-10.667967,-5.049933,103.0,0,1440.0
538008115,1714458336,-10.669183,-5.049033,103.0,0,1440.0
538008115,1714458385,-10.67115,-5.047583,103.0,0,1430.0
538008115,1714458446,-10.67345,-5.045833,103.0,0,1420.0
538008115,1714458615,-10.679817,-5.04085,102.0,0,1420.0
538008115,1714458632,-10.680617,-5.040217,103.0,0,1420.0
538008115,1714459272,-10.705383,-5.021917,102.0,0,1430.0
538008115,1714459555,-10.716117,-5.01365,102.0,0,1410.0
538008115,1714459636,-10.719117,-5.01125,103.0,0,1410.0
538008115,1714459774,-10.724383,-5.007033,102.0,0,1410.0
538008115,1714459896,-10.728817,-5.003367,102.0,0,1400.0
538008115,1714460422,-10.748383,-4.987467,102.0,0,1400.0
538008115,1714460534,-10.752533,-4.984067,102.0,0,1400.0
538008115,1714460685,-10.758183,-4.979583,102.0,0,1420.0
538008115,1714460733,-10.759983,-4.978167,102.0,0,1420.0
538008115,1714460795,-10.76225,-4.97635,102.0,0,1410.0
538008115,1714460975,-10.768967,-4.970883,101.0,0,1410.0
538008115,1714461054,-10.771917,-4.9685,102.0,0,1410.0
538008115,1714461263,-10.7798,-4.962333,102.0,0,1420.0
538008115,1714461423,-10.785833,-4.957583,102.0,0,1410.0
538008115,1714461452,-10.78695,-4.956683,102.0,0,1410.0
538008115,1714462104,-10.811467,-4.937233,102.0,0,1410.0
538008115,1714462137,-10.812567,-4.936367,103.0,0,1420.0
538008115,1714462144,-10.812983,-4.93605,103.0,0,1420.0
538008115,1714462239,-10.8164,-4.933333,103.0,0,1420.0
538008115,1714462373,-10.821633,-4.929267,102.0,0,1410.0
538008115,1714462655,-10.83225,-4.92085,102.0,0,1410.0
538008115,1714462734,-10.835233,-4.918483,102.0,0,1410.0
538008115,1714463124,-10.850083,-4.90695,103.0,0,1420.0
538008115,1714463264,-10.85545,-4.902783,102.0,0,1420.0
538008115,1714463311,-10.8573,-4.901333,103.0,0,1420.0
538008115,1714463344,-10.858433,-4.90045,102.0,0,1420.0
538008115,1714463383,-10.86,-4.89925,103.0,0,1420.0
538008115,1714463526,-10.8653,-4.895083,102.0,0,1420.0
538008115,1714463862,-10.878067,-4.884917,102.0,0,1420.0
538008115,1714463985,-10.882583,-4.881333,102.0,0,1420.0
538008115,1714464135,-10.888217,-4.876883,102.0,0,1420.0
538008115,1714464203,-10.890783,-4.87485,102.0,0,1420.0
538008115,1714464233,-10.891967,-4.8739,102.0,0,1420.0
538008115,1714464463,-10.900583,-4.867117,102.0,0,1420.0
538008115,1714464763,-10.911833,-4.858233,102.0,0,1420.0
538008115,1714464895,-10.916733,-4.854333,102.0,0,1420.0
538008115,1714465003,-10.920917,-4.851033,103.0,0,1420.0
538008115,1714465095,-10.92435,-4.848367,103.0,0,1420.0
538008115,1714465128,-10.92545,-4.8475,103.0,0,1420.0
538008115,1714465145,-10.92625,-4.846867,103.0,0,1410.0
538008115,1714465255,-10.930433,-4.84365,103.0,0,1420.0
538008115,1714465636,-10.945,-4.832333,102.0,0,1420.0
538008115,1714465675,-10.946467,-4.831183,102.0,0,1420.0
538008115,1714465733,-10.948767,-4.829367,102.0,0,1420.0
538008115,1714465753,-10.949517,-4.82875,103.0,0,1410.0
538008115,1714465805,-10.951417,-4.827283,102.0,0,1420.0
538008115,1714465865,-10.953667,-4.825567,102.0,0,1430.0
538008115,1714465985,-10.9583,-4.822067,102.0,0,1430.0
538008115,1714466486,-10.977283,-4.80725,103.0,0,1420.0
538008115,1714466913,-10.993617,-4.794517,103.0,0,1420.0
538008115,1714466931,-10.994367,-4.7939,103.0,0,1410.0
538008115,1714467223,-11.005383,-4.785417,102.0,0,1420.0
538008115,1714467304,-11.008517,-4.783017,102.0,0,1420.0
538008115,1714467425,-11.013083,-4.779467,102.0,0,1420.0
538008115,1714467596,-11.01955,-4.774467,103.0,0,1430.0
538008115,1714467816,-11.027867,-4.768083,102.0,0,1430.0
538008115,1714468173,-11.041583,-4.757517,101.0,0,1420.0
538008115,1714468495,-11.053517,-4.748017,101.0,0,1410.0
538008115,1714468557,-11.055767,-4.74625,101.0,0,1410.0
538008115,1714468684,-11.0606,-4.742383,101.0,0,1410.0
538008115,1714468734,-11.062433,-4.7409,102.0,0,1410.0
538008115,1714468925,-11.069667,-4.735217,102.0,0,1420.0
538008115,1714469235,-11.081317,-4.726133,102.0,0,1420.0
538008115,1714469302,-11.0839,-4.724083,101.0,0,1420.0
538008115,1714469375,-11.0866,-4.722,101.0,0,1420.0
538008115,1714469456,-11.08965,-4.719583,102.0,0,1420.0
538008115,1714469563,-11.093833,-4.716383,101.0,0,1420.0
538008115,1714469613,-11.0957,-4.7149,101.0,0,1410.0
538008115,1714470091,-11.113467,-4.700617,101.0,0,1410.0
538008115,1714470152,-11.11575,-4.6988,101.0,0,1410.0
538008115,1714470303,-11.12135,-4.694317,101.0,0,1410.0
538008115,1714470576,-11.131467,-4.6861,102.0,0,1410.0
538008115,1714470695,-11.135867,-4.682433,103.0,0,1400.0
538008115,1714470832,-11.141017,-4.67815,102.0,0,1400.0
538008115,1714471136,-11.152117,-4.668817,103.0,0,1400.0
538008115,1714471654,-11.17115,-4.65255,101.0,0,1390.0
538008115,1714471746,-11.174433,-4.649717,102.0,0,1390.0
538008115,1714471953,-11.182067,-4.6432,103.0,0,1390.0
538008115,1714472014,-11.184283,-4.641333,103.0,0,1390.0
538008115,1714472200,-11.19125,-4.635383,103.0,0,1390.0
538008115,1714472213,-11.1917,-4.635017,103.0,0,1390.0
538008115,1714472242,-11.192817,-4.6341,104.0,0,1410.0
538008115,1714472270,-11.193933,-4.633217,104.0,0,1420.0
538008115,1714472305,-11.195133,-4.632283,104.0,0,1420.0
538008115,1714472350,-11.197,-4.6309,103.0,0,1430.0
538008115,1714472351,-11.197,-4.6309,103.0,0,1430.0
538008115,1714472361,-11.197433,-4.630583,104.0,0,1430.0
538008115,1714472370,-11.197783,-4.630317,104.0,0,1430.0
538008115,1714472390,-11.198617,-4.6297,104.0,0,1430.0
538008115,1714472391,-11.198617,-4.6297,104.0,0,1430.0
538008115,1714472400,-11.199,-4.6294,104.0,0,1430.0
538008115,1714472410,-11.1994,-4.6291,105.0,0,1430.0
538008115,1714472411,-11.1994,-4.6291,105.0,0,1430.0
538008115,1714472421,-11.199783,-4.628817,104.0,0,1430.0
538008115,1714472430,-11.200183,-4.628533,104.0,0,1430.0
538008115,1714472450,-11.200967,-4.627967,104.0,0,1430.0
538008115,1714472510,-11.20325,-4.626233,104.0,0,1430.0
538008115,1714472511,-11.20325,-4.626233,104.0,0,1430.0
538008115,1714472520,-11.203633,-4.625933,104.0,0,1430.0
538008115,1714472541,-11.2045,-4.6253,104.0,0,1430.0
538008115,1714472550,-11.20485,-4.625033,104.0,0,1430.0
538008115,1714472580,-11.206033,-4.62415,104.0,0,1430.0
538008115,1714472590,-11.206417,-4.623867,104.0,0,1430.0
538008115,1714472591,-11.206417,-4.623867,104.0,0,1430.0
538008115,1714472640,-11.20835,-4.62245,104.0,0,1440.0
538008115,1714472650,-11.208733,-4.622167,104.0,0,1440.0
538008115,1714472651,-11.208733,-4.622167,104.0,0,1440.0
538008115,1714472661,-11.209167,-4.62185,104.0,0,1440.0
538008115,1714472670,-11.209533,-4.6216,104.0,0,1440.0
538008115,1714472671,-11.209533,-4.6216,104.0,0,1440.0
538008115,1714472681,-11.21,-4.62125,104.0,0,1440.0
538008115,1714472691,-11.2104,-4.620967,104.0,0,1440.0
538008115,1714472692,-11.2104,-4.620967,104.0,0,1440.0
538008115,1714472710,-11.21115,-4.620433,104.0,0,1440.0
538008115,1714472721,-11.21155,-4.620133,104.0,0,1440.0
538008115,1714472731,-11.211933,-4.61985,104.0,0,1440.0
538008115,1714472752,-11.212767,-4.61925,104.0,0,1440.0
538008115,1714472760,-11.213083,-4.619017,104.0,0,1440.0
538008115,1714472761,-11.213083,-4.619017,104.0,0,1440.0
538008115,1714472770,-11.213467,-4.618717,104.0,0,1440.0
538008115,1714472782,-11.213933,-4.618383,104.0,0,1440.0
538008115,1714472791,-11.214283,-4.6181,104.0,0,1430.0
538008115,1714472907,-11.2186,-4.614867,104.0,0,1430.0
538008115,1714473155,-11.228383,-4.607617,104.0,0,1440.0
538008115,1714473200,-11.229967,-4.606433,104.0,0,1440.0
538008115,1714473372,-11.237033,-4.601283,104.0,0,1440.0
538008115,1714473672,-11.248783,-4.592717,103.0,0,1440.0
538008115,1714473693,-11.2496,-4.592133,104.0,0,1440.0
538008115,1714473704,-11.249917,-4.5919,103.0,0,1440.0
538008115,1714473905,-11.2578,-4.586,103.0,0,1420.0
538008115,1714473913,-11.258117,-4.585767,103.0,0,1420.0
538008115,1714474063,-11.2639,-4.581267,104.0,0,1420.0
538008115,1714474137,-11.264283,-4.580967,104.0,0,1420.0
538008115,1714474213,-11.269583,-4.576817,103.0,0,1420.0
538008115,1714474456,-11.27885,-4.569667,104.0,0,1420.0
538008115,1714474515,-11.28115,-4.56785,104.0,0,1410.0
538008115,1714475362,-11.313567,-4.542217,104.0,0,1420.0
538008115,1714475505,-11.318967,-4.537933,104.0,0,1410.0
538008115,1714475626,-11.32355,-4.534267,104.0,0,1410.0
538008115,1714475854,-11.33225,-4.52725,104.0,0,1420.0
538008115,1714475925,-11.3349,-4.525133,104.0,0,1420.0
538008115,1714476033,-11.339067,-4.521733,104.0,0,1410.0
538008115,1714476273,-11.348233,-4.514583,104.0,0,1440.0
538008115,1714476404,-11.353267,-4.51075,103.0,0,1430.0
538008115,1714476586,-11.360233,-4.505383,104.0,0,1420.0
538008115,1714476633,-11.3622,-4.503867,104.0,0,1420.0
538008115,1714476705,-11.364883,-4.501783,104.0,0,1430.0
538008115,1714476807,-11.3688,-4.4988,105.0,0,1430.0
538008115,1714476934,-11.373883,-4.494967,103.0,0,1430.0
538008115,1714477167,-11.382933,-4.488133,104.0,0,1430.0
538008115,1714477395,-11.3917,-4.481067,105.0,0,1410.0
538008115,1714477533,-11.396983,-4.476733,105.0,0,1420.0
538008115,1714477813,-11.407767,-4.468217,104.0,0,1420.0
538008115,1714477873,-11.41015,-4.46635,104.0,0,1420.0
538008115,1714478103,-11.419067,-4.45925,105.0,0,1420.0
538008115,1714478113,-11.419383,-4.459017,105.0,0,1420.0
538008115,1714478208,-11.42295,-4.456233,104.0,0,1420.0
538008115,1714478433,-11.431783,-4.44915,104.0,0,1410.0
538008115,1714478728,-11.437383,-4.444567,104.0,0,1410.0
538008115,1714478870,-11.44125,-4.44145,104.0,0,1410.0
538008115,1714478935,-11.4507,-4.4337,103.0,0,1400.0
538008115,1714479903,-11.487183,-4.403583,104.0,0,1400.0
538008115,1714480513,-11.510267,-4.38475,104.0,0,1420.0
538008115,1714480536,-11.511083,-4.384133,103.0,0,1430.0
538008115,1714480633,-11.514883,-4.381217,103.0,0,1420.0
538008115,1714480717,-11.518,-4.378817,103.0,0,1420.0
538008115,1714480853,-11.52335,-4.37465,103.0,0,1420.0
538008115,1714480962,-11.5275,-4.371433,103.0,0,1420.0
538008115,1714481057,-11.531033,-4.368717,103.0,0,1420.0
538008115,1714481165,-11.53525,-4.36545,103.0,0,1420.0
538008115,1714481673,-11.554683,-4.350283,103.0,0,1430.0
538008115,1714481683,-11.55505,-4.349967,103.0,0,1420.0
538008115,1714481993,-11.566767,-4.340717,102.0,0,1410.0
538008115,1714482593,-11.589333,-4.323017,101.0,0,1420.0
538008115,1714482663,-11.592,-4.320967,101.0,0,1420.0
538008115,1714482753,-11.595283,-4.318433,102.0,0,1420.0
538008115,1714483225,-11.6131,-4.304717,102.0,0,1420.0
538008115,1714483463,-11.622217,-4.297717,102.0,0,1430.0
538008115,1714483655,-11.629483,-4.292183,102.0,0,1420.0
538008115,1714483725,-11.632117,-4.29015,101.0,0,1420.0
538008115,1714483834,-11.63625,-4.286967,101.0,0,1430.0
538008115,1714484354,-11.655683,-4.271817,101.0,0,1410.0
538008115,1714484394,-11.657217,-4.270633,101.0,0,1420.0
538008115,1714484474,-11.660167,-4.268317,101.0,0,1420.0
538008115,1714484523,-11.662083,-4.266833,101.0,0,1420.0
538008115,1714484615,-11.6654,-4.264233,101.0,0,1410.0
538008115,1714484672,-11.6677,-4.262433,102.0,0,1420.0
538008115,1714484726,-11.669617,-4.260933,101.0,0,1420.0
538008115,1714485046,-11.681567,-4.251383,102.0,0,1410.0
538008115,1714485584,-11.7018,-4.235217,102.0,0,1410.0
538008115,1714485683,-11.7056,-4.2322,102.0,0,1420.0
538008115,1714485813,-11.71045,-4.228367,102.0,0,1420.0
538008115,1714485822,-11.710817,-4.228067,102.0,0,1420.0
538008115,1714485952,-11.715683,-4.224233,102.0,0,1420.0
538008115,1714485982,-11.71685,-4.2233,102.0,0,1410.0
538008115,1714486144,-11.7229,-4.218417,102.0,0,1400.0
538008115,1714486305,-11.728867,-4.213583,102.0,0,1410.0
538008115,1714486405,-11.732517,-4.210617,102.0,0,1410.0
538008115,1714486615,-11.740467,-4.204233,102.0,0,1410.0
538008115,1714486654,-11.741883,-4.203083,102.0,0,1410.0
538008115,1714486682,-11.743,-4.202217,102.0,0,1420.0
538008115,1714486713,-11.7441,-4.20135,102.0,0,1420.0
538008115,1714486863,-11.7498,-4.1969,102.0,0,1420.0
538008115,1714486936,-11.752467,-4.194783,102.0,0,1410.0
538008115,1714487063,-11.757333,-4.190983,102.0,0,1410.0
538008115,1714487096,-11.7585,-4.19005,102.0,0,1410.0
538008115,1714487245,-11.764117,-4.1856,102.0,0,1420.0
538008115,1714487336,-11.76755,-4.1829,102.0,0,1410.0
538008115,1714487415,-11.77055,-4.180567,102.0,0,1420.0
538008115,1714487486,-11.77325,-4.178517,103.0,0,1430.0
538008115,1714487834,-11.786417,-4.1684,102.0,0,1430.0
538008115,1714487954,-11.79105,-4.164917,101.0,0,1430.0
538008115,1714488094,-11.796167,-4.160933,101.0,0,1430.0
538008115,1714488163,-11.798867,-4.158867,101.0,0,1430.0
538008115,1714488595,-11.815,-4.146617,101.0,0,1420.0
538008115,1714488673,-11.817983,-4.144317,101.0,0,1420.0
538008115,1714488765,-11.82135,-4.14165,100.0,0,1410.0
538008115,1714488974,-11.828967,-4.1355,100.0,0,1420.0
538008115,1714489044,-11.831617,-4.133367,100.0,0,1420.0
538008115,1714489214,-11.837967,-4.128433,101.0,0,1420.0
538008115,1714489324,-11.842067,-4.125283,101.0,0,1420.0
538008115,1714489406,-11.845083,-4.122933,101.0,0,1420.0
538008115,1714489465,-11.847267,-4.121217,101.0,0,1420.0
538008115,1714489582,-11.851717,-4.117717,101.0,0,1420.0
538008115,1714489735,-11.857233,-4.113333,100.0,0,1420.0
538008115,1714489763,-11.85835,-4.112467,100.0,0,1430.0
538008115,1714489963,-11.865733,-4.10655,100.0,0,1410.0
538008115,1714490123,-11.871617,-4.101767,101.0,0,1410.0
538008115,1714490203,-11.874583,-4.099367,101.0,0,1410.0
538008115,1714490303,-11.878217,-4.0964,101.0,0,1420.0
538008115,1714490404,-11.881983,-4.093433,101.0,0,1410.0
538008115,1714490574,-11.888267,-4.088417,101.0,0,1420.0
538008115,1714490624,-11.890133,-4.08695,101.0,0,1420.0
538008115,1714490685,-11.89235,-4.08515,101.0,0,1410.0
538008115,1714490805,-11.896767,-4.08155,102.0,0,1410.0
538008115,1714490865,-11.899,-4.079717,102.0,0,1410.0
538008115,1714490878,-11.899333,-4.07945,102.0,0,1410.0
538008115,1714490985,-11.903467,-4.076067,103.0,0,1410.0
538008115,1714491132,-11.90905,-4.071533,103.0,0,1410.0
538008115,1714491154,-11.9098,-4.070917,103.0,0,1410.0
538008115,1714491224,-11.912417,-4.0687,103.0,0,1390.0
538008115,1714491504,-11.92295,-4.06015,102.0,0,1410.0
538008115,1714491573,-11.925517,-4.058033,103.0,0,1410.0
538008115,1714491693,-11.930017,-4.054367,103.0,0,1410.0
538008115,1714491753,-11.932267,-4.052533,103.0,0,1410.0
538008115,1714491863,-11.93635,-4.0492,103.0,0,1410.0
538008115,1714491914,-11.938267,-4.047617,103.0,0,1410.0
538008115,1714491984,-11.940833,-4.045483,103.0,0,1400.0
538008115,1714492055,-11.9436,-4.043267,104.0,0,1410.0
538008115,1714492065,-11.943967,-4.04295,104.0,0,1410.0
538008115,1714492104,-11.945383,-4.041767,104.0,0,1400.0
538008115,1714492206,-11.949183,-4.03865,103.0,0,1410.0
538008115,1714492405,-11.956683,-4.0326,102.0,0,1430.0
538008115,1714492416,-11.957067,-4.032283,102.0,0,1430.0
538008115,1714492454,-11.9586,-4.031133,103.0,0,1430.0
538008115,1714492475,-11.959367,-4.030567,103.0,0,1430.0
538008115,1714492564,-11.9629,-4.027933,103.0,0,1430.0
538008115,1714492663,-11.9667,-4.025017,102.0,0,1420.0
538008115,1714492723,-11.968967,-4.023233,103.0,0,1410.0
538008115,1714492872,-11.974733,-4.018867,103.0,0,1440.0
538008115,1714492906,-11.975933,-4.017983,102.0,0,1440.0
538008115,1714492975,-11.978583,-4.016,102.0,0,1430.0
538008115,1714493004,-11.979717,-4.015117,102.0,0,1430.0
538008115,1714493088,-11.982833,-4.0127,102.0,0,1420.0
538008115,1714493178,-11.986183,-4.010017,101.0,0,1420.0
538008115,1714493297,-11.99075,-4.006483,102.0,0,1430.0
538008115,1714493453,-11.996933,-4.001917,103.0,0,1430.0
538008115,1714493462,-11.997317,-4.001617,103.0,0,1430.0
538008115,1714493825,-12.011133,-3.990967,104.0,0,1430.0
538008115,1714494203,-12.0259,-3.979883,103.0,0,1420.0
538008115,1714494283,-12.029,-3.977533,103.0,0,1430.0
538008115,1714494666,-12.042783,-3.9654,103.0,0,1380.0
538008115,1714495244,-12.063483,-3.946433,102.0,0,1380.0
538008115,1714495364,-12.067883,-3.942633,104.0,0,1390.0
538008115,1714495624,-12.077433,-3.934517,104.0,0,1390.0
538008115,1714495943,-12.08935,-3.924383,104.0,0,1400.0
538008115,1714496596,-12.113617,-3.9041,103.0,0,1390.0
538008115,1714496726,-12.1184,-3.899983,103.0,0,1390.0
538008115,1714497014,-12.1291,-3.890883,103.0,0,1400.0
538008115,1714497114,-12.132867,-3.887667,103.0,0,1400.0
538008115,1714497155,-12.134333,-3.886467,104.0,0,1400.0
538008115,1714497446,-12.1451,-3.877317,103.0,0,1390.0
538008115,1714497585,-12.150333,-3.872867,104.0,0,1400.0
538008115,1714497855,-12.160183,-3.864333,103.0,0,1400.0
538008115,1714497897,-12.161667,-3.863083,102.0,0,1400.0
538008115,1714497937,-12.163183,-3.861717,103.0,0,1380.0
538008115,1714497975,-12.164617,-3.860567,102.0,0,1410.0
538008115,1714498016,-12.166117,-3.859267,103.0,0,1400.0
538008115,1714498035,-12.166817,-3.8587,102.0,0,1400.0
538008115,1714498056,-12.167583,-3.858033,102.0,0,1390.0
538008115,1714498095,-12.169017,-3.856817,103.0,0,1390.0
538008115,1714498444,-12.181733,-3.845817,102.0,0,1390.0
538008115,1714498562,-12.186067,-3.8421,102.0,0,1390.0
538008115,1714498754,-12.192967,-3.83615,102.0,0,1390.0
538008115,1714498824,-12.195533,-3.83395,102.0,0,1390.0
538008115,1714498892,-12.198083,-3.831733,102.0,0,1390.0
538008115,1714498907,-12.198483,-3.831383,102.0,0,1390.0
538008115,1714498967,-12.200683,-3.829483,103.0,0,1390.0
538008115,1714499003,-12.20215,-3.82825,103.0,0,1390.0
538008115,1714499203,-12.209583,-3.82205,103.0,0,1400.0
538008115,1714499284,-12.212517,-3.81955,103.0,0,1390.0
538008115,1714499364,-12.2154,-3.817067,102.0,0,1390.0
538008115,1714499525,-12.221283,-3.812117,102.0,0,1400.0
538008115,1714499613,-12.224683,-3.809367,103.0,0,1420.0
538008115,1714499645,-12.2258,-3.80845,102.0,0,1410.0
538008115,1714499665,-12.226533,-3.807883,102.0,0,1420.0
538008115,1714499693,-12.22765,-3.806967,102.0,0,1410.0
538008115,1714499783,-12.230983,-3.8042,102.0,0,1400.0
538008115,1714499823,-12.23245,-3.803,102.0,0,1400.0
538008115,1714499905,-12.235467,-3.800533,101.0,0,1410.0
538008115,1714500042,-12.240533,-3.796333,101.0,0,1400.0
538008115,1714500235,-12.247483,-3.790583,102.0,0,1400.0
538008115,1714500405,-12.25375,-3.785467,101.0,0,1410.0
538008115,1714500603,-12.261,-3.77945,101.0,0,1400.0
538008115,1714500725,-12.265383,-3.77585,101.0,0,1400.0
538008115,1714500744,-12.26615,-3.775217,101.0,0,1400.0
538008115,1714500805,-12.26835,-3.773367,101.0,0,1390.0
538008115,1714500876,-12.2709,-3.7713,101.0,0,1410.0
538008115,1714500926,-12.272733,-3.7698,100.0,0,1400.0
538008115,1714501026,-12.276233,-3.76675,100.0,0,1390.0
538008115,1714501164,-12.281217,-3.762383,100.0,0,1390.0
538008115,1714501205,-12.282583,-3.761183,100.0,0,1380.0
538008115,1714501335,-12.287267,-3.757133,100.0,0,1400.0
538008115,1714501494,-12.292883,-3.752167,100.0,0,1380.0
538008115,1714501535,-12.29425,-3.750917,100.0,0,1370.0
538008115,1714501692,-12.2999,-3.745867,100.0,0,1390.0
538008115,1714501903,-12.3074,-3.739283,100.0,0,1390.0
538008115,1714501955,-12.30915,-3.737767,101.0,0,1390.0
538008115,1714502164,-12.316633,-3.731133,101.0,0,1380.0
538008115,1714502286,-12.320883,-3.727333,101.0,0,1380.0
538008115,1714502295,-12.321183,-3.72705,100.0,0,1380.0
538008115,1714502536,-12.3297,-3.71945,100.0,0,1380.0
538008115,1714502582,-12.331383,-3.71795,100.0,0,1380.0
538008115,1714502725,-12.33635,-3.7135,100.0,0,1380.0
538008115,1714503125,-12.35035,-3.700733,99.0,0,1410.0
538008115,1714503194,-12.352867,-3.698683,101.0,0,1400.0
538008115,1714503334,-12.35795,-3.694483,99.0,0,1400.0
538008115,1714503414,-12.36085,-3.691983,98.0,0,1390.0
538008115,1714503435,-12.36155,-3.691367,99.0,0,1390.0
538008115,1714503454,-12.362267,-3.69075,99.0,0,1390.0
538008115,1714503496,-12.363733,-3.689483,99.0,0,1390.0
538008115,1714503536,-12.365167,-3.6883,99.0,0,1400.0
538008115,1714503577,-12.3666,-3.687083,100.0,0,1390.0
538008115,1714503585,-12.366967,-3.686783,100.0,0,1390.0
538008115,1714503762,-12.373217,-3.680933,100.0,0,1360.0
538008115,1714503842,-12.376017,-3.678433,100.0,0,1390.0
538008115,1714504396,-12.39675,-3.662617,100.0,0,1400.0
538008115,1714504499,-12.3997,-3.6602,100.0,0,1410.0
538008115,1714504754,-12.410433,-3.652033,102.0,0,1430.0
538008115,1714504784,-12.4115,-3.651217,102.0,0,1430.0
538008115,1714504843,-12.413817,-3.649517,102.0,0,1440.0
538008115,1714505017,-12.420417,-3.644633,103.0,0,1420.0
538008115,1714505143,-12.425133,-3.64055,102.0,0,1380.0
538008115,1714505285,-12.430183,-3.636117,102.0,0,1380.0
538008115,1714505485,-12.437467,-3.6298,102.0,0,1380.0
538008115,1714505824,-12.44975,-3.619067,102.0,0,1380.0
538008115,1714506164,-12.462,-3.608233,101.0,0,1370.0
538008115,1714506402,-12.470517,-3.6006,101.0,0,1380.0
538008115,1714506645,-12.479017,-3.5926,103.0,0,1380.0
538008115,1714506773,-12.483767,-3.588367,103.0,0,1390.0
538008115,1714506793,-12.484467,-3.587767,103.0,0,1400.0
538008115,1714506888,-12.4879,-3.584867,103.0,0,1390.0
538008115,1714506953,-12.490383,-3.582733,104.0,0,1390.0
538008115,1714507095,-12.495717,-3.5782,105.0,0,1400.0
538008115,1714507154,-12.497983,-3.5763,105.0,0,1400.0
538008115,1714507426,-12.50815,-3.56775,104.0,0,1400.0
538008115,1714507536,-12.5122,-3.564283,104.0,0,1390.0
538008115,1714507592,-12.514417,-3.5624,104.0,0,1400.0
538008115,1714507742,-12.520033,-3.557633,103.0,0,1390.0
538008115,1714507883,-12.525217,-3.553233,103.0,0,1390.0
538008115,1714508175,-12.536017,-3.544167,103.0,0,1400.0
538008115,1714508293,-12.540467,-3.540367,103.0,0,1400.0
538008115,1714508433,-12.54565,-3.536033,104.0,0,1410.0
538008115,1714508584,-12.551317,-3.53145,104.0,0,1400.0
538008115,1714509053,-12.5687,-3.51685,103.0,0,1390.0
538008115,1714509515,-12.585667,-3.502433,102.0,0,1400.0
538008115,1714509663,-12.591167,-3.497883,102.0,0,1400.0
538008115,1714509674,-12.59155,-3.497533,102.0,0,1400.0
538008115,1714509866,-12.598433,-3.491683,103.0,0,1400.0
538008115,1714510015,-12.604117,-3.487083,103.0,0,1420.0
538008115,1714510084,-12.606683,-3.484983,102.0,0,1410.0
538008115,1714510113,-12.607783,-3.484067,103.0,0,1410.0
538008115,1714510223,-12.611833,-3.480733,103.0,0,1410.0
538008115,1714510653,-12.6279,-3.46765,102.0,0,1420.0
538008115,1714510914,-12.637383,-3.459767,102.0,0,1400.0
538008115,1714511115,-12.644683,-3.4535,101.0,0,1390.0
538008115,1714511153,-12.646083,-3.452283,101.0,0,1390.0
538008115,1714511295,-12.65115,-3.447933,101.0,0,1390.0
538008115,1714511394,-12.654833,-3.4447,102.0,0,1390.0
538008115,1714511625,-12.663183,-3.437633,102.0,0,1400.0
538008115,1714511763,-12.668317,-3.433267,102.0,0,1390.0
538008115,1714511863,-12.672,-3.430167,102.0,0,1400.0
538008115,1714511893,-12.673067,-3.429267,102.0,0,1400.0
538008115,1714512846,-12.7079,-3.4002,100.0,0,1390.0
538008115,1714513413,-12.727933,-3.3826,98.0,0,1390.0
538008115,1714513445,-12.72895,-3.381717,99.0,0,1390.0
538008115,1714513505,-12.7311,-3.37985,99.0,0,1380.0
538008115,1714513543,-12.732467,-3.37865,99.0,0,1380.0
538008115,1714513614,-12.7349,-3.376533,99.0,0,1390.0
538008115,1714513695,-12.73785,-3.373967,100.0,0,1390.0
538008115,1714513867,-12.743933,-3.368833,101.0,0,1400.0
538008115,1714513935,-12.746417,-3.3667,99.0,0,1390.0
538008115,1714513969,-12.747817,-3.365467,99.0,0,1380.0
538008115,1714513980,-12.7482,-3.365117,99.0,0,1370.0
538008115,1714513981,-12.7482,-3.365117,99.0,0,1370.0
538008115,1714513990,-12.74855,-3.3648,99.0,0,1380.0
538008115,1714513992,-12.74855,-3.3648,99.0,0,1380.0
538008115,1714514009,-12.749233,-3.36425,99.0,0,1400.0
538008115,1714514040,-12.750333,-3.3633,99.0,0,1390.0
538008115,1714514041,-12.750333,-3.3633,99.0,0,1390.0
538008115,1714514050,-12.75065,-3.363017,99.0,0,1390.0
538008115,1714514059,-12.751,-3.362717,99.0,0,1390.0
538008115,1714514060,-12.751,-3.362717,99.0,0,1390.0
538008115,1714514079,-12.751683,-3.36215,99.0,0,1390.0
538008115,1714514080,-12.751683,-3.36215,99.0,0,1390.0
538008115,1714514084,-12.751683,-3.36215,99.0,0,1390.0
538008115,1714514110,-12.752817,-3.361183,99.0,0,1400.0
538008115,1714514120,-12.753133,-3.3609,99.0,0,1400.0
538008115,1714514130,-12.7535,-3.360617,99.0,0,1400.0
538008115,1714514139,-12.753833,-3.3603,99.0,0,1390.0
538008115,1714514140,-12.753833,-3.3603,99.0,0,1390.0
538008115,1714514150,-12.754183,-3.359983,99.0,0,1390.0
538008115,1714514160,-12.754583,-3.35965,99.0,0,1390.0
538008115,1714514161,-12.754583,-3.35965,99.0,0,1390.0
538008115,1714514170,-12.7549,-3.359367,98.0,0,1390.0
538008115,1714514199,-12.755967,-3.358467,99.0,0,1400.0
538008115,1714514200,-12.755967,-3.358467,99.0,0,1400.0
538008115,1714514204,-12.755967,-3.358467,99.0,0,1400.0
538008115,1714514220,-12.756683,-3.3579,98.0,0,1400.0
538008115,1714514221,-12.756683,-3.3579,98.0,0,1400.0
538008115,1714514230,-12.75705,-3.3576,99.0,0,1410.0
538008115,1714514259,-12.7581,-3.3567,99.0,0,1400.0
538008115,1714514260,-12.7581,-3.3567,99.0,0,1400.0
538008115,1714514270,-12.758467,-3.356367,99.0,0,1400.0
538008115,1714514280,-12.75885,-3.356033,99.0,0,1390.0
538008115,1714514281,-12.75885,-3.356033,99.0,0,1390.0
538008115,1714514320,-12.76025,-3.354817,98.0,0,1380.0
538008115,1714514321,-12.76025,-3.354817,98.0,0,1380.0
538008115,1714514330,-12.760567,-3.35455,99.0,0,1390.0
538008115,1714514341,-12.76095,-3.354217,99.0,0,1390.0
538008115,1714514350,-12.761267,-3.353917,99.0,0,1390.0
538008115,1714514359,-12.761583,-3.35365,99.0,0,1380.0
538008115,1714514381,-12.76235,-3.35295,99.0,0,1370.0
538008115,1714514400,-12.76305,-3.352333,98.0,0,1380.0
538008115,1714514401,-12.76305,-3.352333,98.0,0,1380.0
538008115,1714514431,-12.7641,-3.351367,98.0,0,1370.0
538008115,1714514440,-12.764417,-3.3511,99.0,0,1380.0
538008115,1714514470,-12.765467,-3.350183,99.0,0,1380.0
538008115,1714514491,-12.766167,-3.349567,99.0,0,1390.0
538008115,1714514510,-12.766833,-3.348983,99.0,0,1390.0
538008115,1714514515,-12.766833,-3.348983,99.0,0,1390.0
538008115,1714514520,-12.767183,-3.348667,99.0,0,1390.0
538008115,1714514530,-12.76755,-3.348383,98.0,0,1400.0
538008115,1714514594,-12.769717,-3.34655,99.0,0,1400.0
538008115,1714514611,-12.770433,-3.34595,99.0,0,1410.0
538008115,1714514974,-12.783117,-3.334983,99.0,0,1390.0
538008115,1714515073,-12.786667,-3.331867,100.0,0,1390.0
538008115,1714515205,-12.791333,-3.3279,99.0,0,1390.0
538008115,1714515283,-12.794083,-3.325533,99.0,0,1380.0
538008115,1714515605,-12.805383,-3.315617,100.0,0,1380.0
538008115,1714515633,-12.80645,-3.314717,99.0,0,1400.0
538008115,1714515721,-12.809517,-3.31195,99.0,0,1380.0
538008115,1714516014,-12.8197,-3.303033,99.0,0,1400.0
538008115,1714516103,-12.823017,-3.3003,99.0,0,1400.0
538008115,1714516124,-12.82375,-3.2997,99.0,0,1410.0
538008115,1714516304,-12.830217,-3.29435,99.0,0,1400.0
538008115,1714516363,-12.832367,-3.292567,100.0,0,1400.0
538008115,1714516455,-12.830217,-3.29435,99.0,0,1400.0
538008115,1714516563,-12.839517,-3.28655,98.0,0,1400.0
538008115,1714516745,-12.845817,-3.2811,98.0,0,1400.0
538008115,1714516823,-12.848583,-3.278733,97.0,0,1410.0
538008115,1714516933,-12.852467,-3.275533,98.0,0,1410.0
538008115,1714516995,-12.8546,-3.27375,97.0,0,1400.0
538008115,1714517126,-12.859133,-3.2699,97.0,0,1410.0
538008115,1714517184,-12.861183,-3.268167,95.0,0,1390.0
538008115,1714517365,-12.867433,-3.262917,97.0,0,1400.0
538008115,1714517632,-12.876917,-3.25505,98.0,0,1410.0
538008115,1714517803,-12.882983,-3.250167,98.0,0,1410.0
538008115,1714517944,-12.888,-3.245983,98.0,0,1400.0
538008115,1714518084,-12.89285,-3.2418,98.0,0,1380.0
538008115,1714518184,-12.896383,-3.238717,98.0,0,1390.0
538008115,1714518272,-12.8995,-3.235967,98.0,0,1400.0
538008115,1714518304,-12.90055,-3.23505,99.0,0,1390.0
538008115,1714518332,-12.901633,-3.234167,99.0,0,1400.0
538008115,1714518674,-12.913567,-3.223683,99.0,0,1390.0
538008115,1714518745,-12.915983,-3.221583,99.0,0,1390.0
538008115,1714518862,-12.920233,-3.217867,99.0,0,1390.0
538008115,1714519596,-12.9459,-3.195317,99.0,0,1390.0
538008115,1714519713,-12.9501,-3.19155,100.0,0,1370.0
538008115,1714519774,-12.952217,-3.189683,99.0,0,1390.0
538008115,1714519793,-12.952883,-3.1891,99.0,0,1390.0
538008115,1714519915,-12.957133,-3.185483,99.0,0,1390.0
538008115,1714519993,-12.959967,-3.183017,99.0,0,1390.0
538008115,1714520152,-12.965517,-3.178167,98.0,0,1410.0
538008115,1714520273,-12.969767,-3.1747,98.0,0,1410.0
538008115,1714520565,-12.98025,-3.166217,99.0,0,1410.0
538008115,1714521156,-13.00135,-3.148667,100.0,0,1390.0
538008115,1714521292,-13.006283,-3.14445,99.0,0,1400.0
538008115,1714521334,-13.007733,-3.143183,100.0,0,1390.0
538008115,1714521663,-13.019367,-3.133067,100.0,0,1380.0
538008115,1714521825,-13.02495,-3.128017,100.0,0,1390.0
538008115,1714521875,-13.026667,-3.1265,99.0,0,1390.0
538008115,1714522103,-13.0349,-3.11945,100.0,0,1410.0
538008115,1714522385,-13.045017,-3.1111,98.0,0,1400.0
538008115,1714522504,-13.049367,-3.1075,99.0,0,1400.0
538008115,1714522583,-13.052233,-3.105067,100.0,0,1390.0
538008115,1714523094,-13.070317,-3.08925,100.0,0,1380.0
538008115,1714523314,-13.0781,-3.082633,99.0,0,1390.0
538008115,1714523438,-13.082383,-3.079,99.0,0,1400.0
538008115,1714523514,-13.08515,-3.0766,98.0,0,1400.0
538008115,1714524475,-13.119867,-3.04795,100.0,0,1400.0
538008115,1714524792,-13.131483,-3.038467,99.0,0,1400.0
538008115,1714525304,-13.14985,-3.0232,100.0,0,1400.0
538008115,1714525374,-13.152483,-3.021117,101.0,0,1410.0
538008115,1714525464,-13.15585,-3.018467,101.0,0,1410.0
538008115,1714525604,-13.161,-3.0143,101.0,0,1400.0
538008115,1714526083,-13.178617,-2.999833,101.0,0,1410.0
538008115,1714526523,-13.195033,-2.9865,102.0,0,1410.0
538008115,1714526583,-13.197233,-2.98475,102.0,0,1420.0
538008115,1714526654,-13.199883,-2.9826,101.0,0,1400.0
538008115,1714526947,-13.210383,-2.973567,102.0,0,1380.0
538008115,1714527244,-13.22135,-2.964083,101.0,0,1410.0
538008115,1714527463,-13.22925,-2.957183,101.0,0,1390.0
538008115,1714527646,-13.235717,-2.9516,101.0,0,1410.0
538008115,1714527686,-13.2372,-2.950317,100.0,0,1390.0
538008115,1714527704,-13.2379,-2.949767,100.0,0,1400.0
538008115,1714528075,-13.250783,-2.937767,101.0,0,1380.0
538008115,1714528145,-13.253217,-2.93555,100.0,0,1370.0
538008115,1714528245,-13.2567,-2.932283,101.0,0,1380.0
538008115,1714528415,-13.26265,-2.9267,102.0,0,1360.0
538008115,1714528634,-13.270233,-2.91935,102.0,0,1380.0
538008115,1714528755,-13.2745,-2.9155,102.0,0,1380.0
538008115,1714528864,-13.278583,-2.912067,102.0,0,1410.0
538008115,1714528943,-13.281533,-2.909617,102.0,0,1400.0
538008115,1714529072,-13.286283,-2.905733,100.0,0,1400.0
538008115,1714529232,-13.292167,-2.900733,102.0,0,1400.0
538008115,1714529266,-13.293283,-2.899817,102.0,0,1410.0
538008115,1714529322,-13.295467,-2.898033,101.0,0,1420.0
538008115,1714529414,-13.298783,-2.89525,101.0,0,1390.0
538008115,1714529445,-13.299833,-2.89435,101.0,0,1400.0
538008115,1714529502,-13.302,-2.89255,101.0,0,1410.0
538008115,1714529562,-13.304233,-2.890717,101.0,0,1420.0
538008115,1714529785,-13.312233,-2.88405,101.0,0,1400.0
538008115,1714529853,-13.31485,-2.881867,101.0,0,1390.0
538008115,1714529872,-13.315533,-2.881267,101.0,0,1390.0
538008115,1714530013,-13.3207,-2.876967,102.0,0,1420.0
538008115,1714530126,-13.3248,-2.8736,102.0,0,1400.0
538008115,1714530224,-13.328417,-2.87055,102.0,0,1410.0
538008115,1714530253,-13.329517,-2.869617,101.0,0,1400.0
538008115,1714530364,-13.333567,-2.86625,101.0,0,1400.0
538008115,1714530423,-13.335717,-2.86445,101.0,0,1410.0
538008115,1714530556,-13.340533,-2.8605,101.0,0,1400.0
538008115,1714530674,-13.344967,-2.856917,101.0,0,1410.0
538008115,1714530732,-13.347233,-2.855133,101.0,0,1420.0
538008115,1714530865,-13.351883,-2.851233,101.0,0,1400.0
538008115,1714531084,-13.36,-2.844467,100.0,0,1400.0
538008115,1714531372,-13.370667,-2.83585,101.0,0,1390.0
538008115,1714531423,-13.372467,-2.834317,100.0,0,1400.0
538008115,1714531634,-13.3801,-2.82795,100.0,0,1400.0
538008115,1714531817,-13.3866,-2.822533,99.0,0,1400.0
538008115,1714531853,-13.387933,-2.821367,99.0,0,1390.0
538008115,1714532014,-13.393817,-2.816567,100.0,0,1410.0
538008115,1714532065,-13.395583,-2.81515,101.0,0,1420.0
538008115,1714532121,-13.397817,-2.813317,100.0,0,1400.0
538008115,1714532332,-13.4055,-2.807017,101.0,0,1420.0
538008115,1714532374,-13.407017,-2.805783,99.0,0,1410.0
538008115,1714532637,-13.415967,-2.797467,101.0,0,1350.0
538008115,1714532745,-13.419817,-2.793883,99.0,0,1380.0
538008115,1714532758,-13.420167,-2.793567,100.0,0,1380.0
538008115,1714532874,-13.424367,-2.789767,100.0,0,1380.0
538008115,1714532935,-13.426467,-2.787833,101.0,0,1370.0
538008115,1714533045,-13.430233,-2.784217,100.0,0,1350.0
538008115,1714533195,-13.435367,-2.779367,100.0,0,1370.0
538008115,1714533283,-13.438533,-2.776483,101.0,0,1390.0
538008115,1714533315,-13.4396,-2.77545,101.0,0,1370.0
538008115,1714533365,-13.441383,-2.77385,101.0,0,1370.0
538008115,1714533434,-13.443817,-2.771533,102.0,0,1370.0
538008115,1714533642,-13.451133,-2.764617,101.0,0,1370.0
538008115,1714533725,-13.453917,-2.761983,101.0,0,1370.0
538008115,1714533895,-13.460133,-2.756533,102.0,0,1410.0
538008115,1714533945,-13.46195,-2.755017,102.0,0,1400.0
538008115,1714534055,-13.46595,-2.75165,102.0,0,1400.0
538008115,1714534123,-13.468467,-2.749467,101.0,0,1390.0
538008115,1714534175,-13.4702,-2.747933,101.0,0,1390.0
538008115,1714534326,-13.475667,-2.743167,100.0,0,1390.0
538008115,1714534416,-13.478833,-2.740383,100.0,0,1380.0
538008115,1714534507,-13.4821,-2.73755,101.0,0,1390.0
538008115,1714534541,-13.4835,-2.736333,101.0,0,1390.0
538008115,1714534584,-13.484967,-2.735117,101.0,0,1410.0
538008115,1714534602,-13.4857,-2.734517,101.0,0,1400.0
538008115,1714534662,-13.487933,-2.7327,101.0,0,1410.0
538008115,1714535992,-13.537267,-2.692183,103.0,0,1400.0
538008115,1714536245,-13.546383,-2.684233,102.0,0,1400.0
538008115,1714536283,-13.547833,-2.683,102.0,0,1390.0
538008115,1714536353,-13.550367,-2.68085,102.0,0,1390.0
538008115,1714536822,-13.567417,-2.66595,102.0,0,1390.0
538008115,1714536864,-13.5689,-2.6647,102.0,0,1400.0
538008115,1714536883,-13.569617,-2.66405,103.0,0,1390.0
538008115,1714537183,-13.58035,-2.65455,101.0,0,1390.0
538008115,1714537304,-13.5847,-2.650833,101.0,0,1410.0
538008115,1714537903,-13.60645,-2.631833,103.0,0,1390.0
538008115,1714538262,-13.619583,-2.6206,102.0,0,1390.0
538008115,1714538844,-13.64085,-2.602267,101.0,0,1400.0
538008115,1714539344,-13.659317,-2.586917,102.0,0,1400.0
538008115,1714539655,-13.670783,-2.577717,101.0,0,1410.0
538008115,1714539665,-13.671133,-2.57745,101.0,0,1410.0
538008115,1714539883,-13.6793,-2.5707,102.0,0,1410.0
538008115,1714540004,-13.68375,-2.56705,102.0,0,1410.0
538008115,1714540165,-13.689733,-2.5622,103.0,0,1410.0
538008115,1714540184,-13.690517,-2.561617,102.0,0,1420.0
538008115,1714540287,-13.694217,-2.558533,103.0,0,1400.0
538008115,1714540344,-13.696433,-2.5567,103.0,0,1400.0
538008115,1714540528,-13.7031,-2.551117,102.0,0,1400.0
538008115,1714540723,-13.710283,-2.544683,101.0,0,1390.0
538008115,1714541252,-13.729617,-2.527567,104.0,0,1390.0
538008115,1714541473,-13.737733,-2.520333,104.0,0,1390.0
538008115,1714542175,-13.763067,-2.497467,103.0,0,1380.0
538008115,1714542853,-13.78825,-2.4763,102.0,0,1410.0
538008115,1714543035,-13.794817,-2.470667,100.0,0,1390.0
538008115,1714543154,-13.799233,-2.467017,100.0,0,1400.0
538008115,1714543203,-13.801083,-2.465517,100.0,0,1410.0
538008115,1714543304,-13.804817,-2.462467,100.0,0,1400.0
538008115,1714543562,-13.8143,-2.45465,100.0,0,1400.0
538008115,1714543743,-13.821,-2.44915,101.0,0,1420.0
538008115,1714543786,-13.822467,-2.448,102.0,0,1420.0
538008115,1714543855,-13.825117,-2.44585,101.0,0,1410.0
538008115,1714544215,-13.838367,-2.434917,100.0,0,1400.0
538008115,1714544234,-13.839117,-2.434317,101.0,0,1410.0
538008115,1714544272,-13.840483,-2.433133,100.0,0,1390.0
538008115,1714544645,-13.85445,-2.421867,100.0,0,1420.0
538008115,1714544844,-13.8619,-2.415933,101.0,0,1400.0
538008115,1714544873,-13.862967,-2.415033,102.0,0,1400.0
538008115,1714545574,-13.88815,-2.392767,103.0,0,1390.0
538008115,1714545795,-13.896167,-2.385717,102.0,0,1380.0
538008115,1714545976,-13.9026,-2.380017,102.0,0,1380.0
538008115,1714546054,-13.905517,-2.377483,102.0,0,1390.0
538008115,1714546226,-13.911633,-2.37195,103.0,0,1380.0
538008115,1714546521,-13.922467,-2.362167,102.0,0,1380.0
538008115,1714546586,-13.9246,-2.360283,103.0,0,1390.0
538008115,1714546664,-13.92755,-2.3576,102.0,0,1380.0
538008115,1714546706,-13.928983,-2.3563,103.0,0,1380.0
538008115,1714546765,-13.931117,-2.35435,100.0,0,1370.0
538008115,1714546883,-13.935317,-2.350433,101.0,0,1370.0
538008115,1714547462,-13.956083,-2.33225,100.0,0,1400.0
538008115,1714547572,-13.960217,-2.328967,100.0,0,1410.0
538008115,1714547992,-13.975683,-2.316267,100.0,0,1390.0
538008115,1714548104,-13.9797,-2.312883,100.0,0,1400.0
538008115,1714548214,-13.983783,-2.309583,100.0,0,1410.0
538008115,1714548314,-13.987517,-2.306617,100.0,0,1420.0
538008115,1714548325,-13.987917,-2.306283,100.0,0,1420.0
538008115,1714548343,-13.988617,-2.3057,101.0,0,1410.0
538008115,1714548474,-13.99335,-2.30175,100.0,0,1390.0
538008115,1714548593,-13.997833,-2.298083,100.0,0,1420.0
538008115,1714548724,-14.002517,-2.294117,100.0,0,1390.0
538008115,1714548846,-14.00675,-2.2904,99.0,0,1390.0
538008115,1714548942,-14.010317,-2.287333,99.0,0,1400.0
538008115,1714548982,-14.0118,-2.286083,99.0,0,1400.0
538008115,1714549163,-14.018283,-2.280567,98.0,0,1390.0
538008115,1714549413,-14.027167,-2.272917,99.0,0,1390.0
538008115,1714549664,-14.036083,-2.265217,99.0,0,1410.0
538008115,1714549754,-14.039333,-2.262533,100.0,0,1400.0
538008115,1714549864,-14.0433,-2.25915,100.0,0,1380.0
538008115,1714549952,-14.0465,-2.256317,100.0,0,1390.0
538008115,1714550154,-14.053717,-2.250233,99.0,0,1410.0
538008115,1714550194,-14.055167,-2.24905,100.0,0,1410.0
538008115,1714550258,-14.0573,-2.247183,100.0,0,1390.0
538008115,1714550357,-14.060833,-2.244167,99.0,0,1390.0
538008115,1714550554,-14.068017,-2.238,98.0,0,1400.0
538008115,1714550755,-14.075233,-2.231817,100.0,0,1400.0
538008115,1714551074,-14.086883,-2.222067,99.0,0,1400.0
538008115,1714551223,-14.092317,-2.217467,100.0,0,1410.0
538008115,1714551285,-14.094517,-2.2156,101.0,0,1400.0
538008115,1714551463,-14.1011,-2.210133,101.0,0,1410.0
538008115,1714551477,-14.101467,-2.209833,101.0,0,1410.0
538008115,1714551644,-14.107617,-2.204567,99.0,0,1400.0
538008115,1714551742,-14.11115,-2.2015,97.0,0,1390.0
538008115,1714551806,-14.113267,-2.199667,97.0,0,1400.0
538008115,1714552045,-14.121783,-2.192483,98.0,0,1410.0
538008115,1714552224,-14.1283,-2.187117,100.0,0,1400.0
538008115,1714552553,-14.140167,-2.176983,99.0,0,1400.0
538008115,1714553125,-14.16075,-2.159817,100.0,0,1410.0
538008115,1714553815,-14.185917,-2.138917,101.0,0,1400.0
538008115,1714553935,-14.190233,-2.135233,100.0,0,1410.0
538008115,1714554202,-14.200083,-2.127,100.0,0,1400.0
538008115,1714554444,-14.208733,-2.1196,99.0,0,1400.0
538008115,1714554463,-14.209417,-2.119033,100.0,0,1400.0
538008115,1714554896,-14.224883,-2.105833,98.0,0,1400.0
538008115,1714555274,-14.2386,-2.09405,100.0,0,1380.0
538008115,1714555393,-14.243,-2.090233,101.0,0,1390.0
538008115,1714555413,-14.243683,-2.089633,101.0,0,1400.0
538008115,1714555543,-14.248333,-2.085483,100.0,0,1380.0
538008115,1714555925,-14.26215,-2.07355,102.0,0,1410.0
538008115,1714556023,-14.265733,-2.070333,100.0,0,1390.0
538008115,1714556306,-14.275917,-2.061517,100.0,0,1380.0
538008115,1714556503,-14.283033,-2.055167,100.0,0,1390.0
538008115,1714556603,-14.28665,-2.052017,100.0,0,1390.0
538008115,1714556621,-14.287333,-2.051417,101.0,0,1380.0
538008115,1714556684,-14.289483,-2.049517,101.0,0,1390.0
538008115,1714556815,-14.294183,-2.045467,100.0,0,1390.0
538008115,1714556982,-14.30025,-2.0401,97.0,0,1380.0
538008115,1714557062,-14.303033,-2.037583,98.0,0,1390.0
538008115,1714557071,-14.303367,-2.0373,98.0,0,1390.0
538008115,1714557111,-14.304767,-2.036083,98.0,0,1390.0
538008115,1714557212,-14.308367,-2.03295,99.0,0,1400.0
538008115,1714557377,-14.31395,-2.027967,99.0,0,1400.0
538008115,1714558004,-14.336233,-2.008417,98.0,0,1380.0
538008115,1714558285,-14.346333,-1.99995,100.0,0,1410.0
538008115,1714558304,-14.347033,-1.999383,101.0,0,1410.0
538008115,1714558363,-14.349183,-1.997583,99.0,0,1390.0
538008115,1714558452,-14.3524,-1.994833,98.0,0,1390.0
538008115,1714558635,-14.35895,-1.989517,98.0,0,1410.0
538008115,1714558655,-14.359667,-1.9889,99.0,0,1400.0
538008115,1714558754,-14.363267,-1.9859,99.0,0,1400.0
538008115,1714559043,-14.373717,-1.977317,97.0,0,1400.0
538008115,1714559247,-14.380867,-1.971333,97.0,0,1410.0
538008115,1714559874,-14.402767,-1.952133,99.0,0,1400.0
538008115,1714560133,-14.411933,-1.944083,99.0,0,1380.0
538008115,1714560274,-14.4169,-1.93965,99.0,0,1380.0
538008115,1714560514,-14.4256,-1.932167,101.0,0,1410.0
538008115,1714560745,-14.433933,-1.924883,101.0,0,1400.0
538008115,1714561022,-14.44395,-1.916033,99.0,0,1380.0
538008115,1714561155,-14.448633,-1.91195,99.0,0,1390.0
538008115,1714561234,-14.4515,-1.90945,101.0,0,1380.0
538008115,1714561267,-14.452633,-1.9085,101.0,0,1400.0
538008115,1714561403,-14.45775,-1.9041,102.0,0,1390.0
538008115,1714561526,-14.462083,-1.90035,102.0,0,1410.0
538008115,1714561536,-14.46245,-1.900033,102.0,0,1390.0
538008115,1714561657,-14.466833,-1.896233,102.0,0,1390.0
538008115,1714561845,-14.473733,-1.890267,103.0,0,1410.0
538008115,1714561964,-14.478167,-1.8865,102.0,0,1400.0
538008115,1714562025,-14.480367,-1.8846,102.0,0,1400.0
538008115,1714562036,-14.480733,-1.8843,103.0,0,1410.0
538008115,1714562133,-14.484383,-1.881167,103.0,0,1400.0
538008115,1714562234,-14.488067,-1.878,103.0,0,1400.0
538008115,1714562255,-14.488817,-1.877383,104.0,0,1410.0
538008115,1714562288,-14.490333,-1.876133,103.0,0,1410.0
538008115,1714562308,-14.491083,-1.8755,104.0,0,1420.0
538008115,1714562319,-14.491533,-1.875133,104.0,0,1410.0
538008115,1714562348,-14.492583,-1.87425,103.0,0,1410.0
538008115,1714562365,-14.493,-1.873917,103.0,0,1410.0
538008115,1714562399,-14.4945,-1.872683,103.0,0,1410.0
538008115,1714562408,-14.49485,-1.8724,103.0,0,1410.0
538008115,1714562435,-14.49555,-1.8718,103.0,0,1410.0
538008115,1714562456,-14.496383,-1.871133,103.0,0,1410.0
538008115,1714562586,-14.501233,-1.867067,104.0,0,1410.0
538008115,1714562694,-14.505433,-1.8637,104.0,0,1410.0
538008115,1714562774,-14.5085,-1.8612,103.0,0,1400.0
538008115,1714562926,-14.513967,-1.856517,102.0,0,1400.0
538008115,1714562985,-14.516183,-1.854583,101.0,0,1400.0
538008115,1714563185,-14.523517,-1.848417,101.0,0,1410.0
538008115,1714563295,-14.527533,-1.845067,101.0,0,1410.0
538008115,1714563375,-14.53045,-1.842583,101.0,0,1390.0
538008115,1714563506,-14.535133,-1.838533,102.0,0,1390.0
538008115,1714563966,-14.551833,-1.824467,100.0,0,1400.0
538008115,1714564113,-14.5572,-1.819867,100.0,0,1390.0
538008115,1714564186,-14.559783,-1.817617,101.0,0,1390.0
538008115,1714564275,-14.563,-1.814867,101.0,0,1410.0
538008115,1714564463,-14.569867,-1.80895,99.0,0,1400.0
538008115,1714564523,-14.572033,-1.80715,100.0,0,1400.0
538008115,1714564862,-14.584333,-1.796633,101.0,0,1390.0
538008115,1714564914,-14.586183,-1.795083,101.0,0,1400.0
538008115,1714565063,-14.591667,-1.790567,100.0,0,1400.0
538008115,1714565256,-14.5985,-1.784617,100.0,0,1370.0
538008115,1714565395,-14.603517,-1.780217,100.0,0,1400.0
538008115,1714565513,-14.607783,-1.776533,100.0,0,1390.0
538008115,1714565664,-14.6132,-1.771783,101.0,0,1390.0
538008115,1714565845,-14.619633,-1.766167,100.0,0,1380.0
538008115,1714565895,-14.621417,-1.764583,99.0,0,1390.0
538008115,1714565945,-14.6232,-1.763033,100.0,0,1400.0
538008115,1714566034,-14.626333,-1.76035,100.0,0,1390.0
538008115,1714566155,-14.630667,-1.756533,100.0,0,1400.0
538008115,1714566277,-14.634967,-1.75275,100.0,0,1400.0
538008115,1714566546,-14.6447,-1.744267,99.0,0,1390.0
538008115,1714566595,-14.646433,-1.74275,100.0,0,1390.0
538008115,1714566629,-14.647517,-1.741783,99.0,0,1380.0
538008115,1714566874,-14.6564,-1.7341,98.0,0,1400.0
538008115,1714567154,-14.666267,-1.725483,98.0,0,1390.0
538008115,1714567403,-14.674967,-1.717933,98.0,0,1380.0
538008115,1714567614,-14.68235,-1.7114,98.0,0,1380.0
538008115,1714567724,-14.686217,-1.707933,98.0,0,1390.0
538008115,1714567844,-14.690417,-1.7042,98.0,0,1390.0
538008115,1714568136,-14.7008,-1.6954,99.0,0,1400.0
538008115,1714568683,-14.720583,-1.6789,99.0,0,1410.0
538008115,1714568833,-14.726017,-1.674417,99.0,0,1400.0
538008115,1714569003,-14.732083,-1.66925,98.0,0,1390.0
538008115,1714569153,-14.7375,-1.664733,99.0,0,1390.0
538008115,1714569474,-14.749083,-1.655117,100.0,0,1410.0
538008115,1714569675,-14.756283,-1.64905,99.0,0,1400.0
538008115,1714570016,-14.7685,-1.638667,100.0,0,1410.0
538008115,1714570174,-14.774283,-1.633667,99.0,0,1390.0
538008115,1714570626,-14.790217,-1.619767,99.0,0,1390.0
538008115,1714570864,-14.79875,-1.612417,100.0,0,1410.0
538008115,1714571043,-14.8052,-1.6069,100.0,0,1390.0
538008115,1714571123,-14.8081,-1.60435,100.0,0,1400.0
538008115,1714571253,-14.812717,-1.600333,101.0,0,1400.0
538008115,1714571343,-14.81605,-1.597517,102.0,0,1400.0
538008115,1714571387,-14.817567,-1.596217,102.0,0,1410.0
538008115,1714571473,-14.8208,-1.593433,103.0,0,1400.0
538008115,1714571503,-14.821933,-1.59245,103.0,0,1390.0
538008115,1714571552,-14.823767,-1.590917,103.0,0,1400.0
538008115,1714571792,-14.832583,-1.583317,103.0,0,1390.0
538008115,1714571875,-14.835583,-1.58075,103.0,0,1400.0
538008115,1714572035,-14.8415,-1.575583,104.0,0,1390.0
538008115,1714572057,-14.8422,-1.574983,104.0,0,1400.0
538008115,1714572094,-14.8437,-1.5737,104.0,0,1390.0
538008115,1714572254,-14.849633,-1.56855,104.0,0,1400.0
538008115,1714572294,-14.8512,-1.567183,104.0,0,1400.0
538008115,1714572355,-14.853383,-1.565283,104.0,0,1400.0
538008115,1714572414,-14.855633,-1.563367,104.0,0,1400.0
538008115,1714572606,-14.8627,-1.55735,104.0,0,1400.0
538008115,1714572654,-14.8646,-1.555683,104.0,0,1380.0
538008115,1714572665,-14.864917,-1.5554,104.0,0,1380.0
538008115,1714572782,-14.869317,-1.551583,103.0,0,1400.0
538008115,1714572833,-14.871217,-1.54995,104.0,0,1400.0
538008115,1714572894,-14.873467,-1.548017,104.0,0,1390.0
538008115,1714573134,-14.882283,-1.540417,104.0,0,1390.0
538008115,1714573257,-14.886683,-1.5366,103.0,0,1400.0
538008115,1714573264,-14.887033,-1.5363,103.0,0,1390.0
538008115,1714573344,-14.889983,-1.533767,102.0,0,1390.0
538008115,1714573434,-14.893283,-1.530917,101.0,0,1390.0
538008115,1714573673,-14.9023,-1.523767,101.0,0,1400.0
538008115,1714573796,-14.906717,-1.520117,101.0,0,1410.0
538008115,1714573825,-14.907833,-1.51915,101.0,0,1390.0
538008115,1714573983,-14.91365,-1.5142,101.0,0,1390.0
538008115,1714574165,-14.920167,-1.508567,101.0,0,1380.0
538008115,1714574293,-14.9248,-1.504467,101.0,0,1400.0
538008115,1714574494,-14.9321,-1.498283,102.0,0,1410.0
538008115,1714574621,-14.9369,-1.494283,101.0,0,1410.0
538008115,1714574815,-14.943767,-1.48825,101.0,0,1380.0
538008115,1714574954,-14.948883,-1.4839,102.0,0,1410.0
538008115,1714575154,-14.95625,-1.4778,102.0,0,1390.0
538008115,1714575215,-14.958517,-1.475933,102.0,0,1400.0
538008115,1714575305,-14.961817,-1.47315,101.0,0,1400.0
538008115,1714575423,-14.966267,-1.469533,100.0,0,1410.0
538008115,1714575913,-14.983783,-1.4542,100.0,0,1380.0
538008115,1714575963,-14.985517,-1.452583,100.0,0,1380.0
538008115,1714576075,-14.989367,-1.449017,99.0,0,1380.0
538008115,1714576275,-14.9963,-1.442617,100.0,0,1380.0
538008115,1714576345,-14.998717,-1.44045,99.0,0,1390.0
538008115,1714576354,-14.99905,-1.440133,99.0,0,1380.0
538008115,1714576484,-15.003533,-1.435983,99.0,0,1370.0
538008115,1714576612,-15.008367,-1.432417,98.0,0,1510.0
538008115,1714576704,-15.0122,-1.430967,95.0,0,1610.0
538008115,1714576864,-15.019233,-1.429333,97.0,0,1700.0
538008115,1714576945,-15.022767,-1.42875,96.0,0,1690.0
538008115,1714577044,-15.027217,-1.427867,97.0,0,1690.0
538008115,1714577055,-15.0277,-1.427783,98.0,0,1700.0
538008115,1714577065,-15.02815,-1.427717,98.0,0,1690.0
538008115,1714577193,-15.03395,-1.426717,98.0,0,1700.0
538008115,1714577273,-15.037583,-1.4262,98.0,0,1720.0
538008115,1714577435,-15.044733,-1.4248,97.0,0,1720.0
538008115,1714577465,-15.046117,-1.4246,96.0,0,1710.0
538008115,1714577504,-15.047817,-1.424417,96.0,0,1750.0
538008115,1714577584,-15.05145,-1.42405,94.0,0,1730.0
538008115,1714577735,-15.0574,-1.421833,91.0,0,1500.0
538008115,1714577814,-15.059883,-1.419483,88.0,0,1330.0
538008115,1714577984,-15.064917,-1.414,93.0,0,1330.0
538008115,1714578105,-15.068483,-1.41,94.0,0,1330.0
538008115,1714578135,-15.069417,-1.409033,95.0,0,1360.0
538008115,1714578215,-15.0719,-1.406383,95.0,0,1320.0
538008115,1714578605,-15.084267,-1.393183,100.0,0,1330.0
538008115,1714578773,-15.089717,-1.3874,100.0,0,1340.0
538008115,1714578915,-15.094317,-1.382517,101.0,0,1330.0
538008115,1714579101,-15.100467,-1.37585,100.0,0,1330.0
538008115,1714579134,-15.101417,-1.3748,101.0,0,1320.0
538008115,1714579534,-15.114417,-1.360783,101.0,0,1330.0
538008115,1714579614,-15.116983,-1.35795,101.0,0,1330.0
538008115,1714579724,-15.120533,-1.354017,102.0,0,1320.0
538008115,1714579766,-15.121817,-1.352567,102.0,0,1330.0
538008115,1714579894,-15.12605,-1.34795,101.0,0,1320.0
538008115,1714580074,-15.131917,-1.3416,101.0,0,1340.0
538008115,1714580084,-15.132233,-1.34125,101.0,0,1340.0
538008115,1714580128,-15.133517,-1.339917,101.0,0,1340.0
538008115,1714580307,-15.1396,-1.333667,102.0,0,1350.0
538008115,1714580364,-15.141617,-1.33165,101.0,0,1350.0
538008115,1714581172,-15.168433,-1.303733,101.0,0,1350.0
538008115,1714581482,-15.178983,-1.293083,101.0,0,1350.0
538008115,1714581635,-15.184067,-1.287967,101.0,0,1360.0
538008115,1714581657,-15.184767,-1.287333,101.0,0,1380.0
538008115,1714581692,-15.186167,-1.285933,101.0,0,1370.0
538008115,1714581775,-15.1889,-1.283233,102.0,0,1360.0
538008115,1714582305,-15.206817,-1.2653,101.0,0,1360.0
538008115,1714582574,-15.216183,-1.25625,102.0,0,1370.0
538008115,1714582954,-15.229717,-1.24385,102.0,0,1380.0
538008115,1714583026,-15.232233,-1.24155,101.0,0,1380.0
538008115,1714583067,-15.233667,-1.2403,101.0,0,1390.0
538008115,1714583136,-15.2361,-1.238117,101.0,0,1380.0
538008115,1714583173,-15.237517,-1.236817,102.0,0,1380.0
538008115,1714583322,-15.242767,-1.23195,99.0,0,1380.0
538008115,1714583335,-15.243133,-1.231583,100.0,0,1370.0
538008115,1714583465,-15.24775,-1.227483,100.0,0,1380.0
538008115,1714583564,-15.2512,-1.224333,100.0,0,1380.0
538008115,1714584024,-15.26715,-1.209483,100.0,0,1370.0
538008115,1714584154,-15.271633,-1.205283,99.0,0,1380.0
538008115,1714584222,-15.273983,-1.203083,99.0,0,1370.0
538008115,1714584274,-15.2757,-1.20145,97.0,0,1360.0
538008115,1714584404,-15.280067,-1.197267,97.0,0,1380.0
538008115,1714584463,-15.282167,-1.1954,99.0,0,1380.0
538008115,1714584565,-15.285633,-1.19225,99.0,0,1380.0
538008115,1714584575,-15.285933,-1.191967,98.0,0,1380.0
538008115,1714584805,-15.2939,-1.184567,100.0,0,1390.0
538008115,1714584811,-15.294183,-1.1843,99.0,0,1380.0
538008115,1714584864,-15.296067,-1.182717,100.0,0,1410.0
538008115,1714584903,-15.297467,-1.18155,100.0,0,1410.0
538008115,1714584974,-15.299933,-1.179383,97.0,0,1400.0
538008115,1714585086,-15.303833,-1.176167,99.0,0,1420.0
538008115,1714585454,-15.3168,-1.164467,100.0,0,1370.0
538008115,1714585743,-15.326867,-1.155067,100.0,0,1420.0
538008115,1714585764,-15.327683,-1.154433,100.0,0,1420.0
538008115,1714585976,-15.335417,-1.148267,100.0,0,1400.0
538008115,1714586053,-15.338417,-1.145783,101.0,0,1400.0
538008115,1714586173,-15.342833,-1.1422,100.0,0,1400.0
538008115,1714586194,-15.3436,-1.141583,101.0,0,1400.0
538008115,1714586323,-15.34835,-1.1377,101.0,0,1410.0
538008115,1714586363,-15.34985,-1.13645,101.0,0,1410.0
538008115,1714586463,-15.3535,-1.1334,101.0,0,1410.0
538008115,1714586605,-15.358617,-1.12925,101.0,0,1410.0
538008115,1714587064,-15.3753,-1.115283,100.0,0,1410.0
538008115,1714587105,-15.376733,-1.11405,99.0,0,1400.0
538008115,1714587205,-15.380317,-1.110967,98.0,0,1400.0
538008115,1714587365,-15.385983,-1.106067,99.0,0,1400.0
538008115,1714587454,-15.389283,-1.10335,100.0,0,1400.0
538008115,1714587564,-15.39345,-1.10005,100.0,0,1420.0
538008115,1714587683,-15.397933,-1.096517,100.0,0,1400.0
538008115,1714587744,-15.400083,-1.094633,100.0,0,1390.0
538008115,1714587863,-15.404333,-1.090867,99.0,0,1380.0
538008115,1714588124,-15.413517,-1.083,98.0,0,1390.0
538008115,1714588243,-15.417833,-1.079433,98.0,0,1420.0
538008115,1714588364,-15.422217,-1.075983,99.0,0,1410.0
538008115,1714588664,-15.433033,-1.066917,98.0,0,1410.0
538008115,1714588695,-15.434067,-1.06605,98.0,0,1400.0
538008115,1714588715,-15.43485,-1.065433,98.0,0,1410.0
538008115,1714588735,-15.435517,-1.064867,98.0,0,1400.0
538008115,1714588755,-15.43625,-1.064283,97.0,0,1410.0
538008115,1714588814,-15.4384,-1.062533,98.0,0,1420.0
538008115,1714588855,-15.439867,-1.061317,98.0,0,1410.0
538008115,1714588875,-15.44055,-1.060767,97.0,0,1400.0
538008115,1714588901,-15.4416,-1.059917,98.0,0,1420.0
538008115,1714588935,-15.442717,-1.058983,98.0,0,1410.0
538008115,1714588955,-15.443483,-1.058367,99.0,0,1410.0
538008115,1714588975,-15.444233,-1.057783,99.0,0,1410.0
538008115,1714588995,-15.444917,-1.057217,99.0,0,1410.0
538008115,1714589035,-15.44635,-1.056017,98.0,0,1410.0
538008115,1714589097,-15.448567,-1.054233,98.0,0,1410.0
538008115,1714589153,-15.45065,-1.05245,99.0,0,1400.0
538008115,1714589253,-15.45415,-1.04935,99.0,0,1390.0
538008115,1714589323,-15.456583,-1.0472,99.0,0,1380.0
538008115,1714589432,-15.460467,-1.043717,99.0,0,1380.0
538008115,1714589603,-15.46635,-1.038383,98.0,0,1390.0
538008115,1714589963,-15.479033,-1.0272,99.0,0,1390.0
538008115,1714590125,-15.484733,-1.022217,99.0,0,1400.0
538008115,1714590156,-15.4858,-1.0213,99.0,0,1400.0
538008115,1714590166,-15.486167,-1.021,99.0,0,1400.0
538008115,1714590255,-15.48935,-1.01825,98.0,0,1390.0
538008115,1714590974,-15.5146,-0.9961,97.0,0,1380.0
538008115,1714591052,-15.5174,-0.99365,98.0,0,1390.0
538008115,1714591074,-15.518183,-0.993017,98.0,0,1400.0
538008115,1714591346,-15.527683,-0.9847,98.0,0,1390.0
538008115,1714591362,-15.52835,-0.9841,98.0,0,1390.0
538008115,1714591405,-15.529783,-0.98285,98.0,0,1400.0
538008115,1714591532,-15.534333,-0.978883,99.0,0,1400.0
538008115,1714591745,-15.541733,-0.972367,100.0,0,1370.0
538008115,1714591795,-15.543517,-0.97075,99.0,0,1380.0
538008115,1714591945,-15.548783,-0.966117,99.0,0,1390.0
538008115,1714592004,-15.550883,-0.96425,99.0,0,1390.0
538008115,1714592123,-15.555117,-0.96055,100.0,0,1380.0
538008115,1714592145,-15.555783,-0.959933,99.0,0,1370.0
538008115,1714592433,-15.565983,-0.950967,99.0,0,1390.0
538008115,1714592487,-15.567783,-0.9494,100.0,0,1400.0
538008115,1714592616,-15.572333,-0.94535,100.0,0,1400.0
538008115,1714592765,-15.577683,-0.9407,100.0,0,1400.0
538008115,1714592854,-15.580983,-0.937867,101.0,0,1400.0
538008115,1714593314,-15.597683,-0.923667,100.0,0,1400.0
538008115,1714593415,-15.601283,-0.920667,99.0,0,1410.0
538008115,1714593624,-15.6088,-0.914067,100.0,0,1390.0
538008115,1714593753,-15.61345,-0.910117,100.0,0,1410.0
538008115,1714593824,-15.615983,-0.908017,100.0,0,1410.0
538008115,1714593884,-15.618117,-0.906233,100.0,0,1410.0
538008115,1714593955,-15.620683,-0.904067,100.0,0,1410.0
538008115,1714594252,-15.6314,-0.8947,100.0,0,1400.0
538008115,1714594266,-15.631767,-0.894383,100.0,0,1400.0
538008115,1714594362,-15.635383,-0.891317,100.0,0,1410.0
538008115,1714594664,-15.646317,-0.882133,101.0,0,1410.0
538008115,1714594804,-15.651367,-0.87785,101.0,0,1390.0
538008115,1714594814,-15.651733,-0.87755,101.0,0,1400.0
538008115,1714594904,-15.655067,-0.874767,101.0,0,1410.0
538008115,1714594974,-15.657617,-0.872633,101.0,0,1410.0
538008115,1714595093,-15.661867,-0.86895,100.0,0,1400.0
538008115,1714595273,-15.668283,-0.863383,99.0,0,1390.0
538008115,1714595403,-15.672917,-0.8595,99.0,0,1410.0
538008115,1714595468,-15.675117,-0.857667,99.0,0,1410.0
538008115,1714595895,-15.68595,-0.848767,99.0,0,1390.0
538008115,1714596095,-15.69775,-0.8387,100.0,0,1400.0
538008115,1714596104,-15.698117,-0.8384,100.0,0,1400.0
538008115,1714597563,-15.75,-0.7931,100.0,0,1390.0
538008115,1714597744,-15.756383,-0.787533,100.0,0,1400.0
538008115,1714597903,-15.762033,-0.782533,100.0,0,1390.0
538008115,1714598102,-15.76915,-0.776233,101.0,0,1380.0
538008115,1714598144,-15.7707,-0.77485,101.0,0,1390.0
538008115,1714598324,-15.777133,-0.769083,101.0,0,1390.0
538008115,1714598350,-15.778183,-0.76815,101.0,0,1380.0
538008115,1714598374,-15.7789,-0.7675,101.0,0,1390.0
538008115,1714598382,-15.7793,-0.767167,101.0,0,1390.0
538008115,1714598442,-15.7815,-0.76525,101.0,0,1390.0
538008115,1714598480,-15.7829,-0.76405,102.0,0,1400.0
538008115,1714598481,-15.7829,-0.76405,102.0,0,1400.0
538008115,1714598491,-15.783267,-0.763733,101.0,0,1400.0
538008115,1714598521,-15.7844,-0.76275,101.0,0,1390.0
538008115,1714598551,-15.785467,-0.7618,101.0,0,1390.0
538008115,1714598562,-15.785867,-0.761467,101.0,0,1400.0
538008115,1714598571,-15.786183,-0.761183,101.0,0,1400.0
538008115,1714598581,-15.78655,-0.760867,101.0,0,1390.0
538008115,1714598590,-15.7869,-0.760533,102.0,0,1390.0
538008115,1714598600,-15.787233,-0.7602,102.0,0,1380.0
538008115,1714598601,-15.787233,-0.7602,102.0,0,1380.0
538008115,1714598611,-15.787633,-0.75985,102.0,0,1380.0
538008115,1714598622,-15.787983,-0.759533,102.0,0,1380.0
538008115,1714598631,-15.7883,-0.759217,101.0,0,1370.0
538008115,1714598650,-15.789017,-0.758583,101.0,0,1380.0
538008115,1714598720,-15.791433,-0.7563,101.0,0,1360.0
538008115,1714598872,-15.79685,-0.751383,101.0,0,1390.0
538008115,1714598935,-15.799017,-0.749483,100.0,0,1390.0
538008115,1714599386,-15.815017,-0.735383,98.0,0,1390.0
538008115,1714599535,-15.820383,-0.730767,99.0,0,1380.0
538008115,1714599716,-15.826733,-0.725183,99.0,0,1390.0
538008115,1714599755,-15.82815,-0.723967,98.0,0,1400.0
538008115,1714599954,-15.835283,-0.717867,99.0,0,1400.0
538008115,1714600046,-15.83855,-0.715133,100.0,0,1400.0
538008115,1714600063,-15.839233,-0.71455,99.0,0,1410.0
538008115,1714600247,-15.845867,-0.7093,100.0,0,1430.0
538008115,1714600445,-15.853183,-0.703217,100.0,0,1410.0
538008115,1714600495,-15.855017,-0.701767,100.0,0,1420.0
538008115,1714600595,-15.858717,-0.698733,101.0,0,1420.0
538008115,1714600722,-15.863533,-0.69475,101.0,0,1410.0
538008115,1714600884,-15.869317,-0.68985,99.0,0,1410.0
538008115,1714600912,-15.870433,-0.688917,101.0,0,1390.0
538008115,1714601095,-15.877067,-0.683567,101.0,0,1410.0
538008115,1714601234,-15.882233,-0.679333,100.0,0,1400.0
538008115,1714601283,-15.884033,-0.67785,101.0,0,1410.0
538008115,1714601343,-15.88625,-0.676033,100.0,0,1410.0
538008115,1714601464,-15.890683,-0.67245,101.0,0,1410.0
538008115,1714601586,-15.895117,-0.668817,100.0,0,1400.0
538008115,1714601882,-15.9062,-0.659783,101.0,0,1410.0
538008115,1714601955,-15.908867,-0.6576,101.0,0,1420.0
538008115,1714602215,-15.918567,-0.649633,102.0,0,1420.0
538008115,1714602223,-15.91895,-0.649333,102.0,0,1420.0
538008115,1714602334,-15.923117,-0.64605,102.0,0,1420.0
538008115,1714602345,-15.923483,-0.645733,102.0,0,1410.0
538008115,1714602395,-15.925333,-0.644167,103.0,0,1400.0
538008115,1714602414,-15.926133,-0.643533,103.0,0,1410.0
538008115,1714602625,-15.933733,-0.637,102.0,0,1390.0
538008115,1714602743,-15.938083,-0.633167,102.0,0,1400.0
538008115,1714602885,-15.9433,-0.628783,102.0,0,1420.0
538008115,1714603024,-15.948483,-0.624467,102.0,0,1400.0
538008115,1714603292,-15.9582,-0.615767,103.0,0,1380.0
538008115,1714603882,-15.979383,-0.595933,103.0,0,1390.0
538008115,1714603892,-15.979733,-0.5956,104.0,0,1390.0
538008115,1714603912,-15.980433,-0.594983,103.0,0,1390.0
538008115,1714603921,-15.98075,-0.5947,104.0,0,1390.0
538008115,1714603931,-15.98115,-0.594333,103.0,0,1380.0
538008115,1714603932,-15.98115,-0.594333,103.0,0,1380.0
538008115,1714603942,-15.981517,-0.593983,103.0,0,1380.0
538008115,1714603952,-15.981883,-0.59365,103.0,0,1380.0
538008115,1714603960,-15.9822,-0.593367,103.0,0,1380.0
538008115,1714603961,-15.9822,-0.593367,103.0,0,1380.0
538008115,1714603972,-15.9826,-0.593,103.0,0,1380.0
538008115,1714603981,-15.982933,-0.592717,103.0,0,1380.0
538008115,1714603988,-15.982933,-0.592717,103.0,0,1380.0
538008115,1714603991,-15.9833,-0.5924,103.0,0,1390.0
538008115,1714603992,-15.9833,-0.5924,103.0,0,1390.0
538008115,1714604002,-15.983717,-0.59205,103.0,0,1390.0
538008115,1714604012,-15.984067,-0.591733,103.0,0,1380.0
538008115,1714604020,-15.984367,-0.591467,104.0,0,1380.0
538008115,1714604031,-15.984783,-0.591067,103.0,0,1380.0
538008115,1714604041,-15.985117,-0.590767,104.0,0,1390.0
538008115,1714604062,-15.985833,-0.59005,104.0,0,1370.0
538008115,1714604072,-15.986183,-0.5897,104.0,0,1370.0
538008115,1714604080,-15.986517,-0.5894,104.0,0,1370.0
538008115,1714604081,-15.986517,-0.5894,104.0,0,1370.0
538008115,1714604091,-15.986883,-0.58905,104.0,0,1370.0
538008115,1714604101,-15.987233,-0.588717,104.0,0,1370.0
538008115,1714604130,-15.9883,-0.587717,103.0,0,1380.0
538008115,1714604140,-15.988617,-0.5874,103.0,0,1370.0
538008115,1714604141,-15.988617,-0.5874,103.0,0,1370.0
538008115,1714604151,-15.989,-0.587017,103.0,0,1360.0
538008115,1714604160,-15.98935,-0.586683,103.0,0,1370.0
538008115,1714604161,-15.98935,-0.586683,103.0,0,1370.0
538008115,1714604171,-15.989717,-0.586367,103.0,0,1370.0
538008115,1714604172,-15.989717,-0.586367,103.0,0,1370.0
538008115,1714604182,-15.990167,-0.585983,103.0,0,1390.0
538008115,1714604191,-15.99045,-0.585717,103.0,0,1380.0
538008115,1714604211,-15.991233,-0.58505,103.0,0,1390.0
538008115,1714604214,-15.991233,-0.58505,103.0,0,1390.0
538008115,1714604221,-15.9916,-0.584717,104.0,0,1390.0
538008115,1714604241,-15.9923,-0.5841,103.0,0,1390.0
538008115,1714604270,-15.993383,-0.5832,103.0,0,1410.0
538008115,1714604281,-15.993817,-0.582817,103.0,0,1400.0
538008115,1714604282,-15.993817,-0.582817,103.0,0,1400.0
538008115,1714604291,-15.994167,-0.582533,103.0,0,1400.0
538008115,1714604301,-15.994533,-0.582217,103.0,0,1410.0
538008115,1714604310,-15.994867,-0.581933,103.0,0,1410.0
538008115,1714604311,-15.994867,-0.581933,103.0,0,1410.0
538008115,1714604330,-15.995683,-0.581317,103.0,0,1420.0
538008115,1714604351,-15.996483,-0.580667,104.0,0,1420.0
538008115,1714604352,-15.996483,-0.580667,104.0,0,1420.0
538008115,1714604380,-15.9976,-0.579783,104.0,0,1420.0
538008115,1714604391,-15.997967,-0.579467,103.0,0,1410.0
538008115,1714604406,-15.998383,-0.579133,104.0,0,1420.0
538008115,1714604410,-15.998733,-0.57885,103.0,0,1420.0
538008115,1714604411,-15.998733,-0.57885,103.0,0,1420.0
538008115,1714604421,-15.999117,-0.578517,103.0,0,1410.0
538008115,1714604431,-15.99955,-0.5782,104.0,0,1420.0
538008115,1714604441,-15.9999,-0.577933,103.0,0,1420.0
538008115,1714604466,-16.000683,-0.577283,104.0,0,1420.0
538008115,1714604470,-16.000999,-0.57705,103.0,0,1420.0
538008115,1714604471,-16.000999,-0.57705,103.0,0,1420.0
538008115,1714604527,-16.002916,-0.575417,104.0,0,1400.0
538008115,1714604645,-16.007334,-0.57165,104.0,0,1410.0
538008115,1714605634,-16.04435,-0.5406,104.0,0,1400.0
538008115,1714605694,-16.046618,-0.538633,103.0,0,1390.0
538008115,1714605824,-16.051451,-0.534483,104.0,0,1390.0
538008115,1714605853,-16.052549,-0.533517,104.0,0,1400.0
538008115,1714605954,-16.056284,-0.53025,104.0,0,1400.0
538008115,1714606094,-16.061417,-0.5257,104.0,0,1380.0
538008115,1714606184,-16.064768,-0.522683,104.0,0,1380.0
538008115,1714606196,-16.065132,-0.522367,104.0,0,1390.0
538008115,1714606262,-16.067751,-0.520067,105.0,0,1400.0
538008115,1714606355,-16.071016,-0.517133,105.0,0,1390.0
538008115,1714606542,-16.078051,-0.510967,104.0,0,1380.0
538008115,1714606557,-16.078484,-0.510567,104.0,0,1390.0
538008115,1714606734,-16.08515,-0.50475,104.0,0,1390.0
538008115,1714606814,-16.088083,-0.502117,103.0,0,1390.0
538008115,1714606963,-16.093616,-0.497183,104.0,0,1400.0
538008115,1714607205,-16.102568,-0.48925,104.0,0,1380.0
538008115,1714607694,-16.120649,-0.473233,103.0,0,1390.0
538008115,1714607713,-16.121349,-0.472617,104.0,0,1390.0
538008115,1714607753,-16.122883,-0.4713,104.0,0,1400.0
538008115,1714607995,-16.131983,-0.463717,105.0,0,1410.0
538008115,1714608063,-16.134666,-0.461567,105.0,0,1420.0
538008115,1714608285,-16.14315,-0.454617,105.0,0,1420.0
538008115,1714608435,-16.148933,-0.4498,105.0,0,1410.0
538008115,1714608513,-16.151966,-0.447267,105.0,0,1410.0
538008115,1714608602,-16.155367,-0.444367,105.0,0,1400.0
538008115,1714608614,-16.155783,-0.444017,105.0,0,1400.0
538008115,1714608733,-16.160334,-0.440167,104.0,0,1400.0
538008115,1714608855,-16.164949,-0.436417,105.0,0,1420.0
538008115,1714608995,-16.1702,-0.43195,104.0,0,1390.0
538008115,1714609073,-16.17305,-0.4293,103.0,0,1370.0
538008115,1714609085,-16.17345,-0.428933,104.0,0,1380.0
538008115,1714609194,-16.177401,-0.425283,104.0,0,1380.0
538008115,1714609702,-16.196167,-0.408833,103.0,0,1390.0
538008115,1714609804,-16.199984,-0.40565,102.0,0,1400.0
538008115,1714609892,-16.203217,-0.40285,102.0,0,1400.0
538008115,1714610295,-16.2181,-0.390033,103.0,0,1400.0
538008115,1714610465,-16.224367,-0.3846,103.0,0,1390.0
538008115,1714610496,-16.225433,-0.383583,104.0,0,1380.0
538008115,1714610581,-16.228701,-0.380617,103.0,0,1380.0
538008115,1714610712,-16.233433,-0.3763,103.0,0,1390.0
538008115,1714610965,-16.242634,-0.3681,103.0,0,1380.0
538008115,1714611006,-16.244101,-0.366767,104.0,0,1390.0
538008115,1714611162,-16.24995,-0.361433,103.0,0,1390.0
538008115,1714611212,-16.251734,-0.359817,104.0,0,1390.0
538008115,1714611302,-16.255033,-0.356883,103.0,0,1380.0
538008115,1714611575,-16.264816,-0.348017,102.0,0,1390.0
538008115,1714611623,-16.266718,-0.346417,102.0,0,1410.0
538008115,1714611877,-16.27585,-0.338583,102.0,0,1400.0
538008115,1714611963,-16.27915,-0.3357,102.0,0,1390.0
538008115,1714611993,-16.280233,-0.334717,102.0,0,1380.0
538008115,1714612586,-16.301968,-0.3162,102.0,0,1400.0
538008115,1714612635,-16.303801,-0.314583,102.0,0,1390.0
538008115,1714612715,-16.306767,-0.312067,103.0,0,1400.0
538008115,1714612772,-16.308933,-0.31015,103.0,0,1400.0
538008115,1714612843,-16.311583,-0.3079,104.0,0,1400.0
538008115,1714612974,-16.316433,-0.3037,104.0,0,1390.0
538008115,1714613023,-16.3183,-0.302017,104.0,0,1380.0
538008115,1714613064,-16.319733,-0.300767,103.0,0,1390.0
538008115,1714613134,-16.322317,-0.298433,103.0,0,1390.0
538008115,1714613274,-16.327618,-0.294017,104.0,0,1420.0
538008115,1714613514,-16.336666,-0.286567,104.0,0,1420.0
538008115,1714613554,-16.338234,-0.2853,104.0,0,1420.0
538008115,1714613573,-16.339018,-0.284667,104.0,0,1420.0
538008115,1714613762,-16.346117,-0.278683,105.0,0,1400.0
538008115,1714614044,-16.356867,-0.269783,104.0,0,1390.0
538008115,1714614191,-16.3624,-0.264883,105.0,0,1390.0
538008115,1714614296,-16.366167,-0.261633,105.0,0,1410.0
538008115,1714614334,-16.367733,-0.260317,104.0,0,1410.0
538008115,1714614397,-16.370001,-0.2584,105.0,0,1400.0
538008115,1714614474,-16.372984,-0.255783,105.0,0,1390.0
538008115,1714614593,-16.377451,-0.251833,105.0,0,1400.0
538008115,1714614765,-16.383818,-0.24615,106.0,0,1380.0
538008115,1714614794,-16.384916,-0.24515,105.0,0,1380.0
538008115,1714614815,-16.385683,-0.244483,105.0,0,1390.0
538008115,1714614875,-16.387899,-0.242517,106.0,0,1400.0
538008115,1714614924,-16.389732,-0.2409,105.0,0,1400.0
538008115,1714614953,-16.3909,-0.23985,106.0,0,1400.0
538008115,1714615166,-16.398783,-0.232933,106.0,0,1400.0
538008115,1714615263,-16.402599,-0.229633,106.0,0,1400.0
538008115,1714615373,-16.406683,-0.226,106.0,0,1380.0
538008115,1714616093,-16.43335,-0.202167,104.0,0,1380.0
538008115,1714616232,-16.438499,-0.197533,104.0,0,1390.0
538008115,1714616525,-16.449249,-0.188117,104.0,0,1390.0
538008115,1714616584,-16.451468,-0.186183,104.0,0,1390.0
538008115,1714616795,-16.459284,-0.179333,104.0,0,1390.0
538008115,1714616995,-16.46665,-0.172683,105.0,0,1390.0
538008115,1714617065,-16.46925,-0.170383,105.0,0,1390.0
538008115,1714617153,-16.472633,-0.167483,105.0,0,1400.0
538008115,1714617274,-16.47715,-0.16355,106.0,0,1390.0
538008115,1714617406,-16.482033,-0.15925,104.0,0,1390.0
538008115,1714617553,-16.4877,-0.154333,104.0,0,1400.0
538008115,1714617676,-16.492184,-0.1504,105.0,0,1390.0
538008115,1714617694,-16.492849,-0.1498,105.0,0,1380.0
538008115,1714617754,-16.495001,-0.14785,103.0,0,1390.0
538008115,1714617825,-16.497601,-0.1455,103.0,0,1380.0
538008115,1714617884,-16.499783,-0.1435,103.0,0,1370.0
538008115,1714617945,-16.502001,-0.141483,104.0,0,1390.0
538008115,1714618075,-16.506634,-0.137283,104.0,0,1380.0
538008115,1714618153,-16.509666,-0.134617,104.0,0,1400.0
538008115,1714618193,-16.511118,-0.133383,104.0,0,1400.0
538008115,1714618265,-16.513817,-0.131117,104.0,0,1400.0
538008115,1714618325,-16.516068,-0.129217,105.0,0,1410.0
538008115,1714618523,-16.523632,-0.1229,105.0,0,1410.0
538008115,1714618535,-16.524082,-0.122517,105.0,0,1400.0
538008115,1714618694,-16.530184,-0.117517,105.0,0,1410.0
538008115,1714618722,-16.5313,-0.1166,104.0,0,1410.0
538008115,1714618816,-16.534767,-0.113717,104.0,0,1410.0
538008115,1714618953,-16.5401,-0.1094,105.0,0,1420.0
538008115,1714619093,-16.54545,-0.104933,104.0,0,1400.0
538008115,1714619263,-16.552,-0.099617,103.0,0,1410.0
538008115,1714619305,-16.553499,-0.098433,104.0,0,1420.0
538008115,1714619573,-16.563618,-0.0899,103.0,0,1390.0
538008115,1714619753,-16.57045,-0.084217,104.0,0,1410.0
538008115,1714620163,-16.5858,-0.07115,103.0,0,1400.0
538008115,1714620483,-16.598167,-0.061083,104.0,0,1420.0
538008115,1714620553,-16.600866,-0.058867,105.0,0,1410.0
538008115,1714620573,-16.601618,-0.058217,105.0,0,1410.0
538008115,1714620814,-16.6108,-0.050533,105.0,0,1410.0
538008115,1714621004,-16.618,-0.0444,105.0,0,1400.0
538008115,1714621081,-16.620983,-0.041917,104.0,0,1410.0
538008115,1714621163,-16.624083,-0.03935,105.0,0,1420.0
538008115,1714621222,-16.626333,-0.037467,104.0,0,1400.0
538008115,1714621243,-16.62715,-0.036817,104.0,0,1410.0
538008115,1714621295,-16.629066,-0.0352,104.0,0,1400.0
538008115,1714621304,-16.629433,-0.03485,104.0,0,1390.0
538008115,1714621333,-16.630533,-0.033933,103.0,0,1410.0
538008115,1714621343,-16.630899,-0.033617,104.0,0,1400.0
538008115,1714621997,-16.655434,-0.012883,104.0,0,1420.0
538008115,1714622241,-16.664682,-0.004817,104.0,0,1400.0
538008115,1714622254,-16.665016,-0.004533,104.0,0,1410.0
538008115,1714622262,-16.665417,-0.004167,104.0,0,1400.0
538008115,1714622474,-16.673117,0.002817,104.0,0,1370.0
538008115,1714622692,-16.681133,0.01005,104.0,0,1380.0
538008115,1714622833,-16.6863,0.014717,103.0,0,1390.0
538008115,1714623485,-16.710051,0.036217,105.0,0,1390.0
538008115,1714623573,-16.713367,0.039233,105.0,0,1380.0
538008115,1714623685,-16.717382,0.043,104.0,0,1370.0
538008115,1714623814,-16.721983,0.047367,103.0,0,1380.0
538008115,1714623892,-16.725,0.0501,104.0,0,1390.0
538008115,1714624273,-16.739384,0.062317,105.0,0,1410.0
538008115,1714624823,-16.760033,0.080183,105.0,0,1390.0
538008115,1714624903,-16.76305,0.082767,105.0,0,1400.0
538008115,1714625562,-16.787983,0.10395,104.0,0,1400.0
538008115,1714625691,-16.7929,0.108083,104.0,0,1390.0
538008115,1714625756,-16.795116,0.109967,105.0,0,1400.0
538008115,1714625884,-16.800068,0.11425,105.0,0,1400.0
538008115,1714625993,-16.804216,0.11765,104.0,0,1410.0
538008115,1714626483,-16.822884,0.133333,105.0,0,1410.0
538008115,1714626635,-16.828583,0.137967,103.0,0,1420.0
538008115,1714627044,-16.84395,0.150833,103.0,0,1380.0
538008115,1714627045,-16.84395,0.150833,103.0,0,1380.0
538008115,1714627052,-16.84425,0.1511,103.0,0,1380.0
538008115,1714627644,-16.861317,0.166317,103.0,0,1410.0
538008115,1714627996,-16.878201,0.181867,103.0,0,1370.0
538008115,1714628203,-16.885733,0.18865,102.0,0,1400.0
538008115,1714628293,-16.889017,0.191517,102.0,0,1400.0
538008115,1714628334,-16.890533,0.19285,102.0,0,1400.0
538008115,1714628583,-16.899549,0.200967,102.0,0,1390.0
538008115,1714628735,-16.905033,0.205867,102.0,0,1390.0
538008115,1714628797,-16.907217,0.2078,102.0,0,1390.0
538008115,1714629125,-16.919201,0.218533,102.0,0,1390.0
538008115,1714629143,-16.919849,0.219117,102.0,0,1390.0
538008115,1714629353,-16.927418,0.225967,102.0,0,1380.0
538008115,1714629514,-16.933132,0.231167,103.0,0,1390.0
538008115,1714629614,-16.936817,0.234383,101.0,0,1380.0
538008115,1714629803,-16.943716,0.240567,103.0,0,1390.0
538008115,1714629924,-16.948,0.244517,103.0,0,1370.0
538008115,1714630104,-16.954533,0.250417,102.0,0,1380.0
538008115,1714630155,-16.956284,0.252017,103.0,0,1380.0
538008115,1714630294,-16.9613,0.256667,103.0,0,1380.0
538008115,1714630304,-16.961683,0.256967,103.0,0,1390.0
538008115,1714630434,-16.96645,0.261233,103.0,0,1400.0
538008115,1714630557,-16.970867,0.265083,103.0,0,1400.0
538008115,1714630643,-16.974234,0.2679,102.0,0,1410.0
538008115,1714630825,-16.980917,0.2735,102.0,0,1410.0
538008115,1714631151,-16.9932,0.283717,103.0,0,1420.0
538008115,1714631243,-16.996683,0.286567,103.0,0,1410.0
538008115,1714631604,-17.010201,0.2978,104.0,0,1420.0
538008115,1714631702,-17.014084,0.30095,104.0,0,1410.0
538008115,1714631824,-17.018551,0.304817,104.0,0,1400.0
538008115,1714632185,-17.032267,0.316367,105.0,0,1400.0
538008115,1714632293,-17.0364,0.319917,104.0,0,1390.0
538008115,1714632375,-17.039351,0.32245,104.0,0,1390.0
538008115,1714632495,-17.0439,0.326283,104.0,0,1400.0
538008115,1714632618,-17.04845,0.330183,104.0,0,1390.0
538008115,1714632784,-17.054783,0.335717,104.0,0,1390.0
538008115,1714632812,-17.055866,0.33665,104.0,0,1390.0
538008115,1714633016,-17.063417,0.34305,104.0,0,1400.0
538008115,1714633133,-17.067966,0.346867,104.0,0,1410.0
538008115,1714633333,-17.0755,0.353233,103.0,0,1390.0
538008115,1714633366,-17.076599,0.354217,103.0,0,1390.0
538008115,1714633437,-17.079218,0.356383,103.0,0,1400.0
538008115,1714633534,-17.083,0.359583,102.0,0,1400.0
538008115,1714633644,-17.087049,0.362933,102.0,0,1410.0
538008115,1714633752,-17.091133,0.3664,102.0,0,1400.0
538008115,1714634045,-17.101784,0.375633,101.0,0,1400.0
538008115,1714634195,-17.10725,0.380383,102.0,0,1390.0
538008115,1714634254,-17.109449,0.382283,101.0,0,1390.0
538008115,1714634556,-17.120501,0.391667,101.0,0,1380.0
538008115,1714634607,-17.122316,0.393267,102.0,0,1390.0
538008115,1714634745,-17.127417,0.3977,102.0,0,1400.0
538008115,1714634864,-17.1318,0.401483,102.0,0,1400.0
538008115,1714635082,-17.139933,0.4084,103.0,0,1390.0
538008115,1714635143,-17.142099,0.410283,102.0,0,1390.0
538008115,1714635454,-17.153534,0.420383,103.0,0,1390.0
538008115,1714635515,-17.1558,0.422367,103.0,0,1390.0
538008115,1714635583,-17.158367,0.424583,103.0,0,1400.0
538008115,1714635805,-17.166567,0.431733,104.0,0,1390.0
538008115,1714635826,-17.167316,0.4324,104.0,0,1390.0
538008115,1714635855,-17.1684,0.4334,104.0,0,1380.0
538008115,1714636014,-17.174282,0.438733,104.0,0,1390.0
538008115,1714636128,-17.17835,0.442367,105.0,0,1390.0
538008115,1714636145,-17.1791,0.443017,105.0,0,1400.0
538008115,1714636303,-17.184982,0.448283,104.0,0,1390.0
538008115,1714636493,-17.191933,0.4545,104.0,0,1390.0
538008115,1714636505,-17.192301,0.454833,104.0,0,1390.0
538008115,1714636623,-17.196716,0.4588,104.0,0,1390.0
538008115,1714636644,-17.197433,0.45945,105.0,0,1390.0
538008115,1714636683,-17.19895,0.460833,105.0,0,1390.0
538008115,1714636793,-17.202999,0.464517,105.0,0,1380.0
538008115,1714636803,-17.203367,0.464867,105.0,0,1370.0
538008115,1714637173,-17.216984,0.477317,104.0,0,1380.0
538008115,1714637644,-17.234484,0.492767,105.0,0,1390.0
538008115,1714638164,-17.253983,0.509683,104.0,0,1380.0
538008115,1714638565,-17.268999,0.522967,105.0,0,1400.0
538008115,1714639214,-17.293249,0.54445,105.0,0,1400.0
538008115,1714639263,-17.295134,0.546067,104.0,0,1410.0
538008115,1714639664,-17.310083,0.5593,105.0,0,1400.0
538008115,1714639715,-17.312,0.560967,105.0,0,1400.0
538008115,1714639906,-17.319134,0.567133,104.0,0,1390.0
538008115,1714639945,-17.320618,0.568433,104.0,0,1390.0
538008115,1714640054,-17.324699,0.571983,103.0,0,1410.0
538008115,1714640172,-17.32935,0.575717,104.0,0,1420.0
538008115,1714640265,-17.332832,0.578567,104.0,0,1400.0
538008115,1714640295,-17.3339,0.579433,104.0,0,1410.0
538008115,1714640394,-17.337717,0.582733,104.0,0,1400.0
538008115,1714640434,-17.339216,0.584033,104.0,0,1400.0
538008115,1714640585,-17.344851,0.58885,104.0,0,1400.0
538008115,1714640604,-17.345617,0.589483,104.0,0,1410.0
538008115,1714640723,-17.350166,0.593317,104.0,0,1410.0
538008115,1714640733,-17.350517,0.5936,105.0,0,1410.0
538008115,1714640988,-17.360117,0.60155,105.0,0,1410.0
538008115,1714641081,-17.363867,0.604717,104.0,0,1410.0
538008115,1714641130,-17.365784,0.6063,104.0,0,1420.0
538008115,1714641162,-17.366966,0.6073,105.0,0,1400.0
538008115,1714641181,-17.367683,0.6079,105.0,0,1410.0
538008115,1714641190,-17.368032,0.608183,105.0,0,1410.0
538008115,1714641201,-17.368433,0.60855,104.0,0,1400.0
538008115,1714641202,-17.368433,0.60855,104.0,0,1400.0
538008115,1714641241,-17.369984,0.60985,104.0,0,1400.0
538008115,1714641250,-17.370317,0.610133,104.0,0,1400.0
538008115,1714641251,-17.370317,0.610133,104.0,0,1400.0
538008115,1714641261,-17.370733,0.610467,104.0,0,1400.0
538008115,1714641262,-17.370733,0.610467,104.0,0,1400.0
538008115,1714641269,-17.370733,0.610467,104.0,0,1400.0
538008115,1714641272,-17.371117,0.610783,104.0,0,1410.0
538008115,1714641292,-17.371866,0.611417,103.0,0,1400.0
538008115,1714641332,-17.373367,0.612717,104.0,0,1400.0
538008115,1714641370,-17.374832,0.613933,104.0,0,1410.0
538008115,1714641371,-17.374832,0.613933,104.0,0,1410.0
538008115,1714641381,-17.37525,0.6143,104.0,0,1390.0
538008115,1714641382,-17.37525,0.6143,104.0,0,1390.0
538008115,1714641390,-17.375584,0.614583,104.0,0,1390.0
538008115,1714641391,-17.375584,0.614583,104.0,0,1390.0
538008115,1714641410,-17.376316,0.615233,104.0,0,1400.0
538008115,1714641411,-17.376316,0.615233,104.0,0,1400.0
538008115,1714641413,-17.376316,0.615233,104.0,0,1400.0
538008115,1714641421,-17.376751,0.615583,103.0,0,1400.0
538008115,1714641430,-17.377083,0.615867,104.0,0,1400.0
538008115,1714641441,-17.377501,0.616217,104.0,0,1400.0
538008115,1714641442,-17.377501,0.616217,104.0,0,1400.0
538008115,1714641450,-17.377832,0.616517,103.0,0,1400.0
538008115,1714641451,-17.377832,0.616517,103.0,0,1400.0
538008115,1714641461,-17.37825,0.616867,103.0,0,1400.0
538008115,1714641470,-17.37855,0.617117,103.0,0,1400.0
538008115,1714641501,-17.3797,0.6181,103.0,0,1400.0
538008115,1714641510,-17.380033,0.618383,103.0,0,1400.0
538008115,1714641521,-17.380466,0.618783,103.0,0,1390.0
538008115,1714641522,-17.380466,0.618783,103.0,0,1390.0
538008115,1714641550,-17.381567,0.6197,103.0,0,1390.0
538008115,1714641570,-17.382299,0.620333,103.0,0,1400.0
538008115,1714641571,-17.382299,0.620333,103.0,0,1400.0
538008115,1714641610,-17.383734,0.6216,103.0,0,1390.0
538008115,1714641630,-17.384518,0.622233,103.0,0,1410.0
538008115,1714641631,-17.384518,0.622233,103.0,0,1410.0
538008115,1714641642,-17.384916,0.6226,103.0,0,1390.0
538008115,1714641685,-17.384916,0.6226,103.0,0,1390.0
538008115,1714641935,-17.395849,0.6318,104.0,0,1400.0
538008115,1714642053,-17.400368,0.635717,105.0,0,1400.0
538008115,1714642355,-17.411716,0.645433,105.0,0,1410.0
538008115,1714642594,-17.420782,0.65335,105.0,0,1400.0
538008115,1714642655,-17.423033,0.655283,105.0,0,1400.0
538008115,1714642924,-17.433268,0.664083,105.0,0,1390.0
538008115,1714643004,-17.436317,0.666717,105.0,0,1400.0
538008115,1714643196,-17.443518,0.672933,105.0,0,1400.0
538008115,1714643526,-17.455833,0.6837,104.0,0,1390.0
538008115,1714644176,-17.479851,0.704967,103.0,0,1390.0
538008115,1714644297,-17.48435,0.708933,103.0,0,1390.0
538008115,1714644506,-17.492132,0.715717,105.0,0,1390.0
538008115,1714644854,-17.505199,0.727283,105.0,0,1390.0
538008115,1714644974,-17.5096,0.731317,105.0,0,1390.0
538008115,1714645133,-17.515699,0.736517,105.0,0,1400.0
538008115,1714645227,-17.519133,0.739417,105.0,0,1400.0
538008115,1714645276,-17.520983,0.740983,105.0,0,1400.0
538008115,1714645515,-17.530083,0.748833,105.0,0,1400.0
538008115,1714645637,-17.534634,0.752767,106.0,0,1400.0
538008115,1714645852,-17.542933,0.76,106.0,0,1410.0
538008115,1714646003,-17.548599,0.764867,106.0,0,1400.0
538008115,1714646103,-17.552418,0.76825,105.0,0,1400.0
538008115,1714646133,-17.553499,0.7692,105.0,0,1390.0
538008115,1714646233,-17.557283,0.772517,105.0,0,1400.0
538008115,1714646366,-17.562166,0.776783,105.0,0,1400.0
538008115,1714646496,-17.566999,0.780917,105.0,0,1410.0
538008115,1714646503,-17.567484,0.78135,105.0,0,1400.0
538008115,1714646643,-17.572683,0.785833,105.0,0,1400.0
538008115,1714646711,-17.5753,0.788183,105.0,0,1390.0
538008115,1714646721,-17.575666,0.7885,105.0,0,1390.0
538008115,1714646723,-17.575666,0.7885,105.0,0,1390.0
538008115,1714646742,-17.57645,0.789183,105.0,0,1390.0
538008115,1714646751,-17.576782,0.789483,105.0,0,1390.0
538008115,1714646771,-17.577499,0.790133,104.0,0,1390.0
538008115,1714646781,-17.577883,0.79045,104.0,0,1400.0
538008115,1714646811,-17.57905,0.791483,105.0,0,1390.0
538008115,1714646841,-17.580168,0.792417,105.0,0,1390.0
538008115,1714646861,-17.58095,0.793117,105.0,0,1410.0
538008115,1714646862,-17.58095,0.793117,105.0,0,1410.0
538008115,1714646871,-17.581301,0.7934,105.0,0,1410.0
538008115,1714646881,-17.581682,0.793717,106.0,0,1410.0
538008115,1714646901,-17.582434,0.7944,105.0,0,1390.0
538008115,1714646910,-17.582767,0.794683,105.0,0,1390.0
538008115,1714646911,-17.582767,0.794683,105.0,0,1390.0
538008115,1714646913,-17.582767,0.794683,105.0,0,1390.0
538008115,1714646921,-17.583233,0.795067,105.0,0,1410.0
538008115,1714646922,-17.583233,0.795067,105.0,0,1410.0
538008115,1714646931,-17.583567,0.79535,105.0,0,1410.0
538008115,1714646941,-17.58395,0.795683,105.0,0,1410.0
538008115,1714646961,-17.5847,0.796333,105.0,0,1400.0
538008115,1714646970,-17.585083,0.79665,105.0,0,1400.0
538008115,1714646971,-17.585083,0.79665,105.0,0,1400.0
538008115,1714646982,-17.585518,0.797,105.0,0,1400.0
538008115,1714646991,-17.58585,0.7973,105.0,0,1400.0
538008115,1714647001,-17.586233,0.797633,105.0,0,1400.0
538008115,1714647021,-17.587017,0.798283,105.0,0,1410.0
538008115,1714647023,-17.587017,0.798283,105.0,0,1410.0
538008115,1714647030,-17.5874,0.798617,105.0,0,1410.0
538008115,1714647031,-17.5874,0.798617,105.0,0,1410.0
538008115,1714647041,-17.587816,0.798967,106.0,0,1400.0
538008115,1714647042,-17.587816,0.798967,106.0,0,1400.0
538008115,1714647051,-17.58815,0.799267,106.0,0,1400.0
538008115,1714647090,-17.589617,0.800533,105.0,0,1400.0
538008115,1714647101,-17.590017,0.800917,105.0,0,1400.0
538008115,1714647111,-17.590433,0.801283,105.0,0,1400.0
538008115,1714647140,-17.591551,0.802233,105.0,0,1400.0
538008115,1714647141,-17.591551,0.802233,105.0,0,1400.0
538008115,1714647150,-17.591917,0.80255,105.0,0,1400.0
538008115,1714647161,-17.59235,0.802917,106.0,0,1400.0
538008115,1714647164,-17.59235,0.802917,106.0,0,1400.0
538008115,1714647171,-17.592684,0.8032,106.0,0,1400.0
538008115,1714647265,-17.596117,0.8061,106.0,0,1410.0
538008115,1714647295,-17.59725,0.807083,105.0,0,1400.0
538008115,1714647415,-17.601749,0.810983,105.0,0,1400.0
538008115,1714647495,-17.604767,0.8136,105.0,0,1400.0
538008115,1714647503,-17.605133,0.813917,105.0,0,1400.0
538008115,1714647663,-17.611168,0.819233,105.0,0,1400.0
538008115,1714647883,-17.619368,0.826433,103.0,0,1400.0
538008115,1714648354,-17.637051,0.8417,105.0,0,1390.0
538008115,1714648416,-17.63925,0.84365,105.0,0,1390.0
538008115,1714648536,-17.643766,0.847583,105.0,0,1400.0
538008115,1714648754,-17.651934,0.854883,103.0,0,1390.0
538008115,1714649073,-17.663868,0.86535,104.0,0,1390.0
538008115,1714649364,-17.674549,0.874867,105.0,0,1390.0
538008115,1714649596,-17.683117,0.882633,104.0,0,1380.0
538008115,1714649757,-17.689016,0.887883,103.0,0,1400.0
538008115,1714649801,-17.690849,0.889483,104.0,0,1400.0
538008115,1714650053,-17.700268,0.897667,104.0,0,1400.0
538008115,1714650066,-17.700684,0.898017,104.0,0,1400.0
538008115,1714650147,-17.703716,0.900667,103.0,0,1400.0
538008115,1714650203,-17.70595,0.902583,104.0,0,1410.0
538008115,1714650253,-17.707767,0.904183,103.0,0,1400.0
538008115,1714650316,-17.7101,0.9062,104.0,0,1400.0
538008115,1714650363,-17.711884,0.907767,103.0,0,1390.0
538008115,1714650792,-17.728083,0.921633,103.0,0,1400.0
538008115,1714650933,-17.733351,0.9262,104.0,0,1400.0
538008115,1714650993,-17.735582,0.928117,103.0,0,1400.0
538008115,1714651123,-17.740534,0.9324,104.0,0,1400.0
538008115,1714651244,-17.745083,0.936367,104.0,0,1400.0
538008115,1714651283,-17.74655,0.937617,104.0,0,1400.0
538008115,1714651353,-17.749201,0.939883,103.0,0,1400.0
538008115,1714651424,-17.751867,0.942183,105.0,0,1400.0
538008115,1714651654,-17.760599,0.949617,105.0,0,1410.0
538008115,1714651925,-17.770817,0.958517,105.0,0,1400.0
538008115,1714651954,-17.771883,0.959433,104.0,0,1400.0
538008115,1714652011,-17.7742,0.96145,105.0,0,1400.0
538008115,1714652184,-17.780817,0.967117,106.0,0,1410.0
538008115,1714652333,-17.786633,0.972017,107.0,0,1410.0
538008115,1714652458,-17.791317,0.976,106.0,0,1400.0
538008115,1714652495,-17.792833,0.9773,107.0,0,1400.0
538008115,1714652514,-17.793667,0.977983,107.0,0,1410.0
538008115,1714652555,-17.795233,0.9793,107.0,0,1410.0
538008115,1714653165,-17.819099,0.999167,107.0,0,1420.0
538008115,1714653253,-17.822701,1.002117,108.0,0,1430.0
538008115,1714653668,-17.838751,1.015383,106.0,0,1390.0
538008115,1714653707,-17.840267,1.016733,107.0,0,1380.0
538008115,1714653897,-17.847418,1.023283,107.0,0,1380.0
538008115,1714653975,-17.850468,1.026,107.0,0,1390.0
538008115,1714654134,-17.856617,1.0315,107.0,0,1390.0
538008115,1714654327,-17.8638,1.038033,108.0,0,1380.0
538008115,1714654574,-17.873333,1.04675,108.0,0,1380.0
538008115,1714655344,-17.902666,1.072767,106.0,0,1400.0
538008115,1714655432,-17.906082,1.075717,107.0,0,1400.0
538008115,1714655654,-17.914383,1.0832,106.0,0,1380.0
538008115,1714655774,-17.918934,1.08725,106.0,0,1400.0
538008115,1714655865,-17.922283,1.090283,106.0,0,1380.0
538008115,1714656084,-17.930651,1.0977,106.0,0,1390.0
538008115,1714656134,-17.932568,1.09945,107.0,0,1380.0
538008115,1714656263,-17.93745,1.103867,107.0,0,1390.0
538008115,1714656364,-17.941299,1.107317,106.0,0,1390.0
538008115,1714656396,-17.942383,1.1083,107.0,0,1390.0
538008115,1714656474,-17.945417,1.11095,106.0,0,1400.0
538008115,1714656644,-17.951933,1.116667,107.0,0,1390.0
538008115,1714656683,-17.953466,1.118033,107.0,0,1390.0
538008115,1714656844,-17.959499,1.123467,107.0,0,1390.0
538008115,1714657112,-17.969833,1.1325,107.0,0,1390.0
538008115,1714657224,-17.974068,1.1362,107.0,0,1400.0
538008115,1714657363,-17.979349,1.14095,106.0,0,1380.0
538008115,1714657705,-17.992201,1.152467,107.0,0,1390.0
538008115,1714657844,-17.997549,1.15725,107.0,0,1390.0
538008115,1714657895,-17.999416,1.158883,107.0,0,1400.0
538008115,1714658172,-18.01,1.168283,107.0,0,1390.0
538008115,1714658265,-18.013384,1.1713,107.0,0,1390.0
538008115,1714658295,-18.014601,1.172383,107.0,0,1390.0
538008115,1714658384,-18.018,1.1754,107.0,0,1390.0
538008115,1714658396,-18.018383,1.175733,107.0,0,1390.0
538008115,1714658446,-18.020218,1.177383,107.0,0,1390.0
538008115,1714658515,-18.0229,1.1798,107.0,0,1390.0
538008115,1714658645,-18.027782,1.1842,106.0,0,1390.0
538008115,1714658935,-18.038668,1.1941,107.0,0,1390.0
538008115,1714659114,-18.045467,1.200167,107.0,0,1390.0
538008115,1714659235,-18.049982,1.204217,106.0,0,1380.0
538008115,1714659265,-18.051117,1.205217,106.0,0,1390.0
538008115,1714659516,-18.060551,1.213617,106.0,0,1390.0
538008115,1714659573,-18.062767,1.215633,106.0,0,1390.0
538008115,1714659634,-18.065001,1.217667,106.0,0,1390.0
538008115,1714659745,-18.069183,1.221433,106.0,0,1380.0
538008115,1714659791,-18.070984,1.223067,106.0,0,1390.0
538008115,1714659824,-18.072184,1.22415,106.0,0,1390.0
538008115,1714659832,-18.072517,1.22445,106.0,0,1390.0
538008115,1714660313,-18.090799,1.240683,107.0,0,1410.0
538008115,1714660564,-18.100634,1.248933,107.0,0,1410.0
538008115,1714660716,-18.10655,1.253767,107.0,0,1420.0
538008115,1714660774,-18.108917,1.255717,107.0,0,1410.0
538008115,1714660915,-18.114317,1.260367,107.0,0,1400.0
538008115,1714661063,-18.120132,1.265317,108.0,0,1410.0
538008115,1714661163,-18.1241,1.26865,108.0,0,1400.0
538008115,1714661284,-18.128733,1.272633,107.0,0,1390.0
538008115,1714661327,-18.13035,1.27405,107.0,0,1400.0
538008115,1714661544,-18.138866,1.2813,107.0,0,1400.0
538008115,1714661616,-18.1416,1.283683,106.0,0,1390.0
538008115,1714661664,-18.143566,1.285417,106.0,0,1390.0
538008115,1714661754,-18.146999,1.288317,106.0,0,1410.0
538008115,1714661834,-18.150183,1.290883,108.0,0,1420.0
538008115,1714662101,-18.160732,1.299817,107.0,0,1410.0
538008115,1714662223,-18.165449,1.303733,107.0,0,1410.0
538008115,1714662325,-18.169367,1.307083,107.0,0,1400.0
538008115,1714662435,-18.173634,1.310783,107.0,0,1400.0
538008115,1714662555,-18.178316,1.3148,107.0,0,1410.0
538008115,1714662607,-18.180233,1.316433,107.0,0,1400.0
538008115,1714662654,-18.182182,1.318083,107.0,0,1410.0
538008115,1714662916,-18.192316,1.326767,108.0,0,1400.0
538008115,1714663033,-18.197001,1.330767,108.0,0,1400.0
538008115,1714663155,-18.201668,1.334767,108.0,0,1410.0
538008115,1714663265,-18.2059,1.338467,107.0,0,1400.0
538008115,1714663346,-18.209017,1.3411,107.0,0,1410.0
538008115,1714663445,-18.21295,1.344467,107.0,0,1410.0
538008115,1714663574,-18.217951,1.348683,107.0,0,1410.0
538008115,1714663634,-18.220333,1.350683,107.0,0,1410.0
538008115,1714663725,-18.223818,1.353617,107.0,0,1410.0
538008115,1714663913,-18.231117,1.360083,107.0,0,1400.0
538008115,1714664256,-18.244467,1.371333,107.0,0,1390.0
538008115,1714664313,-18.246683,1.373333,107.0,0,1380.0
538008115,1714664466,-18.252283,1.378567,107.0,0,1380.0
538008115,1714664474,-18.252617,1.378883,107.0,0,1390.0
538008115,1714664495,-18.253384,1.3796,107.0,0,1380.0
538008115,1714664516,-18.254183,1.380317,107.0,0,1380.0
538008115,1714664534,-18.254932,1.381017,107.0,0,1380.0
538008115,1714664614,-18.257883,1.383633,107.0,0,1390.0
538008115,1714664643,-18.2591,1.384733,107.0,0,1390.0
538008115,1714664954,-18.270767,1.3953,107.0,0,1380.0
538008115,1714665095,-18.276083,1.400133,107.0,0,1390.0
538008115,1714665203,-18.280199,1.40385,107.0,0,1390.0
538008115,1714665523,-18.29225,1.414933,107.0,0,1390.0
538008115,1714665646,-18.29685,1.418983,107.0,0,1390.0
538008115,1714665733,-18.300217,1.4221,107.0,0,1380.0
538008115,1714665843,-18.304268,1.425817,106.0,0,1380.0
538008115,1714665945,-18.308067,1.429217,107.0,0,1400.0
538008115,1714666062,-18.312668,1.433283,107.0,0,1390.0
538008115,1714666184,-18.317232,1.437333,106.0,0,1400.0
538008115,1714666224,-18.318716,1.438617,106.0,0,1400.0
538008115,1714666865,-18.3431,1.459867,106.0,0,1400.0
538008115,1714666955,-18.346582,1.462783,106.0,0,1400.0
538008115,1714667273,-18.35865,1.473267,106.0,0,1430.0
538008115,1714667756,-18.37755,1.4886,107.0,0,1410.0
538008115,1714667795,-18.379066,1.48985,107.0,0,1420.0
538008115,1714668185,-18.39435,1.502417,107.0,0,1410.0
538008115,1714668444,-18.404432,1.51095,107.0,0,1400.0
538008115,1714668485,-18.406,1.512317,108.0,0,1390.0
538008115,1714668883,-18.421267,1.525717,107.0,0,1390.0
538008115,1714669244,-18.435049,1.53785,107.0,0,1400.0
538008115,1714669293,-18.436934,1.539517,107.0,0,1400.0
538008115,1714669404,-18.441116,1.543217,107.0,0,1390.0
538008115,1714669434,-18.442316,1.54425,107.0,0,1400.0
538008115,1714669556,-18.446951,1.5482,108.0,0,1410.0
538008115,1714669696,-18.452232,1.552983,107.0,0,1380.0
538008115,1714669846,-18.4578,1.55815,107.0,0,1380.0
538008115,1714669924,-18.460817,1.560967,107.0,0,1380.0
538008115,1714669951,-18.461918,1.561983,107.0,0,1390.0
538008115,1714670105,-18.467583,1.567167,107.0,0,1380.0
538008115,1714670125,-18.468332,1.56785,107.0,0,1380.0
538008115,1714670252,-18.473217,1.57235,107.0,0,1390.0
538008115,1714670413,-18.479183,1.57785,107.0,0,1390.0
538008115,1714670492,-18.482267,1.58055,107.0,0,1400.0
538008115,1714670665,-18.488783,1.586383,108.0,0,1390.0
538008115,1714671065,-18.504066,1.600083,108.0,0,1390.0
538008115,1714671222,-18.510201,1.60555,108.0,0,1390.0
538008115,1714671454,-18.519133,1.613383,108.0,0,1400.0
538008115,1714671533,-18.522249,1.61605,108.0,0,1400.0
538008115,1714671633,-18.526068,1.619417,107.0,0,1390.0
538008115,1714671863,-18.53495,1.6271,107.0,0,1390.0
538008115,1714671996,-18.539967,1.631567,108.0,0,1380.0
538008115,1714672054,-18.542282,1.633567,107.0,0,1410.0
538008115,1714672243,-18.549549,1.639983,107.0,0,1390.0
538008115,1714672473,-18.558416,1.647833,108.0,0,1400.0
538008115,1714672604,-18.563482,1.652217,108.0,0,1400.0
538008115,1714672703,-18.567467,1.655467,109.0,0,1430.0
538008115,1714672955,-18.577633,1.663633,108.0,0,1430.0
538008115,1714673074,-18.582399,1.667467,108.0,0,1410.0
538008115,1714673565,-18.601433,1.683733,107.0,0,1390.0
538008115,1714674016,-18.6189,1.698917,107.0,0,1410.0
538008115,1714674055,-18.620449,1.700217,107.0,0,1410.0
538008115,1714674095,-18.621983,1.701567,108.0,0,1400.0
538008115,1714674114,-18.622749,1.702233,108.0,0,1390.0
538008115,1714674115,-18.622749,1.702233,108.0,0,1390.0
538008115,1714674126,-18.62315,1.702617,108.0,0,1390.0
538008115,1714674136,-18.623533,1.70295,108.0,0,1400.0
538008115,1714674154,-18.624233,1.703583,108.0,0,1390.0
538008115,1714674175,-18.625084,1.704333,108.0,0,1390.0
538008115,1714674196,-18.625883,1.705067,108.0,0,1390.0
538008115,1714674214,-18.6266,1.705683,108.0,0,1390.0
538008115,1714674224,-18.626966,1.706017,108.0,0,1390.0
538008115,1714674236,-18.627399,1.7064,108.0,0,1390.0
538008115,1714674255,-18.628117,1.70705,108.0,0,1390.0
538008115,1714674264,-18.62855,1.707433,108.0,0,1400.0
538008115,1714674276,-18.628901,1.707733,107.0,0,1390.0
538008115,1714674296,-18.629683,1.708483,108.0,0,1390.0
538008115,1714674315,-18.630417,1.709117,108.0,0,1400.0
538008115,1714674325,-18.630882,1.709533,108.0,0,1380.0
538008115,1714674457,-18.635851,1.71385,108.0,0,1400.0
538008115,1714674713,-18.645849,1.7226,108.0,0,1390.0
538008115,1714674766,-18.647833,1.7244,107.0,0,1380.0
538008115,1714674854,-18.651199,1.72755,107.0,0,1380.0
538008115,1714675157,-18.662567,1.7378,107.0,0,1380.0
538008115,1714675325,-18.668983,1.7437,107.0,0,1380.0
538008115,1714675485,-18.674967,1.749217,106.0,0,1370.0
538008115,1714675522,-18.676416,1.75055,106.0,0,1380.0
538008115,1714675574,-18.678316,1.752317,107.0,0,1380.0
538008115,1714675642,-18.680918,1.754683,107.0,0,1390.0
538008115,1714675666,-18.681683,1.755367,107.0,0,1390.0
538008115,1714675714,-18.683599,1.757117,107.0,0,1390.0
538008115,1714675723,-18.683968,1.75745,107.0,0,1390.0
538008115,1714675775,-18.685801,1.75915,106.0,0,1380.0
538008115,1714675827,-18.687733,1.760933,107.0,0,1380.0
538008115,1714675844,-18.688433,1.7616,106.0,0,1380.0
538008115,1714675904,-18.690651,1.7637,107.0,0,1380.0
538008115,1714675983,-18.693583,1.766433,106.0,0,1380.0
538008115,1714676264,-18.703951,1.776083,106.0,0,1380.0
538008115,1714676462,-18.711367,1.783067,105.0,0,1380.0
538008115,1714676596,-18.7164,1.787367,106.0,0,1400.0
538008115,1714676764,-18.723083,1.79255,105.0,0,1430.0
538008115,1714676824,-18.725451,1.794367,106.0,0,1420.0
538008115,1714676944,-18.7302,1.79805,105.0,0,1420.0
538008115,1714677053,-18.734484,1.801517,105.0,0,1400.0
538008115,1714677104,-18.736383,1.8032,105.0,0,1390.0
538008115,1714677137,-18.737516,1.8042,105.0,0,1390.0
538008115,1714677284,-18.743134,1.8092,106.0,0,1390.0
538008115,1714677315,-18.744232,1.810167,105.0,0,1390.0
538008115,1714677346,-18.745466,1.811217,106.0,0,1400.0
538008115,1714677445,-18.749166,1.814467,105.0,0,1390.0
538008115,1714677452,-18.7495,1.814767,105.0,0,1390.0
538008115,1714677584,-18.754534,1.8191,106.0,0,1400.0
538008115,1714677606,-18.755283,1.81975,106.0,0,1400.0
538008115,1714677654,-18.7572,1.821383,105.0,0,1400.0
538008115,1714677835,-18.764017,1.8274,106.0,0,1390.0
538008115,1714677844,-18.764433,1.827767,106.0,0,1390.0
538008115,1714677896,-18.766233,1.829367,106.0,0,1390.0
538008115,1714678205,-18.778,1.8397,106.0,0,1420.0
538008115,1714678265,-18.78035,1.8417,106.0,0,1410.0
538008115,1714678583,-18.792334,1.852317,105.0,0,1390.0
538008115,1714678732,-18.79785,1.857283,106.0,0,1380.0
538008115,1714678977,-18.806917,1.865333,105.0,0,1400.0
538008115,1714679037,-18.809151,1.86735,105.0,0,1390.0
538008115,1714679092,-18.811367,1.869383,105.0,0,1390.0
538008115,1714679125,-18.812416,1.870383,105.0,0,1380.0
538008115,1714679226,-18.816183,1.873783,105.0,0,1380.0
538008115,1714679255,-18.817232,1.874767,104.0,0,1380.0
538008115,1714679265,-18.8176,1.8751,104.0,0,1370.0
538008115,1714679394,-18.822451,1.8795,104.0,0,1390.0
538008115,1714679514,-18.826883,1.883483,104.0,0,1380.0
538008115,1714679596,-18.829782,1.886133,104.0,0,1380.0
538008115,1714679654,-18.831966,1.888167,103.0,0,1370.0
538008115,1714679693,-18.833418,1.889433,103.0,0,1390.0
538008115,1714679723,-18.834551,1.890417,104.0,0,1400.0
538008115,1714679822,-18.838266,1.893717,104.0,0,1390.0
538008115,1714679885,-18.840433,1.895633,104.0,0,1400.0
538008115,1714679892,-18.840851,1.895983,103.0,0,1400.0
538008115,1714679982,-18.844217,1.8989,104.0,0,1410.0
538008115,1714680056,-18.8468,1.901183,105.0,0,1400.0
538008115,1714680123,-18.849466,1.90355,103.0,0,1390.0
538008115,1714680253,-18.854334,1.90785,104.0,0,1390.0
538008115,1714680278,-18.855066,1.908517,103.0,0,1390.0
538008115,1714680406,-18.859917,1.912767,104.0,0,1390.0
538008115,1714680617,-18.867701,1.9196,104.0,0,1390.0
538008115,1714680673,-18.870001,1.921633,103.0,0,1390.0
538008115,1714680762,-18.87335,1.924517,104.0,0,1400.0
538008115,1714680783,-18.874067,1.9251,104.0,0,1410.0
538008115,1714681044,-18.883932,1.93345,104.0,0,1420.0
538008115,1714681624,-18.905399,1.952433,104.0,0,1400.0
538008115,1714682055,-18.921383,1.966633,105.0,0,1390.0
538008115,1714682083,-18.922466,1.9676,104.0,0,1390.0
538008115,1714682224,-18.927584,1.972367,103.0,0,1380.0
538008115,1714682393,-18.933884,1.9779,104.0,0,1400.0
538008115,1714682453,-18.9361,1.979817,104.0,0,1400.0
538008115,1714682492,-18.937651,1.9812,104.0,0,1400.0
538008115,1714682573,-18.940617,1.983733,104.0,0,1390.0
538008115,1714682644,-18.943283,1.986083,105.0,0,1380.0
538008115,1714682704,-18.945517,1.988083,105.0,0,1390.0
538008115,1714682745,-18.947001,1.98945,105.0,0,1380.0
538008115,1714682790,-18.948816,1.991083,104.0,0,1380.0
538008115,1714682802,-18.949266,1.991483,104.0,0,1400.0
538008115,1714682822,-18.950018,1.99215,104.0,0,1390.0
538008115,1714682831,-18.95035,1.99245,104.0,0,1380.0
538008115,1714682862,-18.951468,1.99345,103.0,0,1390.0
538008115,1714682871,-18.951799,1.99375,104.0,0,1400.0
538008115,1714682882,-18.952217,1.994117,104.0,0,1390.0
538008115,1714682891,-18.952534,1.994417,104.0,0,1390.0
538008115,1714682901,-18.952917,1.99475,104.0,0,1400.0
538008115,1714682922,-18.953716,1.99545,104.0,0,1400.0
538008115,1714682931,-18.954082,1.995783,105.0,0,1400.0
538008115,1714682942,-18.954517,1.996133,106.0,0,1400.0
538008115,1714682951,-18.954849,1.996417,105.0,0,1400.0
538008115,1714682955,-18.954849,1.996417,105.0,0,1400.0
538008115,1714682961,-18.9552,1.996717,103.0,0,1390.0
538008115,1714683001,-18.956682,1.99805,104.0,0,1390.0
538008115,1714683021,-18.957451,1.9987,104.0,0,1400.0
538008115,1714683051,-18.958584,1.99965,104.0,0,1410.0
538008115,1714683061,-18.958967,1.999983,104.0,0,1410.0
538008115,1714683081,-18.959667,2.000633,104.0,0,1420.0
538008115,1714683083,-18.959667,2.000633,104.0,0,1420.0
538008115,1714683121,-18.961184,2.001917,104.0,0,1390.0
538008115,1714683141,-18.961933,2.002567,103.0,0,1410.0
538008115,1714683876,-18.98995,2.02575,103.0,0,1410.0
538008115,1714683905,-18.991068,2.0267,104.0,0,1400.0
538008115,1714683935,-18.992167,2.0277,104.0,0,1400.0
538008115,1714684043,-18.99625,2.03135,104.0,0,1400.0
538008115,1714684163,-19.0007,2.035267,104.0,0,1390.0
538008115,1714684854,-19.026567,2.057983,104.0,0,1400.0
538008115,1714684974,-19.031099,2.06185,104.0,0,1400.0
538008115,1714685012,-19.032516,2.0631,103.0,0,1400.0
538008115,1714685025,-19.032984,2.063483,103.0,0,1400.0
538008115,1714685095,-19.035583,2.065833,104.0,0,1380.0
538008115,1714685214,-19.040068,2.069767,103.0,0,1390.0
538008115,1714685284,-19.0427,2.072083,104.0,0,1390.0
538008115,1714685593,-19.054449,2.082167,104.0,0,1400.0
538008115,1714685605,-19.054867,2.082533,104.0,0,1400.0
538008115,1714685716,-19.059,2.086067,104.0,0,1390.0
538008115,1714685733,-19.0597,2.086683,103.0,0,1390.0
538008115,1714685743,-19.060101,2.08705,103.0,0,1390.0
538008115,1714685835,-19.063499,2.09005,103.0,0,1400.0
538008115,1714685894,-19.065718,2.091933,103.0,0,1410.0
538008115,1714685996,-19.0695,2.09515,103.0,0,1400.0
538008115,1714686113,-19.073933,2.09915,103.0,0,1380.0
538008115,1714686224,-19.078016,2.102767,104.0,0,1400.0
538008115,1714686344,-19.082518,2.106683,103.0,0,1390.0
538008115,1714686513,-19.088917,2.112217,105.0,0,1400.0
538008115,1714686643,-19.093834,2.116433,103.0,0,1410.0
538008115,1714686683,-19.095301,2.1177,103.0,0,1400.0
538008115,1714686705,-19.09605,2.11835,103.0,0,1400.0
538008115,1714686745,-19.097567,2.119667,102.0,0,1390.0
538008115,1714686863,-19.1021,2.123517,104.0,0,1410.0
538008115,1714687316,-19.119133,2.1381,105.0,0,1420.0
538008115,1714687463,-19.124849,2.142983,104.0,0,1400.0
538008115,1714687923,-19.142401,2.157767,105.0,0,1410.0
538008115,1714688201,-19.153017,2.16695,105.0,0,1400.0
538008115,1714688211,-19.153383,2.167283,104.0,0,1400.0
538008115,1714688212,-19.153383,2.167283,104.0,0,1400.0
538008115,1714688220,-19.153767,2.1676,105.0,0,1400.0
538008115,1714688250,-19.154917,2.168567,105.0,0,1410.0
538008115,1714688251,-19.154917,2.168567,105.0,0,1410.0
538008115,1714688261,-19.1553,2.1689,105.0,0,1400.0
538008115,1714688271,-19.155718,2.169267,105.0,0,1410.0
538008115,1714688272,-19.155718,2.169267,105.0,0,1410.0
538008115,1714688280,-19.15605,2.16955,105.0,0,1410.0
538008115,1714688310,-19.157183,2.170533,106.0,0,1400.0
538008115,1714688311,-19.157183,2.170533,106.0,0,1400.0
538008115,1714688321,-19.157583,2.170833,106.0,0,1410.0
538008115,1714688340,-19.158333,2.171433,106.0,0,1410.0
538008115,1714688351,-19.158751,2.171783,106.0,0,1410.0
538008115,1714688361,-19.159149,2.172117,106.0,0,1410.0
538008115,1714688362,-19.159149,2.172117,106.0,0,1410.0
538008115,1714688370,-19.159483,2.1724,106.0,0,1410.0
538008115,1714688371,-19.159483,2.1724,106.0,0,1410.0
538008115,1714688375,-19.159483,2.1724,106.0,0,1410.0
538008115,1714688381,-19.15995,2.1728,106.0,0,1400.0
538008115,1714688391,-19.160334,2.173133,106.0,0,1400.0
538008115,1714688392,-19.160334,2.173133,106.0,0,1400.0
538008115,1714688394,-19.160334,2.173133,106.0,0,1400.0
538008115,1714688400,-19.160683,2.173433,106.0,0,1400.0
538008115,1714688401,-19.160683,2.173433,106.0,0,1400.0
538008115,1714688411,-19.161066,2.17375,106.0,0,1410.0
538008115,1714688430,-19.161833,2.1744,107.0,0,1410.0
538008115,1714688431,-19.161833,2.1744,107.0,0,1410.0
538008115,1714688441,-19.162216,2.174733,107.0,0,1400.0
538008115,1714688452,-19.1626,2.175067,106.0,0,1400.0
538008115,1714688460,-19.162983,2.1754,106.0,0,1410.0
538008115,1714688461,-19.162983,2.1754,106.0,0,1410.0
538008115,1714688463,-19.162983,2.1754,106.0,0,1410.0
538008115,1714688471,-19.163366,2.175733,106.0,0,1400.0
538008115,1714688481,-19.16375,2.176067,106.0,0,1400.0
538008115,1714688482,-19.16375,2.176067,106.0,0,1400.0
538008115,1714688490,-19.164083,2.176367,106.0,0,1390.0
538008115,1714688491,-19.164083,2.176367,106.0,0,1390.0
538008115,1714688501,-19.164516,2.17675,106.0,0,1400.0
538008115,1714688511,-19.164949,2.1771,106.0,0,1410.0
538008115,1714688521,-19.1653,2.1774,106.0,0,1400.0
538008115,1714688541,-19.1661,2.1781,107.0,0,1400.0
538008115,1714688542,-19.1661,2.1781,107.0,0,1400.0
538008115,1714688551,-19.166483,2.178433,107.0,0,1400.0
538008115,1714688561,-19.166834,2.178733,107.0,0,1400.0
538008115,1714688572,-19.16725,2.1791,107.0,0,1400.0
538008115,1714688574,-19.16725,2.1791,107.0,0,1400.0
538008115,1714688581,-19.167601,2.1794,107.0,0,1400.0
538008115,1714688591,-19.167982,2.179733,107.0,0,1400.0
538008115,1714688601,-19.168367,2.180083,107.0,0,1400.0
538008115,1714688602,-19.168367,2.180083,107.0,0,1400.0
538008115,1714688611,-19.168751,2.180417,107.0,0,1400.0
538008115,1714688621,-19.169132,2.18075,107.0,0,1390.0
538008115,1714688632,-19.16955,2.181133,107.0,0,1390.0
538008115,1714688641,-19.169901,2.181433,107.0,0,1400.0
538008115,1714688651,-19.170282,2.181783,107.0,0,1400.0
538008115,1714688661,-19.170668,2.182117,107.0,0,1400.0
538008115,1714688662,-19.170668,2.182117,107.0,0,1400.0
538008115,1714688671,-19.171066,2.182483,107.0,0,1390.0
538008115,1714688681,-19.171417,2.182783,107.0,0,1390.0
538008115,1714688741,-19.1737,2.184817,107.0,0,1390.0
538008115,1714688801,-19.17605,2.186867,107.0,0,1410.0
538008115,1714688821,-19.176832,2.187533,107.0,0,1400.0
538008115,1714688825,-19.176832,2.187533,107.0,0,1400.0
538008115,1714688945,-19.181383,2.191567,108.0,0,1380.0
538008115,1714688975,-19.18255,2.192583,108.0,0,1400.0
538008115,1714689053,-19.185667,2.1953,108.0,0,1410.0
538008115,1714689905,-19.218,2.224333,107.0,0,1380.0
538008115,1714690026,-19.222467,2.228383,107.0,0,1390.0
538008115,1714690184,-19.22835,2.23405,105.0,0,1380.0
538008115,1714690354,-19.234583,2.24,106.0,0,1380.0
538008115,1714690414,-19.236767,2.242017,106.0,0,1390.0
538008115,1714690433,-19.237482,2.242733,106.0,0,1370.0
538008115,1714690585,-19.243,2.247967,106.0,0,1370.0
538008115,1714690624,-19.24445,2.2493,106.0,0,1380.0
538008115,1714690682,-19.246668,2.25135,106.0,0,1380.0
538008115,1714690834,-19.252234,2.256467,106.0,0,1380.0
538008115,1714690954,-19.256666,2.260533,106.0,0,1390.0
538008115,1714691112,-19.262684,2.266083,106.0,0,1390.0
538008115,1714691205,-19.266033,2.26915,106.0,0,1390.0
538008115,1714691265,-19.268267,2.27115,104.0,0,1390.0
538008115,1714691342,-19.271282,2.273733,106.0,0,1410.0
538008115,1714691452,-19.275534,2.27735,106.0,0,1410.0
538008115,1714691574,-19.28005,2.281367,106.0,0,1390.0
538008115,1714691687,-19.284218,2.28505,106.0,0,1400.0
538008115,1714691824,-19.289534,2.289683,106.0,0,1400.0
538008115,1714691853,-19.290684,2.290667,106.0,0,1410.0
538008115,1714691943,-19.294167,2.293517,107.0,0,1420.0
538008115,1714692086,-19.299633,2.298117,106.0,0,1400.0
538008115,1714692104,-19.300432,2.298733,106.0,0,1420.0
538008115,1714692213,-19.304733,2.302233,106.0,0,1410.0
538008115,1714692303,-19.30825,2.305067,106.0,0,1420.0
538008115,1714692443,-19.313749,2.309467,105.0,0,1410.0
538008115,1714692602,-19.319866,2.3146,105.0,0,1400.0
538008115,1714692915,-19.33185,2.324733,106.0,0,1420.0
538008115,1714692976,-19.334167,2.326667,106.0,0,1410.0
538008115,1714693357,-19.348749,2.339417,108.0,0,1400.0
538008115,1714693534,-19.355766,2.345467,107.0,0,1400.0
538008115,1714693584,-19.357683,2.347183,107.0,0,1400.0
538008115,1714693683,-19.361483,2.35055,108.0,0,1380.0
538008115,1714694613,-19.397167,2.382217,108.0,0,1400.0
538008115,1714694734,-19.401817,2.386417,107.0,0,1380.0
538008115,1714695174,-19.418533,2.401217,106.0,0,1380.0
538008115,1714695333,-19.4245,2.406683,106.0,0,1400.0
538008115,1714695373,-19.425966,2.408,105.0,0,1390.0
538008115,1714695625,-19.435368,2.416483,106.0,0,1390.0
538008115,1714695745,-19.439867,2.42055,106.0,0,1380.0
538008115,1714695904,-19.4459,2.426,106.0,0,1380.0
538008115,1714696004,-19.449734,2.4294,106.0,0,1380.0
538008115,1714696096,-19.453133,2.432467,106.0,0,1400.0
538008115,1714696244,-19.458817,2.437583,106.0,0,1380.0
538008115,1714696403,-19.4648,2.443067,106.0,0,1380.0
538008115,1714696474,-19.467417,2.445467,106.0,0,1380.0
538008115,1714696536,-19.469717,2.44755,105.0,0,1380.0
538008115,1714696581,-19.4715,2.449217,106.0,0,1390.0
538008115,1714696658,-19.47415,2.45165,106.0,0,1390.0
538008115,1714696925,-19.484266,2.4608,106.0,0,1400.0
538008115,1714697156,-19.492983,2.46865,106.0,0,1400.0
538008115,1714697184,-19.494101,2.469633,106.0,0,1390.0
538008115,1714697295,-19.49835,2.47335,106.0,0,1400.0
538008115,1714697393,-19.502083,2.476767,107.0,0,1380.0
538008115,1714697453,-19.5044,2.478867,107.0,0,1390.0
538008115,1714697496,-19.505917,2.48025,107.0,0,1390.0
538008115,1714697554,-19.508217,2.4823,107.0,0,1390.0
538008115,1714697663,-19.5124,2.486033,107.0,0,1390.0
538008115,1714697975,-19.524134,2.496667,107.0,0,1400.0
538008115,1714698096,-19.528667,2.5008,107.0,0,1400.0
538008115,1714698234,-19.533951,2.505533,106.0,0,1400.0
538008115,1714698324,-19.537416,2.508583,106.0,0,1390.0
538008115,1714698425,-19.541183,2.511983,106.0,0,1400.0
538008115,1714698554,-19.546217,2.516233,106.0,0,1420.0
538008115,1714698632,-19.549282,2.5188,106.0,0,1410.0
538008115,1714698644,-19.549683,2.519117,106.0,0,1410.0
538008115,1714699053,-19.565517,2.532483,106.0,0,1420.0
538008115,1714699083,-19.566683,2.53345,106.0,0,1410.0
538008115,1714699174,-19.570168,2.536383,106.0,0,1410.0
538008115,1714699302,-19.57515,2.540633,105.0,0,1410.0
538008115,1714699322,-19.575916,2.541317,106.0,0,1400.0
538008115,1714699604,-19.586733,2.5504,105.0,0,1420.0
538008115,1714699664,-19.58905,2.552317,104.0,0,1410.0
538008115,1714699724,-19.591351,2.55425,105.0,0,1410.0
538008115,1714700193,-19.609249,2.569517,103.0,0,1380.0
538008115,1714700292,-19.6129,2.57275,104.0,0,1390.0
538008115,1714700304,-19.613283,2.57315,104.0,0,1380.0
538008115,1714700313,-19.613667,2.573483,104.0,0,1390.0
538008115,1714700366,-19.615566,2.575117,104.0,0,1400.0
538008115,1714700424,-19.6178,2.577083,104.0,0,1400.0
538008115,1714700485,-19.620068,2.579117,103.0,0,1390.0
538008115,1714700673,-19.62715,2.58535,105.0,0,1400.0
538008115,1714700794,-19.631666,2.58935,105.0,0,1400.0
538008115,1714700851,-19.6339,2.59135,104.0,0,1400.0
538008115,1714700943,-19.637283,2.594317,104.0,0,1410.0
538008115,1714701063,-19.641666,2.598317,104.0,0,1400.0
538008115,1714701216,-19.647266,2.603317,104.0,0,1400.0
538008115,1714701422,-19.655167,2.610183,104.0,0,1410.0
538008115,1714701456,-19.656282,2.611233,103.0,0,1390.0
538008115,1714701518,-19.658501,2.61325,104.0,0,1390.0
538008115,1714701573,-19.660717,2.615267,103.0,0,1390.0
538008115,1714701653,-19.663717,2.617917,104.0,0,1410.0
538008115,1714701693,-19.665199,2.619217,104.0,0,1410.0
538008115,1714701733,-19.666733,2.620483,104.0,0,1410.0
538008115,1714701903,-19.673033,2.62605,104.0,0,1400.0
538008115,1714701985,-19.676117,2.628733,105.0,0,1410.0
538008115,1714702185,-19.683701,2.635233,105.0,0,1400.0
538008115,1714702357,-19.690166,2.64075,104.0,0,1400.0
538008115,1714702444,-19.693567,2.64375,104.0,0,1390.0
538008115,1714702577,-19.698282,2.64805,104.0,0,1400.0
538008115,1714702604,-19.699383,2.649067,103.0,0,1380.0
538008115,1714702734,-19.70425,2.65345,103.0,0,1400.0
538008115,1714702824,-19.707518,2.65635,104.0,0,1400.0
538008115,1714703013,-19.714417,2.662767,103.0,0,1370.0
538008115,1714703075,-19.716618,2.66485,104.0,0,1380.0
538008115,1714703193,-19.721067,2.668817,104.0,0,1400.0
538008115,1714703224,-19.722151,2.669783,104.0,0,1410.0
538008115,1714703334,-19.72625,2.673433,104.0,0,1390.0
538008115,1714703374,-19.727783,2.674767,104.0,0,1410.0
538008115,1714703424,-19.729616,2.676383,104.0,0,1400.0
538008115,1714703587,-19.735683,2.681567,103.0,0,1400.0
538008115,1714703696,-19.739799,2.68505,103.0,0,1400.0
538008115,1714703973,-19.750267,2.694217,103.0,0,1410.0
538008115,1714704026,-19.752083,2.6958,103.0,0,1410.0
538008115,1714704094,-19.7547,2.6981,103.0,0,1400.0
538008115,1714704132,-19.756117,2.6994,102.0,0,1380.0
538008115,1714704155,-19.756866,2.70005,103.0,0,1400.0
538008115,1714704283,-19.7616,2.704317,102.0,0,1400.0
538008115,1714704293,-19.761999,2.704683,102.0,0,1390.0
538008115,1714704342,-19.763783,2.7062,102.0,0,1410.0
538008115,1714704354,-19.764233,2.706583,102.0,0,1410.0
538008115,1714704532,-19.770767,2.712383,102.0,0,1380.0
538008115,1714704715,-19.777451,2.718133,101.0,0,1410.0
538008115,1714704754,-19.778883,2.719467,102.0,0,1380.0
538008115,1714704945,-19.785732,2.725683,101.0,0,1410.0
538008115,1714705053,-19.7897,2.729133,100.0,0,1390.0
538008115,1714705063,-19.790083,2.729517,100.0,0,1370.0
538008115,1714705162,-19.7936,2.73275,100.0,0,1390.0
538008115,1714705313,-19.798901,2.737667,100.0,0,1380.0
538008115,1714705453,-19.803917,2.742317,101.0,0,1390.0
538008115,1714705573,-19.8081,2.746317,101.0,0,1370.0
538008115,1714705713,-19.813084,2.7509,99.0,0,1380.0
538008115,1714705772,-19.815233,2.75285,100.0,0,1400.0
538008115,1714706112,-19.827383,2.763917,101.0,0,1370.0
538008115,1714706172,-19.829483,2.765933,101.0,0,1360.0
538008115,1714706253,-19.83235,2.768617,100.0,0,1380.0
538008115,1714706295,-19.83375,2.7699,100.0,0,1380.0
538008115,1714706444,-19.839199,2.774767,101.0,0,1410.0
538008115,1714706473,-19.840282,2.775733,101.0,0,1400.0
538008115,1714706583,-19.84425,2.77935,101.0,0,1380.0
538008115,1714706635,-19.84605,2.781,102.0,0,1380.0
538008115,1714706705,-19.848633,2.78335,102.0,0,1380.0
538008115,1714706915,-19.856133,2.790283,101.0,0,1370.0
538008115,1714707023,-19.860117,2.793933,102.0,0,1380.0
538008115,1714707127,-19.863916,2.797183,103.0,0,1410.0
538008115,1714707192,-19.866533,2.799333,103.0,0,1410.0
538008115,1714707275,-19.869633,2.80185,103.0,0,1420.0
538008115,1714707293,-19.870367,2.80245,103.0,0,1420.0
538008115,1714707414,-19.874884,2.806167,103.0,0,1430.0
538008115,1714707695,-19.885366,2.8152,102.0,0,1410.0
538008115,1714707755,-19.887617,2.817067,102.0,0,1410.0
538008115,1714707924,-19.893917,2.8224,102.0,0,1420.0
538008115,1714708104,-19.900749,2.828,102.0,0,1400.0
538008115,1714708216,-19.904818,2.831533,102.0,0,1400.0
538008115,1714708313,-19.908484,2.834667,101.0,0,1400.0
538008115,1714708434,-19.912951,2.838517,102.0,0,1400.0
538008115,1714708475,-19.914417,2.839733,102.0,0,1420.0
538008115,1714708585,-19.918516,2.843283,101.0,0,1400.0
538008115,1714709314,-19.945368,2.866317,101.0,0,1400.0
538008115,1714709893,-19.9666,2.884067,98.0,0,1390.0
538008115,1714709976,-19.969366,2.886733,99.0,0,1370.0
538008115,1714710193,-19.976967,2.893783,99.0,0,1380.0
538008115,1714710393,-19.984034,2.900067,98.0,0,1400.0
538008115,1714710493,-19.987516,2.9032,98.0,0,1380.0
538008115,1714710513,-19.988182,2.903833,98.0,0,1370.0
538008115,1714710903,-20.001534,2.916233,98.0,0,1380.0
538008115,1714711043,-20.006433,2.92055,98.0,0,1400.0
538008115,1714711433,-20.02,2.933317,99.0,0,1380.0
538008115,1714711615,-20.026434,2.9389,99.0,0,1400.0
538008115,1714711675,-20.028618,2.9408,99.0,0,1400.0
538008115,1714711983,-20.039717,2.950533,100.0,0,1390.0
538008115,1714712014,-20.040783,2.9515,100.0,0,1380.0
538008115,1714712511,-20.05875,2.967133,100.0,0,1380.0
538008115,1714712705,-20.065599,2.97325,100.0,0,1380.0
538008115,1714712864,-20.071432,2.978267,100.0,0,1410.0
538008115,1714712874,-20.071833,2.978583,100.0,0,1420.0
538008115,1714712995,-20.076151,2.9823,99.0,0,1400.0
538008115,1714713145,-20.081551,2.987,101.0,0,1400.0
538008115,1714713242,-20.0851,2.990183,101.0,0,1390.0
538008115,1714713354,-20.0891,2.993667,99.0,0,1400.0
538008115,1714713372,-20.0898,2.99425,100.0,0,1410.0
538008115,1714713491,-20.094217,2.997933,100.0,0,1400.0
538008115,1714713521,-20.095301,2.998867,100.0,0,1400.0
538008115,1714713552,-20.09635,2.99985,101.0,0,1390.0
538008115,1714713584,-20.097401,3.000783,101.0,0,1390.0
538008115,1714713675,-20.100651,3.0037,100.0,0,1400.0
538008115,1714713852,-20.107218,3.009333,100.0,0,1410.0
538008115,1714714065,-20.114983,3.015783,100.0,0,1420.0
538008115,1714714303,-20.123751,3.023117,100.0,0,1400.0
538008115,1714714391,-20.126932,3.026,99.0,0,1390.0
538008115,1714714435,-20.128332,3.0273,100.0,0,1380.0
538008115,1714714611,-20.134783,3.033033,99.0,0,1400.0
538008115,1714714703,-20.137983,3.035917,100.0,0,1390.0
538008115,1714714797,-20.140499,3.038217,100.0,0,1390.0
538008115,1714714854,-20.143333,3.040767,100.0,0,1390.0
538008115,1714715246,-20.157049,3.053433,100.0,0,1380.0
538008115,1714715263,-20.1577,3.054067,99.0,0,1380.0
538008115,1714715645,-20.170782,3.06645,99.0,0,1360.0
538008115,1714715723,-20.173582,3.069083,98.0,0,1390.0
538008115,1714716155,-20.189083,3.082133,99.0,0,1420.0
538008115,1714716263,-20.193132,3.085383,99.0,0,1420.0
538008115,1714716326,-20.195316,3.087133,99.0,0,1420.0
538008115,1714716473,-20.200666,3.0918,99.0,0,1390.0
538008115,1714716562,-20.203899,3.09455,98.0,0,1400.0
538008115,1714716794,-20.212267,3.101467,97.0,0,1400.0
538008115,1714716964,-20.218233,3.106633,97.0,0,1410.0
538008115,1714717213,-20.226868,3.114583,98.0,0,1370.0
538008115,1714717422,-20.234167,3.12125,99.0,0,1400.0
538008115,1714717464,-20.235634,3.122517,98.0,0,1410.0
538008115,1714717742,-20.245382,3.131417,99.0,0,1380.0
538008115,1714717814,-20.247816,3.133683,99.0,0,1370.0
538008115,1714717941,-20.252317,3.137933,99.0,0,1360.0
538008115,1714718018,-20.254766,3.140217,98.0,0,1380.0
538008115,1714718143,-20.2593,3.144267,98.0,0,1400.0
538008115,1714718204,-20.261417,3.14615,98.0,0,1390.0
538008115,1714718257,-20.263184,3.147717,99.0,0,1380.0
538008115,1714718441,-20.269867,3.153617,98.0,0,1400.0
538008115,1714718563,-20.274151,3.157383,98.0,0,1380.0
538008115,1714718623,-20.276266,3.159233,98.0,0,1390.0
538008115,1714718705,-20.279133,3.161783,98.0,0,1390.0
538008115,1714718791,-20.282249,3.164533,98.0,0,1400.0
538008115,1714718893,-20.285816,3.16765,98.0,0,1400.0
538008115,1714719383,-20.302917,3.182933,97.0,0,1390.0
538008115,1714719645,-20.311884,3.191117,98.0,0,1390.0
538008115,1714719804,-20.317551,3.196133,98.0,0,1400.0
538008115,1714720255,-20.333433,3.2103,98.0,0,1390.0
538008115,1714720284,-20.334517,3.211267,98.0,0,1380.0
538008115,1714720395,-20.338383,3.214633,97.0,0,1410.0
538008115,1714720414,-20.339083,3.215233,98.0,0,1400.0
538008115,1714720524,-20.342882,3.218683,98.0,0,1390.0
538008115,1714720674,-20.348118,3.2234,98.0,0,1400.0
538008115,1714720682,-20.348433,3.223683,99.0,0,1400.0
538008115,1714720784,-20.351933,3.226883,98.0,0,1400.0
538008115,1714720950,-20.356817,3.231317,98.0,0,1380.0
538008115,1714721146,-20.364517,3.238067,98.0,0,1420.0
538008115,1714721182,-20.365932,3.239317,98.0,0,1400.0
538008115,1714721461,-20.375982,3.24775,98.0,0,1390.0
538008115,1714722045,-20.39665,3.265417,98.0,0,1420.0
538008115,1714722113,-20.399233,3.26755,98.0,0,1410.0
538008115,1714722154,-20.400682,3.268733,98.0,0,1420.0
538008115,1714722466,-20.411734,3.278,97.0,0,1400.0
538008115,1714722484,-20.412483,3.278633,97.0,0,1400.0
538008115,1714722596,-20.416384,3.281917,96.0,0,1410.0
538008115,1714722753,-20.421949,3.2867,97.0,0,1400.0
538008115,1714723674,-20.453632,3.31555,98.0,0,1400.0
538008115,1714724136,-20.469749,3.330033,98.0,0,1400.0
538008115,1714724845,-20.494682,3.352683,100.0,0,1400.0
538008115,1714725144,-20.505217,3.362383,99.0,0,1380.0
538008115,1714725204,-20.507317,3.36435,100.0,0,1380.0
538008115,1714725324,-20.511383,3.3683,99.0,0,1380.0
538008115,1714725531,-20.518566,3.375217,99.0,0,1370.0
538008115,1714725571,-20.520018,3.3766,99.0,0,1360.0
538008115,1714725591,-20.520683,3.37725,99.0,0,1380.0
538008115,1714725612,-20.521366,3.3779,99.0,0,1380.0
538008115,1714725631,-20.522034,3.378583,99.0,0,1370.0
538008115,1714725651,-20.522717,3.379183,99.0,0,1380.0
538008115,1714725661,-20.523083,3.379583,99.0,0,1360.0
538008115,1714725691,-20.524082,3.38055,99.0,0,1380.0
538008115,1714725742,-20.52585,3.382233,99.0,0,1380.0
538008115,1714725751,-20.526199,3.38255,99.0,0,1380.0
538008115,1714725762,-20.52655,3.382883,99.0,0,1370.0
538008115,1714725792,-20.527567,3.383883,99.0,0,1380.0
538008115,1714725811,-20.528233,3.384517,99.0,0,1380.0
538008115,1714725822,-20.528618,3.384867,99.0,0,1370.0
538008115,1714725871,-20.53035,3.386533,100.0,0,1360.0
538008115,1714725881,-20.530649,3.386833,100.0,0,1360.0
538008115,1714725886,-20.530649,3.386833,100.0,0,1360.0
538008115,1714725891,-20.531033,3.387217,100.0,0,1370.0
538008115,1714725902,-20.531384,3.387533,100.0,0,1370.0
538008115,1714725912,-20.531733,3.387867,100.0,0,1380.0
538008115,1714725940,-20.532734,3.388833,100.0,0,1370.0
538008115,1714725951,-20.533117,3.3892,100.0,0,1370.0
538008115,1714725991,-20.534468,3.390517,100.0,0,1360.0
538008115,1714726016,-20.535233,3.391233,100.0,0,1380.0
538008115,1714726031,-20.5359,3.39185,100.0,0,1390.0
538008115,1714726332,-20.5467,3.401183,97.0,0,1410.0
538008115,1714726393,-20.548933,3.4029,97.0,0,1440.0
538008115,1714726547,-20.55455,3.407117,97.0,0,1450.0
538008115,1714726614,-20.557083,3.409033,98.0,0,1450.0
538008115,1714726773,-20.563,3.413733,97.0,0,1420.0
538008115,1714726927,-20.568518,3.418,97.0,0,1430.0
538008115,1714726976,-20.570383,3.419367,97.0,0,1450.0
538008115,1714727042,-20.572866,3.4214,97.0,0,1420.0
538008115,1714727103,-20.574949,3.423217,96.0,0,1410.0
538008115,1714727108,-20.574949,3.423217,96.0,0,1410.0
538008115,1714727133,-20.575983,3.424217,97.0,0,1390.0
538008115,1714727357,-20.583532,3.431167,97.0,0,1390.0
538008115,1714727416,-20.585632,3.432967,98.0,0,1400.0
538008115,1714727532,-20.589916,3.436633,98.0,0,1400.0
538008115,1714727603,-20.5924,3.438867,98.0,0,1390.0
538008115,1714727642,-20.59375,3.440133,98.0,0,1390.0
538008115,1714727762,-20.597883,3.444,99.0,0,1390.0
538008115,1714727873,-20.6017,3.447583,98.0,0,1380.0
538008115,1714728743,-20.632732,3.47475,99.0,0,1370.0
538008115,1714728823,-20.635517,3.477333,99.0,0,1380.0
538008115,1714728972,-20.64085,3.482033,99.0,0,1390.0
538008115,1714729076,-20.644367,3.485333,100.0,0,1380.0
538008115,1714729174,-20.647833,3.488617,100.0,0,1390.0
538008115,1714729312,-20.652782,3.493083,100.0,0,1390.0
538008115,1714729404,-20.655983,3.496,99.0,0,1390.0
538008115,1714729492,-20.659149,3.498867,99.0,0,1390.0
538008115,1714729584,-20.662333,3.501783,100.0,0,1390.0
538008115,1714729743,-20.667967,3.506933,100.0,0,1380.0
538008115,1714729984,-20.676317,3.514733,99.0,0,1380.0
538008115,1714730045,-20.678417,3.516717,99.0,0,1380.0
538008115,1714730235,-20.6852,3.522867,100.0,0,1400.0
538008115,1714730354,-20.689417,3.526683,100.0,0,1390.0
538008115,1714730463,-20.693367,3.530167,99.0,0,1400.0
538008115,1714730657,-20.7001,3.536217,100.0,0,1390.0
538008115,1714730824,-20.706118,3.541617,101.0,0,1400.0
538008115,1714731018,-20.712999,3.5477,100.0,0,1420.0
538008115,1714731031,-20.713699,3.548283,100.0,0,1420.0
538008115,1714731104,-20.716249,3.550467,101.0,0,1410.0
538008115,1714731120,-20.716932,3.551067,101.0,0,1410.0
538008115,1714731146,-20.717716,3.5518,101.0,0,1390.0
538008115,1714731160,-20.718367,3.552367,101.0,0,1390.0
538008115,1714731180,-20.719101,3.552967,100.0,0,1410.0
538008115,1714731210,-20.720182,3.55395,100.0,0,1390.0
538008115,1714731211,-20.720182,3.55395,100.0,0,1390.0
538008115,1714731220,-20.720533,3.554283,100.0,0,1380.0
538008115,1714731221,-20.720533,3.554283,100.0,0,1380.0
538008115,1714731230,-20.720882,3.5546,101.0,0,1380.0
538008115,1714731231,-20.720882,3.5546,101.0,0,1380.0
538008115,1714731240,-20.721233,3.554917,101.0,0,1380.0
538008115,1714731251,-20.721634,3.55525,100.0,0,1400.0
538008115,1714731262,-20.721983,3.555583,100.0,0,1400.0
538008115,1714731270,-20.722317,3.55585,101.0,0,1400.0
538008115,1714731300,-20.723368,3.556833,100.0,0,1390.0
538008115,1714731321,-20.72415,3.557533,100.0,0,1390.0
538008115,1714731330,-20.724434,3.5578,100.0,0,1390.0
538008115,1714731340,-20.724783,3.558117,100.0,0,1380.0
538008115,1714731360,-20.725483,3.558767,99.0,0,1380.0
538008115,1714731371,-20.725883,3.559117,99.0,0,1390.0
538008115,1714731381,-20.726233,3.55945,100.0,0,1380.0
538008115,1714731386,-20.726233,3.55945,100.0,0,1380.0
538008115,1714731390,-20.726549,3.559733,100.0,0,1380.0
538008115,1714731400,-20.726883,3.56005,100.0,0,1370.0
538008115,1714731410,-20.727217,3.56035,100.0,0,1370.0
538008115,1714731420,-20.727551,3.560683,100.0,0,1370.0
538008115,1714731431,-20.727966,3.561083,99.0,0,1380.0
538008115,1714731441,-20.728283,3.561367,99.0,0,1380.0
538008115,1714731450,-20.728666,3.561717,99.0,0,1380.0
538008115,1714731460,-20.728983,3.562,99.0,0,1390.0
538008115,1714731501,-20.730433,3.5633,99.0,0,1400.0
538008115,1714731511,-20.730783,3.563617,100.0,0,1390.0
538008115,1714731514,-20.730783,3.563617,100.0,0,1390.0
538008115,1714731520,-20.731083,3.5639,100.0,0,1390.0
538008115,1714731530,-20.731434,3.564233,99.0,0,1390.0
538008115,1714731541,-20.731833,3.564567,100.0,0,1410.0
538008115,1714731550,-20.732166,3.564833,99.0,0,1400.0
538008115,1714731561,-20.732517,3.56515,99.0,0,1400.0
538008115,1714731571,-20.732883,3.565467,99.0,0,1400.0
538008115,1714731575,-20.732883,3.565467,99.0,0,1400.0
538008115,1714731580,-20.733217,3.565783,99.0,0,1410.0
538008115,1714731590,-20.733549,3.56605,99.0,0,1400.0
538008115,1714731591,-20.733549,3.56605,99.0,0,1400.0
538008115,1714731610,-20.734318,3.5667,99.0,0,1400.0
538008115,1714731611,-20.734318,3.5667,99.0,0,1400.0
538008115,1714731621,-20.734699,3.56705,99.0,0,1400.0
538008115,1714731624,-20.734699,3.56705,99.0,0,1400.0
538008115,1714731631,-20.735067,3.567367,99.0,0,1410.0
538008115,1714731632,-20.735067,3.567367,99.0,0,1410.0
538008115,1714731640,-20.735382,3.567633,100.0,0,1410.0
538008115,1714731641,-20.735382,3.567633,100.0,0,1410.0
538008115,1714731651,-20.7358,3.568033,100.0,0,1390.0
538008115,1714731652,-20.7358,3.568033,100.0,0,1390.0
538008115,1714731921,-20.745234,3.57665,100.0,0,1390.0
538008115,1714732014,-20.748432,3.579567,101.0,0,1390.0
538008115,1714732783,-20.776117,3.603283,98.0,0,1400.0
538008115,1714732894,-20.780018,3.606667,98.0,0,1410.0
538008115,1714732935,-20.781483,3.607933,99.0,0,1420.0
538008115,1714733054,-20.785801,3.61155,98.0,0,1400.0
538008115,1714733223,-20.791933,3.6167,98.0,0,1420.0
538008115,1714733405,-20.798317,3.622133,98.0,0,1410.0
538008115,1714733947,-20.81765,3.638567,98.0,0,1390.0
538008115,1714734048,-20.821266,3.64175,98.0,0,1400.0
538008115,1714734395,-20.83375,3.652417,99.0,0,1420.0
538008115,1714734403,-20.834101,3.652733,99.0,0,1400.0
538008115,1714734482,-20.836933,3.655217,99.0,0,1400.0
538008115,1714734493,-20.836567,3.6549,98.0,0,1400.0
538008115,1714734715,-20.845133,3.662333,98.0,0,1400.0
538008115,1714734855,-20.850149,3.66655,98.0,0,1400.0
538008115,1714734937,-20.853018,3.669033,98.0,0,1410.0
538008115,1714735063,-20.857651,3.672967,98.0,0,1410.0
538008115,1714735124,-20.85985,3.674833,99.0,0,1410.0
538008115,1714735415,-20.869949,3.684117,99.0,0,1370.0
538008115,1714735486,-20.872383,3.6864,99.0,0,1380.0
538008115,1714735559,-20.874849,3.688717,100.0,0,1390.0
538008115,1714735645,-20.877968,3.691617,100.0,0,1370.0
538008115,1714735765,-20.882168,3.695583,100.0,0,1390.0
538008115,1714735785,-20.882833,3.696217,100.0,0,1390.0
538008115,1714735847,-20.885,3.69815,100.0,0,1400.0
538008115,1714736263,-20.899532,3.711883,100.0,0,1390.0
538008115,1714736415,-20.904917,3.716683,99.0,0,1400.0
538008115,1714736547,-20.909468,3.720733,98.0,0,1400.0
538008115,1714736573,-20.910549,3.7217,98.0,0,1400.0
538008115,1714736807,-20.918682,3.728767,98.0,0,1410.0
538008115,1714736923,-20.922882,3.73255,98.0,0,1400.0
538008115,1714736961,-20.92425,3.733767,98.0,0,1390.0
538008115,1714737023,-20.926332,3.735667,99.0,0,1390.0
538008115,1714737036,-20.926718,3.736017,98.0,0,1380.0
538008115,1714737188,-20.931967,3.740733,98.0,0,1390.0
538008115,1714737454,-20.941433,3.749217,99.0,0,1370.0
538008115,1714737635,-20.947701,3.755067,98.0,0,1390.0
538008115,1714737824,-20.95435,3.761083,98.0,0,1390.0
538008115,1714737833,-20.954666,3.761367,98.0,0,1400.0
538008115,1714737883,-20.956467,3.762967,98.0,0,1400.0
538008115,1714737964,-20.959284,3.76545,98.0,0,1400.0
538008115,1714738006,-20.960667,3.766733,98.0,0,1380.0
538008115,1714738666,-20.983816,3.787583,98.0,0,1400.0
538008115,1714738791,-20.988132,3.791333,98.0,0,1410.0
538008115,1714738884,-20.991716,3.794367,100.0,0,1410.0
538008115,1714738946,-20.9939,3.79625,99.0,0,1410.0
538008115,1714739417,-21.01075,3.81105,100.0,0,1400.0
538008115,1714739535,-21.015034,3.814833,99.0,0,1400.0
538008115,1714739734,-21.022266,3.82105,99.0,0,1410.0
538008115,1714739815,-21.02515,3.8235,99.0,0,1420.0
538008115,1714739913,-21.028732,3.826583,99.0,0,1390.0
538008115,1714740174,-21.038033,3.834917,100.0,0,1380.0
538008115,1714740254,-21.040899,3.837467,99.0,0,1390.0
538008115,1714740481,-21.0492,3.844633,100.0,0,1400.0
538008115,1714740646,-21.054983,3.849667,100.0,0,1400.0
538008115,1714740686,-21.05645,3.850983,100.0,0,1390.0
538008115,1714740775,-21.05965,3.853917,100.0,0,1390.0
538008115,1714740815,-21.061083,3.8552,100.0,0,1400.0
538008115,1714740855,-21.0625,3.856467,100.0,0,1390.0
538008115,1714740943,-21.0658,3.859283,100.0,0,1410.0
538008115,1714741023,-21.068733,3.86175,100.0,0,1400.0
538008115,1714741097,-21.071283,3.86395,100.0,0,1410.0
538008115,1714741284,-21.078217,3.869933,100.0,0,1400.0
538008115,1714741343,-21.080383,3.87185,101.0,0,1380.0
538008115,1714741463,-21.084682,3.875683,101.0,0,1400.0
538008115,1714741633,-21.090799,3.880983,100.0,0,1400.0
538008115,1714741723,-21.094067,3.883817,101.0,0,1400.0
538008115,1714741964,-21.102667,3.8915,100.0,0,1400.0
538008115,1714742036,-21.105167,3.893733,100.0,0,1400.0
538008115,1714742104,-21.107616,3.895983,99.0,0,1390.0
538008115,1714742144,-21.109016,3.8973,99.0,0,1390.0
538008115,1714742266,-21.113283,3.901067,99.0,0,1410.0
538008115,1714742323,-21.115433,3.90295,99.0,0,1410.0
538008115,1714742583,-21.124683,3.911133,99.0,0,1360.0
538008115,1714742634,-21.126383,3.912833,99.0,0,1350.0
538008115,1714742705,-21.128767,3.915217,99.0,0,1360.0
538008115,1714742754,-21.130432,3.916867,99.0,0,1360.0
538008115,1714742813,-21.132517,3.918933,100.0,0,1370.0
538008115,1714742873,-21.13455,3.9209,100.0,0,1370.0
538008115,1714742994,-21.138767,3.924883,100.0,0,1380.0
538008115,1714743183,-21.145483,3.931083,100.0,0,1390.0
538008115,1714743317,-21.149982,3.93525,99.0,0,1380.0
538008115,1714743403,-21.153084,3.938167,98.0,0,1380.0
538008115,1714743523,-21.157232,3.941983,99.0,0,1390.0
538008115,1714743725,-21.1642,3.948433,98.0,0,1390.0
538008115,1714743934,-21.171633,3.955067,98.0,0,1400.0
538008115,1714743993,-21.173767,3.957033,99.0,0,1390.0
538008115,1714744103,-21.177567,3.96045,100.0,0,1400.0
538008115,1714744333,-21.185801,3.967933,100.0,0,1400.0
538008115,1714744795,-21.20245,3.982567,100.0,0,1400.0
538008115,1714745024,-21.2106,3.989917,100.0,0,1390.0
538008115,1714745273,-21.219433,3.997983,100.0,0,1410.0
538008115,1714745393,-21.223682,4.001817,99.0,0,1390.0
538008115,1714745463,-21.226116,4.0041,100.0,0,1380.0
538008115,1714745564,-21.229633,4.007333,99.0,0,1380.0
538008115,1714745635,-21.232134,4.00955,99.0,0,1400.0
538008115,1714746123,-21.249666,4.0251,100.0,0,1410.0
538008115,1714746542,-21.264851,4.038267,100.0,0,1390.0
538008115,1714746865,-21.276449,4.04845,100.0,0,1420.0
538008115,1714747224,-21.289316,4.059967,100.0,0,1400.0
538008115,1714747333,-21.293266,4.063467,100.0,0,1410.0
538008115,1714747355,-21.293966,4.064133,100.0,0,1390.0
538008115,1714747415,-21.296083,4.066033,100.0,0,1400.0
538008115,1714747532,-21.300432,4.06985,100.0,0,1400.0
538008115,1714747663,-21.305166,4.074,100.0,0,1390.0
538008115,1714747723,-21.307301,4.075867,100.0,0,1410.0
538008115,1714747863,-21.312366,4.080283,100.0,0,1400.0
538008115,1714747996,-21.317066,4.084483,99.0,0,1390.0
538008115,1714748094,-21.320732,4.087567,100.0,0,1410.0
538008115,1714748155,-21.322832,4.089467,100.0,0,1400.0
538008115,1714748274,-21.327183,4.09325,99.0,0,1410.0
538008115,1714748374,-21.330767,4.0964,99.0,0,1400.0
538008115,1714748535,-21.336416,4.101383,98.0,0,1400.0
538008115,1714748755,-21.344334,4.108217,99.0,0,1410.0
538008115,1714748894,-21.3494,4.112583,99.0,0,1410.0
538008115,1714749014,-21.353701,4.116317,98.0,0,1400.0
538008115,1714749072,-21.355833,4.118117,98.0,0,1420.0
538008115,1714749136,-21.357983,4.119983,98.0,0,1420.0
538008115,1714749144,-21.358418,4.120333,98.0,0,1400.0
538008115,1714749163,-21.3591,4.120933,98.0,0,1400.0
538008115,1714749253,-21.362333,4.1236,98.0,0,1420.0
538008115,1714749463,-21.369949,4.130017,98.0,0,1410.0
538008115,1714749723,-21.379267,4.138,99.0,0,1400.0
538008115,1714749736,-21.379667,4.13835,99.0,0,1400.0
538008115,1714749942,-21.387117,4.145083,99.0,0,1400.0
538008115,1714750004,-21.389217,4.146967,99.0,0,1390.0
538008115,1714750157,-21.394484,4.1519,99.0,0,1380.0
538008115,1714750165,-21.394768,4.15215,99.0,0,1380.0
538008115,1714750174,-21.395166,4.152567,99.0,0,1360.0
538008115,1714750314,-21.399918,4.157183,99.0,0,1370.0
538008115,1714750433,-21.404051,4.161167,100.0,0,1370.0
538008115,1714750497,-21.406134,4.163117,99.0,0,1380.0
538008115,1714750615,-21.410282,4.167067,99.0,0,1360.0
538008115,1714750734,-21.414467,4.171067,99.0,0,1380.0
538008115,1714750974,-21.422733,4.17895,98.0,0,1360.0
538008115,1714751076,-21.426067,4.18225,98.0,0,1360.0
538008115,1714751156,-21.428766,4.185017,97.0,0,1370.0
538008115,1714751163,-21.429117,4.18535,97.0,0,1370.0
538008115,1714751304,-21.433968,4.18975,97.0,0,1410.0
538008115,1714751555,-21.442751,4.19775,96.0,0,1380.0
538008115,1714751723,-21.448668,4.203017,96.0,0,1410.0
538008115,1714751825,-21.452118,4.20615,96.0,0,1390.0
538008115,1714751884,-21.454201,4.208017,97.0,0,1400.0
538008115,1714752271,-21.467768,4.21985,97.0,0,1400.0
538008115,1714752472,-21.474951,4.2258,97.0,0,1410.0
538008115,1714752737,-21.484301,4.2335,97.0,0,1430.0
538008115,1714752795,-21.4865,4.235283,97.0,0,1420.0
538008115,1714752854,-21.488632,4.237017,97.0,0,1420.0
538008115,1714753295,-21.504232,4.250367,97.0,0,1390.0
538008115,1714754053,-21.530649,4.273867,97.0,0,1400.0
538008115,1714754149,-21.533817,4.2767,98.0,0,1400.0
538008115,1714754206,-21.5359,4.2786,98.0,0,1390.0
538008115,1714754404,-21.542816,4.284983,98.0,0,1400.0
538008115,1714754525,-21.547068,4.288767,98.0,0,1400.0
538008115,1714754704,-21.5532,4.294583,98.0,0,1390.0
538008115,1714754774,-21.555567,4.296883,98.0,0,1380.0
538008115,1714754865,-21.558599,4.299783,98.0,0,1380.0
538008115,1714755013,-21.56365,4.3046,98.0,0,1380.0
538008115,1714755084,-21.56605,4.306867,97.0,0,1380.0
538008115,1714755333,-21.574751,4.3146,97.0,0,1400.0
538008115,1714755547,-21.582117,4.321117,97.0,0,1390.0
538008115,1714755745,-21.589184,4.3272,98.0,0,1420.0
538008115,1714755913,-21.595182,4.332467,97.0,0,1400.0
538008115,1714756164,-21.604017,4.340067,98.0,0,1410.0
538008115,1714756304,-21.60895,4.344467,98.0,0,1400.0
538008115,1714756364,-21.611134,4.346283,98.0,0,1430.0
538008115,1714756544,-21.617634,4.351783,99.0,0,1420.0
538008115,1714756672,-21.622334,4.35585,100.0,0,1410.0
538008115,1714756891,-21.630318,4.3628,100.0,0,1400.0
538008115,1714757026,-21.635,4.36695,100.0,0,1410.0
538008115,1714757154,-21.639799,4.371033,100.0,0,1420.0
538008115,1714757204,-21.641617,4.372483,99.0,0,1430.0
538008115,1714757387,-21.648382,4.3779,100.0,0,1420.0
538008115,1714757403,-21.649099,4.378467,99.0,0,1420.0
538008115,1714757592,-21.656082,4.384233,99.0,0,1430.0
538008115,1714757632,-21.657566,4.385433,99.0,0,1420.0
538008115,1714757753,-21.66205,4.388983,100.0,0,1420.0
538008115,1714757845,-21.665449,4.391617,99.0,0,1440.0
538008115,1714757953,-21.669399,4.395033,99.0,0,1390.0
538008115,1714758005,-21.671183,4.396717,99.0,0,1380.0
538008115,1714758124,-21.67535,4.400717,100.0,0,1370.0
538008115,1714758454,-21.686768,4.411833,100.0,0,1370.0
538008115,1714758576,-21.690968,4.415833,100.0,0,1380.0
538008115,1714758615,-21.69235,4.4172,100.0,0,1390.0
538008115,1714758696,-21.6952,4.41995,101.0,0,1380.0
538008115,1714758843,-21.70035,4.42495,101.0,0,1380.0
538008115,1714758993,-21.7057,4.429933,101.0,0,1380.0
538008115,1714759136,-21.710501,4.434783,100.0,0,1370.0
538008115,1714759154,-21.711201,4.435467,100.0,0,1370.0
538008115,1714759335,-21.717716,4.44125,101.0,0,1420.0
538008115,1714759395,-21.719917,4.4431,101.0,0,1410.0
538008115,1714759436,-21.721451,4.444367,101.0,0,1420.0
538008115,1714759456,-21.722166,4.445017,101.0,0,1400.0
538008115,1714759477,-21.722967,4.445683,101.0,0,1420.0
538008115,1714759496,-21.723667,4.446283,101.0,0,1410.0
538008115,1714759515,-21.724367,4.44695,101.0,0,1390.0
538008115,1714759536,-21.725082,4.447617,101.0,0,1380.0
538008115,1714759556,-21.7258,4.448267,101.0,0,1400.0
538008115,1714759575,-21.7265,4.44895,101.0,0,1380.0
538008115,1714759581,-21.726851,4.449267,100.0,0,1380.0
538008115,1714759595,-21.727217,4.449583,100.0,0,1380.0
538008115,1714759616,-21.727949,4.450267,100.0,0,1380.0
538008115,1714759636,-21.728617,4.4509,101.0,0,1380.0
538008115,1714759656,-21.729282,4.45155,100.0,0,1380.0
538008115,1714759696,-21.7307,4.4529,100.0,0,1380.0
538008115,1714759823,-21.73535,4.457267,101.0,0,1390.0
538008115,1714759945,-21.739567,4.461283,100.0,0,1380.0
538008115,1714760035,-21.742701,4.464267,100.0,0,1370.0
538008115,1714760194,-21.748367,4.469533,100.0,0,1390.0
538008115,1714760256,-21.750483,4.47145,100.0,0,1390.0
538008115,1714760496,-21.75905,4.4793,100.0,0,1390.0
538008115,1714760593,-21.762632,4.48245,100.0,0,1400.0
538008115,1714760783,-21.769567,4.488433,101.0,0,1420.0
538008115,1714760813,-21.770634,4.489367,100.0,0,1410.0
538008115,1714760862,-21.772449,4.490967,101.0,0,1400.0
538008115,1714760994,-21.777117,4.495,100.0,0,1410.0
538008115,1714761054,-21.779333,4.496883,100.0,0,1410.0
538008115,1714761382,-21.791349,4.507433,100.0,0,1400.0
538008115,1714761472,-21.794582,4.510217,100.0,0,1400.0
538008115,1714761945,-21.81175,4.525217,100.0,0,1400.0
538008115,1714762434,-21.829651,4.540783,101.0,0,1400.0
538008115,1714762517,-21.832649,4.543367,101.0,0,1410.0
538008115,1714762573,-21.83485,4.5452,101.0,0,1410.0
538008115,1714762626,-21.8367,4.546767,101.0,0,1410.0
538008115,1714762636,-21.837099,4.547133,101.0,0,1400.0
538008115,1714762695,-21.839251,4.549083,102.0,0,1390.0
538008115,1714762762,-21.841682,4.5514,101.0,0,1380.0
538008115,1714762775,-21.842051,4.551733,101.0,0,1380.0
538008115,1714762915,-21.84705,4.55645,102.0,0,1380.0
538008115,1714762983,-21.849483,4.55875,101.0,0,1380.0
538008115,1714763045,-21.851583,4.56075,101.0,0,1380.0
538008115,1714763193,-21.856833,4.565883,101.0,0,1360.0
538008115,1714763313,-21.861217,4.569883,101.0,0,1400.0
538008115,1714763574,-21.870617,4.578533,100.0,0,1390.0
538008115,1714763684,-21.874599,4.582167,102.0,0,1400.0
538008115,1714763734,-21.8764,4.583767,102.0,0,1400.0
538008115,1714763901,-21.882549,4.589283,102.0,0,1390.0
538008115,1714763913,-21.88295,4.58965,102.0,0,1390.0
538008115,1714763945,-21.884083,4.590683,102.0,0,1390.0
538008115,1714764115,-21.8901,4.596383,102.0,0,1380.0
538008115,1714764225,-21.894117,4.60005,102.0,0,1380.0
538008115,1714764272,-21.895918,4.60175,102.0,0,1390.0
538008115,1714764292,-21.896601,4.602383,102.0,0,1380.0
538008115,1714764458,-21.902451,4.607767,103.0,0,1390.0
538008115,1714764575,-21.906866,4.61175,103.0,0,1380.0
538008115,1714764625,-21.908632,4.613333,104.0,0,1400.0
538008115,1714764695,-21.911266,4.6157,104.0,0,1400.0
538008115,1714764856,-21.917183,4.6211,104.0,0,1390.0
538008115,1714765006,-21.922716,4.626117,104.0,0,1410.0
538008115,1714765253,-21.931801,4.634517,103.0,0,1390.0
538008115,1714765453,-21.938883,4.641283,101.0,0,1390.0
538008115,1714766023,-21.9599,4.659383,101.0,0,1410.0
538008115,1714766513,-21.978132,4.674533,100.0,0,1430.0
538008115,1714766804,-21.988583,4.683733,99.0,0,1400.0
538008115,1714766933,-21.993267,4.68775,99.0,0,1410.0
538008115,1714767053,-21.997566,4.69145,99.0,0,1400.0
538008115,1714767654,-22.018717,4.710783,99.0,0,1390.0
538008115,1714768174,-22.037018,4.727467,99.0,0,1380.0
538008115,1714768184,-22.037434,4.72785,99.0,0,1390.0
538008115,1714768234,-22.039118,4.729383,99.0,0,1390.0
538008115,1714768483,-22.0478,4.737483,98.0,0,1380.0
538008115,1714768593,-22.051718,4.740967,99.0,0,1390.0
538008115,1714768737,-22.056633,4.745483,98.0,0,1390.0
538008115,1714768753,-22.057301,4.7461,98.0,0,1390.0
538008115,1714769002,-22.066,4.75405,98.0,0,1400.0
538008115,1714769122,-22.070232,4.7579,98.0,0,1380.0
538008115,1714769334,-22.077467,4.764583,97.0,0,1390.0
538008115,1714769474,-22.08235,4.769,98.0,0,1390.0
538008115,1714769524,-22.084118,4.770533,97.0,0,1400.0
538008115,1714769896,-22.096832,4.7823,96.0,0,1380.0
538008115,1714769962,-22.099199,4.784483,96.0,0,1390.0
538008115,1714770204,-22.107468,4.791983,96.0,0,1380.0
538008115,1714770263,-22.109484,4.793917,96.0,0,1380.0
538008115,1714770292,-22.110434,4.7948,96.0,0,1380.0
538008115,1714770462,-22.116449,4.79995,96.0,0,1410.0
538008115,1714770496,-22.117517,4.800833,96.0,0,1430.0
538008115,1714770556,-22.119617,4.80265,96.0,0,1400.0
538008115,1714770605,-22.121384,4.804167,95.0,0,1410.0
538008115,1714770704,-22.124866,4.807217,96.0,0,1400.0
538008115,1714770765,-22.126949,4.80905,96.0,0,1400.0
538008115,1714771024,-22.135883,4.817,95.0,0,1400.0
538008115,1714771162,-22.140766,4.821183,96.0,0,1400.0
538008115,1714771263,-22.1443,4.824133,97.0,0,1430.0
538008115,1714771304,-22.14575,4.825383,97.0,0,1410.0
538008115,1714771394,-22.148968,4.828083,97.0,0,1410.0
538008115,1714771415,-22.149668,4.8287,97.0,0,1400.0
538008115,1714771663,-22.158533,4.836317,97.0,0,1400.0
538008115,1714771843,-22.164833,4.84185,98.0,0,1410.0
538008115,1714771972,-22.169533,4.845717,97.0,0,1410.0
538008115,1714772083,-22.173367,4.849067,97.0,0,1390.0
538008115,1714772105,-22.174101,4.849767,98.0,0,1380.0
538008115,1714772195,-22.177349,4.85255,98.0,0,1410.0
538008115,1714772202,-22.17765,4.852783,97.0,0,1410.0
538008115,1714772546,-22.190132,4.86345,96.0,0,1400.0
538008115,1714772566,-22.190901,4.86415,97.0,0,1400.0
538008115,1714772626,-22.192949,4.865967,97.0,0,1400.0
538008115,1714772647,-22.193632,4.8666,97.0,0,1400.0
538008115,1714772657,-22.194033,4.86695,97.0,0,1400.0
538008115,1714772666,-22.1943,4.867217,97.0,0,1390.0
538008115,1714772676,-22.194683,4.86755,97.0,0,1390.0
538008115,1714772697,-22.195368,4.8682,97.0,0,1380.0
538008115,1714772715,-22.195732,4.868567,97.0,0,1380.0
538008115,1714772746,-22.197117,4.869817,97.0,0,1370.0
538008115,1714772757,-22.197451,4.87015,98.0,0,1380.0
538008115,1714772787,-22.198483,4.871083,98.0,0,1390.0
538008115,1714772802,-22.198833,4.871383,98.0,0,1390.0
538008115,1714772807,-22.1992,4.871683,98.0,0,1400.0
538008115,1714772814,-22.1992,4.871683,98.0,0,1400.0
538008115,1714772817,-22.199583,4.872017,98.0,0,1400.0
538008115,1714772827,-22.199917,4.8723,98.0,0,1410.0
538008115,1714772847,-22.200632,4.872917,98.0,0,1410.0
538008115,1714772857,-22.201017,4.87325,98.0,0,1410.0
538008115,1714772877,-22.201717,4.873883,98.0,0,1410.0
538008115,1714772907,-22.202749,4.8748,98.0,0,1400.0
538008115,1714772916,-22.203117,4.8751,98.0,0,1410.0
538008115,1714772927,-22.203501,4.87545,99.0,0,1390.0
538008115,1714772947,-22.204201,4.876083,99.0,0,1390.0
538008115,1714772967,-22.204884,4.8767,99.0,0,1390.0
538008115,1714772972,-22.204884,4.8767,99.0,0,1390.0
538008115,1714772987,-22.205601,4.877333,99.0,0,1400.0
538008115,1714773007,-22.206318,4.87805,100.0,0,1370.0
538008115,1714773027,-22.207033,4.878683,100.0,0,1390.0
538008115,1714773047,-22.207733,4.879333,100.0,0,1390.0
538008115,1714773057,-22.20805,4.879633,99.0,0,1380.0
538008115,1714773067,-22.208433,4.88,99.0,0,1390.0
538008115,1714773107,-22.209818,4.88125,100.0,0,1390.0
538008115,1714773184,-22.212317,4.883483,100.0,0,1400.0
538008115,1714773414,-22.220484,4.890983,100.0,0,1400.0
538008115,1714773543,-22.225166,4.89515,100.0,0,1400.0
538008115,1714773755,-22.23255,4.902033,99.0,0,1390.0
538008115,1714774613,-22.263132,4.9295,100.0,0,1410.0
538008115,1714774723,-22.267067,4.932983,99.0,0,1410.0
538008115,1714774802,-22.269951,4.93545,100.0,0,1420.0
538008115,1714774993,-22.276867,4.941417,100.0,0,1410.0
538008115,1714775037,-22.278282,4.942633,100.0,0,1410.0
538008115,1714775273,-22.286934,4.9503,100.0,0,1390.0
538008115,1714775493,-22.294933,4.957233,100.0,0,1400.0
538008115,1714775653,-22.300667,4.962483,101.0,0,1380.0
538008115,1714775682,-22.301683,4.96345,101.0,0,1390.0
538008115,1714775874,-22.3085,4.969583,101.0,0,1400.0
538008115,1714775974,-22.312117,4.972883,101.0,0,1390.0
538008115,1714776074,-22.315767,4.976167,101.0,0,1400.0
538008115,1714776172,-22.319332,4.9793,101.0,0,1410.0
538008115,1714776293,-22.323601,4.98325,101.0,0,1400.0
538008115,1714776492,-22.330767,4.989767,100.0,0,1400.0
538008115,1714776553,-22.332899,4.991733,101.0,0,1400.0
538008115,1714776677,-22.3372,4.995633,100.0,0,1410.0
538008115,1714776765,-22.340401,4.998533,101.0,0,1400.0
538008115,1714776825,-22.34255,5.000517,101.0,0,1390.0
538008115,1714777063,-22.351133,5.00835,101.0,0,1400.0
538008115,1714777146,-22.354033,5.011017,101.0,0,1380.0
538008115,1714777354,-22.361418,5.017983,101.0,0,1390.0
538008115,1714777473,-22.365717,5.021967,102.0,0,1390.0
538008115,1714777604,-22.370333,5.026367,101.0,0,1370.0
538008115,1714777694,-22.3736,5.029367,101.0,0,1390.0
538008115,1714777704,-22.373917,5.02965,101.0,0,1410.0
538008115,1714777823,-22.378267,5.033467,100.0,0,1400.0
538008115,1714777844,-22.379,5.034133,100.0,0,1390.0
538008115,1714778015,-22.385017,5.039733,100.0,0,1400.0
538008115,1714778252,-22.393383,5.047567,99.0,0,1390.0
538008115,1714778702,-22.409283,5.062,100.0,0,1390.0
538008115,1714778985,-22.419167,5.071067,99.0,0,1400.0
538008115,1714779053,-22.4216,5.073333,100.0,0,1390.0
538008115,1714779083,-22.422716,5.0743,99.0,0,1400.0
538008115,1714779193,-22.426617,5.077767,99.0,0,1410.0
538008115,1714779784,-22.447367,5.097,100.0,0,1390.0
538008115,1714779916,-22.452049,5.1013,100.0,0,1400.0
538008115,1714780174,-22.4613,5.109983,101.0,0,1380.0
538008115,1714780235,-22.463467,5.112,100.0,0,1380.0
538008115,1714780333,-22.467083,5.115217,101.0,0,1400.0
538008115,1714780634,-22.478001,5.125083,101.0,0,1380.0
538008115,1714780694,-22.48015,5.127083,101.0,0,1390.0
538008115,1714780715,-22.48085,5.1277,100.0,0,1390.0
538008115,1714780794,-22.483784,5.130333,101.0,0,1390.0
538008115,1714780892,-22.487417,5.133567,101.0,0,1400.0
538008115,1714781144,-22.496384,5.141867,101.0,0,1390.0
538008115,1714781165,-22.497032,5.142467,101.0,0,1390.0
538008115,1714781302,-22.502117,5.147,100.0,0,1390.0
538008115,1714781372,-22.504683,5.1493,99.0,0,1410.0
538008115,1714781452,-22.507549,5.151817,100.0,0,1410.0
538008115,1714781504,-22.509399,5.15345,99.0,0,1390.0
538008115,1714781705,-22.516768,5.159767,100.0,0,1410.0
538008115,1714781766,-22.518967,5.161617,99.0,0,1410.0
538008115,1714781825,-22.521151,5.1635,100.0,0,1410.0
538008115,1714781874,-22.522917,5.165067,100.0,0,1400.0
538008115,1714782431,-22.543234,5.182617,100.0,0,1410.0
538008115,1714782575,-22.548332,5.187083,100.0,0,1400.0
538008115,1714782665,-22.551617,5.1899,100.0,0,1420.0
538008115,1714782876,-22.559317,5.1964,99.0,0,1400.0
538008115,1714782985,-22.563133,5.199817,100.0,0,1400.0
538008115,1714783083,-22.566717,5.203083,99.0,0,1390.0
538008115,1714783426,-22.578882,5.213833,99.0,0,1400.0
538008115,1714783543,-22.583183,5.217617,99.0,0,1400.0
538008115,1714783613,-22.585751,5.21995,100.0,0,1390.0
538008115,1714783906,-22.5961,5.2292,100.0,0,1400.0
538008115,1714783985,-22.598967,5.23175,99.0,0,1390.0
538008115,1714784023,-22.600384,5.23305,99.0,0,1410.0
538008115,1714784086,-22.602533,5.23495,99.0,0,1410.0
538008115,1714784203,-22.60685,5.2387,99.0,0,1410.0
538008115,1714784613,-22.62125,5.25175,98.0,0,1390.0
538008115,1714784665,-22.623016,5.253283,98.0,0,1410.0
538008115,1714784724,-22.625151,5.255117,97.0,0,1410.0
538008115,1714784756,-22.626217,5.256017,97.0,0,1400.0
538008115,1714784984,-22.634283,5.2632,97.0,0,1400.0
538008115,1714785094,-22.638117,5.266683,97.0,0,1390.0
538008115,1714785154,-22.640232,5.2686,97.0,0,1390.0
538008115,1714785166,-22.640516,5.26885,97.0,0,1390.0
538008115,1714785302,-22.645451,5.273183,97.0,0,1400.0
538008115,1714785424,-22.64975,5.276967,97.0,0,1400.0
538008115,1714785572,-22.6551,5.281533,98.0,0,1420.0
538008115,1714785633,-22.657249,5.283317,98.0,0,1420.0
538008115,1714785775,-22.662283,5.2877,98.0,0,1380.0
538008115,1714785824,-22.66395,5.289233,98.0,0,1390.0
538008115,1714785864,-22.66535,5.2905,98.0,0,1400.0
538008115,1714785925,-22.667517,5.292433,98.0,0,1400.0
538008115,1714786125,-22.67465,5.298567,98.0,0,1420.0
538008115,1714786204,-22.677567,5.3011,98.0,0,1410.0
538008115,1714786243,-22.679001,5.3023,99.0,0,1420.0
538008115,1714786262,-22.679684,5.30295,98.0,0,1400.0
538008115,1714786342,-22.6826,5.305383,98.0,0,1420.0
538008115,1714786563,-22.690468,5.312417,100.0,0,1400.0
538008115,1714786576,-22.690832,5.312733,99.0,0,1400.0
538008115,1714786585,-22.691133,5.313017,99.0,0,1390.0
538008115,1714786645,-22.6933,5.31495,100.0,0,1410.0
538008115,1714786697,-22.695118,5.316583,100.0,0,1410.0
538008115,1714786735,-22.696432,5.317883,99.0,0,1380.0
538008115,1714786743,-22.69685,5.318283,100.0,0,1390.0
538008115,1714786815,-22.69935,5.32055,100.0,0,1400.0
538008115,1714786836,-22.70005,5.321217,101.0,0,1390.0
538008115,1714786881,-22.701782,5.322867,101.0,0,1390.0
538008115,1714786896,-22.702133,5.323183,101.0,0,1390.0
538008115,1714786916,-22.702818,5.323817,101.0,0,1390.0
538008115,1714786945,-22.703951,5.32485,101.0,0,1410.0
538008115,1714787076,-22.708532,5.329233,102.0,0,1370.0
538008115,1714787264,-22.715233,5.3357,102.0,0,1380.0
538008115,1714787272,-22.715599,5.336033,102.0,0,1380.0
538008115,1714787303,-22.716717,5.337083,102.0,0,1380.0
538008115,1714787394,-22.71995,5.34005,102.0,0,1380.0
538008115,1714787464,-22.722483,5.342417,103.0,0,1390.0
538008115,1714787545,-22.725416,5.345133,102.0,0,1390.0
538008115,1714787595,-22.727249,5.346817,102.0,0,1380.0
538008115,1714787663,-22.729733,5.349117,102.0,0,1390.0
538008115,1714787676,-22.730083,5.34945,102.0,0,1380.0
538008115,1714787973,-22.74085,5.359667,102.0,0,1400.0
538008115,1714788074,-22.744583,5.362917,102.0,0,1410.0
538008115,1714788185,-22.748667,5.366517,102.0,0,1390.0
538008115,1714788302,-22.753099,5.370433,102.0,0,1410.0
538008115,1714788333,-22.754168,5.3714,102.0,0,1400.0
538008115,1714788586,-22.763399,5.379483,102.0,0,1410.0
538008115,1714788795,-22.771116,5.386383,102.0,0,1380.0
538008115,1714789024,-22.779367,5.394133,102.0,0,1390.0
538008115,1714789095,-22.781918,5.396517,102.0,0,1390.0
538008115,1714789115,-22.78265,5.397167,102.0,0,1380.0
538008115,1714789207,-22.785917,5.400217,102.0,0,1380.0
538008115,1714789455,-22.79495,5.4086,102.0,0,1400.0
538008115,1714789563,-22.798933,5.412233,102.0,0,1380.0
538008115,1714789632,-22.8015,5.414567,102.0,0,1390.0
538008115,1714789853,-22.809483,5.4219,101.0,0,1390.0
538008115,1714789903,-22.811333,5.423533,102.0,0,1390.0
538008115,1714790214,-22.8225,5.433783,101.0,0,1390.0
538008115,1714790593,-22.835951,5.4464,100.0,0,1390.0
538008115,1714790716,-22.84025,5.450433,101.0,0,1380.0
538008115,1714790823,-22.8442,5.45395,101.0,0,1400.0
538008115,1714790901,-22.847099,5.456567,101.0,0,1400.0
538008115,1714790935,-22.848232,5.4576,101.0,0,1400.0
538008115,1714790943,-22.848566,5.457883,101.0,0,1400.0
538008115,1714791036,-22.8519,5.460783,101.0,0,1400.0
538008115,1714791105,-22.854418,5.463033,100.0,0,1400.0
538008115,1714791331,-22.8626,5.47065,100.0,0,1400.0
538008115,1714791358,-22.863367,5.471317,100.0,0,1400.0
538008115,1714791545,-22.870199,5.47755,101.0,0,1390.0
538008115,1714791836,-22.880699,5.487067,101.0,0,1380.0
538008115,1714791863,-22.8818,5.488117,101.0,0,1370.0
538008115,1714791926,-22.884001,5.490117,101.0,0,1400.0
538008115,1714792023,-22.887667,5.4932,101.0,0,1420.0
538008115,1714792152,-22.892467,5.497317,100.0,0,1410.0
538008115,1714792283,-22.897249,5.501483,101.0,0,1410.0
538008115,1714792362,-22.900316,5.504,102.0,0,1420.0
538008115,1714792383,-22.901068,5.50465,102.0,0,1420.0
538008115,1714792482,-22.904833,5.507867,102.0,0,1400.0
538008115,1714792494,-22.905184,5.50815,102.0,0,1410.0
538008115,1714792545,-22.907084,5.5098,102.0,0,1400.0
538008115,1714792553,-22.907417,5.5101,102.0,0,1400.0
538008115,1714792632,-22.910383,5.512667,103.0,0,1420.0
538008115,1714792642,-22.910816,5.513,103.0,0,1420.0
538008115,1714792684,-22.912382,5.514383,103.0,0,1410.0
538008115,1714792754,-22.914932,5.516517,103.0,0,1410.0
538008115,1714792843,-22.9184,5.519417,103.0,0,1420.0
538008115,1714792925,-22.921482,5.522017,103.0,0,1420.0
538008115,1714792967,-22.922916,5.523267,103.0,0,1410.0
538008115,1714793044,-22.926033,5.525883,104.0,0,1420.0
538008115,1714793102,-22.928267,5.52785,104.0,0,1400.0
538008115,1714793143,-22.929867,5.52925,104.0,0,1410.0
538008115,1714793163,-22.930567,5.529883,104.0,0,1400.0
538008115,1714793294,-22.935583,5.5342,104.0,0,1410.0
538008115,1714793394,-22.939417,5.537317,104.0,0,1420.0
538008115,1714793683,-22.950251,5.546783,103.0,0,1370.0
538008115,1714793764,-22.95315,5.549533,104.0,0,1380.0
538008115,1714794213,-22.969633,5.56505,104.0,0,1390.0
538008115,1714794573,-22.982817,5.577617,105.0,0,1380.0
538008115,1714794716,-22.987932,5.582467,104.0,0,1390.0
538008115,1714795273,-23.008484,5.602167,104.0,0,1370.0
538008115,1714795403,-23.013166,5.606667,104.0,0,1380.0
538008115,1714795485,-23.016233,5.60935,103.0,0,1410.0
538008115,1714795812,-23.029066,5.6196,104.0,0,1430.0
538008115,1714796364,-23.050068,5.637383,103.0,0,1410.0
538008115,1714796504,-23.055283,5.641883,103.0,0,1410.0
538008115,1714796893,-23.069883,5.654467,103.0,0,1400.0
538008115,1714797065,-23.0762,5.659917,101.0,0,1410.0
538008115,1714797444,-23.090218,5.672167,102.0,0,1400.0
538008115,1714797493,-23.092016,5.673783,102.0,0,1410.0
538008115,1714797623,-23.096901,5.678033,103.0,0,1410.0
538008115,1714797745,-23.101418,5.682017,103.0,0,1400.0
538008115,1714797935,-23.108534,5.688183,104.0,0,1410.0
538008115,1714797985,-23.110434,5.689867,103.0,0,1400.0
538008115,1714798073,-23.113667,5.692883,103.0,0,1380.0
538008115,1714798186,-23.117634,5.696783,103.0,0,1390.0
538008115,1714798304,-23.121933,5.70095,104.0,0,1370.0
538008115,1714798369,-23.124067,5.703067,104.0,0,1360.0
538008115,1714798454,-23.127283,5.706167,103.0,0,1380.0
538008115,1714798564,-23.1313,5.710083,104.0,0,1370.0
538008115,1714798644,-23.1341,5.7128,104.0,0,1390.0
538008115,1714798752,-23.1381,5.716683,104.0,0,1380.0
538008115,1714798804,-23.139933,5.718417,105.0,0,1400.0
538008115,1714798847,-23.140266,5.718733,105.0,0,1390.0
538008115,1714798864,-23.142099,5.7205,104.0,0,1380.0
538008115,1714798984,-23.14645,5.724667,103.0,0,1380.0
538008115,1714799075,-23.149733,5.7278,105.0,0,1380.0
538008115,1714799134,-23.151867,5.729883,105.0,0,1370.0
538008115,1714799343,-23.159533,5.737367,105.0,0,1380.0
538008115,1714799475,-23.164167,5.742033,105.0,0,1380.0
538008115,1714799632,-23.169968,5.747733,105.0,0,1380.0
538008115,1714800505,-23.202583,5.77685,103.0,0,1410.0
538008115,1714800542,-23.204149,5.7782,103.0,0,1400.0
538008115,1714800564,-23.20495,5.778867,104.0,0,1400.0
538008115,1714800624,-23.207199,5.78075,102.0,0,1420.0
538008115,1714800667,-23.208668,5.782017,104.0,0,1400.0
538008115,1714800793,-23.21365,5.78625,102.0,0,1410.0
538008115,1714800815,-23.214417,5.7869,102.0,0,1430.0
538008115,1714800953,-23.219667,5.791383,102.0,0,1410.0
538008115,1714801222,-23.2299,5.799917,101.0,0,1410.0
538008115,1714801294,-23.232533,5.802183,101.0,0,1400.0
538008115,1714802161,-23.264618,5.830967,102.0,0,1390.0
538008115,1714802313,-23.27,5.836167,103.0,0,1380.0
538008115,1714802464,-23.27545,5.841233,102.0,0,1390.0
538008115,1714802553,-23.2787,5.844283,102.0,0,1390.0
538008115,1714802745,-23.285517,5.850783,102.0,0,1380.0
538008115,1714802913,-23.291718,5.8564,102.0,0,1400.0
538008115,1714803025,-23.2957,5.86005,101.0,0,1390.0
538008115,1714803036,-23.296066,5.860383,101.0,0,1390.0
538008115,1714803055,-23.296749,5.861017,102.0,0,1390.0
538008115,1714803083,-23.297882,5.86205,101.0,0,1390.0
538008115,1714803096,-23.298201,5.86235,102.0,0,1390.0
538008115,1714803155,-23.3004,5.8644,101.0,0,1390.0
538008115,1714803176,-23.301167,5.865083,101.0,0,1390.0
538008115,1714803202,-23.302217,5.86605,102.0,0,1390.0
538008115,1714803257,-23.304083,5.867733,101.0,0,1400.0
538008115,1714803297,-23.305517,5.86905,101.0,0,1400.0
538008115,1714803363,-23.308001,5.8713,101.0,0,1390.0
538008115,1714803851,-23.32575,5.887683,102.0,0,1400.0
538008115,1714804021,-23.332018,5.8932,101.0,0,1400.0
538008115,1714804081,-23.33415,5.895183,102.0,0,1390.0
538008115,1714804178,-23.337467,5.898283,102.0,0,1380.0
538008115,1714804193,-23.338182,5.898967,101.0,0,1390.0
538008115,1714804335,-23.343267,5.903517,101.0,0,1410.0
538008115,1714804353,-23.343983,5.9042,101.0,0,1380.0
538008115,1714804495,-23.349117,5.908783,101.0,0,1400.0
538008115,1714804556,-23.351233,5.910733,101.0,0,1390.0
538008115,1714804595,-23.352682,5.912083,101.0,0,1380.0
538008115,1714804644,-23.354532,5.91375,102.0,0,1400.0
538008115,1714804864,-23.362617,5.921,102.0,0,1390.0
538008115,1714805103,-23.371401,5.928817,101.0,0,1400.0
538008115,1714805156,-23.373199,5.930417,101.0,0,1390.0
538008115,1714805269,-23.377199,5.934067,101.0,0,1400.0
538008115,1714805273,-23.377518,5.934367,101.0,0,1400.0
538008115,1714805343,-23.380083,5.936717,101.0,0,1380.0
538008115,1714805443,-23.383766,5.939917,101.0,0,1410.0
538008115,1714805575,-23.388483,5.94415,101.0,0,1400.0
538008115,1714805786,-23.396116,5.95095,102.0,0,1410.0
538008115,1714805824,-23.397667,5.952333,102.0,0,1390.0
538008115,1714805935,-23.4016,5.956017,102.0,0,1380.0
538008115,1714806134,-23.40885,5.962633,102.0,0,1390.0
538008115,1714806575,-23.42495,5.977333,102.0,0,1390.0
538008115,1714806705,-23.429649,5.981583,102.0,0,1380.0
538008115,1714806768,-23.431833,5.983617,101.0,0,1380.0
538008115,1714806853,-23.435017,5.986617,101.0,0,1380.0
538008115,1714806883,-23.436132,5.987633,101.0,0,1390.0
538008115,1714806985,-23.4398,5.99095,102.0,0,1390.0
538008115,1714807034,-23.441601,5.992633,102.0,0,1380.0
538008115,1714807143,-23.445534,5.996283,102.0,0,1390.0
538008115,1714807474,-23.45715,6.007533,101.0,0,1360.0
538008115,1714807558,-23.459833,6.010417,101.0,0,1360.0
538008115,1714807622,-23.462183,6.012983,102.0,0,1350.0
538008115,1714807716,-23.4652,6.016183,102.0,0,1360.0
538008115,1714807773,-23.467234,6.018367,102.0,0,1350.0
538008115,1714808002,-23.4753,6.0265,102.0,0,1380.0
538008115,1714808504,-23.492783,6.04415,102.0,0,1370.0
538008115,1714808565,-23.494833,6.046383,102.0,0,1340.0
538008115,1714808687,-23.498899,6.050683,101.0,0,1360.0
538008115,1714808772,-23.50185,6.053767,101.0,0,1350.0
538008115,1714809202,-23.516382,6.0691,100.0,0,1360.0
538008115,1714809363,-23.521799,6.074767,101.0,0,1360.0
538008115,1714809553,-23.528316,6.08145,101.0,0,1360.0
538008115,1714809785,-23.5361,6.0897,101.0,0,1350.0
538008115,1714810018,-23.544201,6.09825,102.0,0,1360.0
538008115,1714810049,-23.545282,6.099333,102.0,0,1370.0
538008115,1714810099,-23.546984,6.101133,102.0,0,1360.0
538008115,1714810118,-23.547333,6.1015,102.0,0,1360.0
538008115,1714810148,-23.548599,6.102917,102.0,0,1340.0
538008115,1714810219,-23.551067,6.105483,102.0,0,1360.0
538008115,1714810259,-23.552383,6.106917,102.0,0,1350.0
538008115,1714810268,-23.55265,6.107217,102.0,0,1340.0
538008115,1714810316,-23.554033,6.108617,100.0,0,1370.0
538008115,1714810333,-23.554733,6.1094,101.0,0,1360.0
538008115,1714810423,-23.557882,6.11265,101.0,0,1360.0
538008115,1714810510,-23.5606,6.11545,102.0,0,1370.0
538008115,1714810544,-23.562033,6.1169,102.0,0,1370.0
538008115,1714810654,-23.565817,6.1208,102.0,0,1360.0
538008115,1714810694,-23.567249,6.12225,102.0,0,1360.0
538008115,1714810712,-23.5679,6.122917,103.0,0,1360.0
538008115,1714810754,-23.569332,6.1244,102.0,0,1360.0
538008115,1714810905,-23.574484,6.129783,102.0,0,1350.0
538008115,1714811075,-23.580433,6.135817,102.0,0,1370.0
538008115,1714811454,-23.593651,6.149533,103.0,0,1350.0
538008115,1714811754,-23.604082,6.1603,103.0,0,1360.0
538008115,1714811905,-23.609417,6.165617,103.0,0,1370.0
538008115,1714811951,-23.611151,6.1674,103.0,0,1360.0
538008115,1714811964,-23.6115,6.167767,103.0,0,1360.0
538008115,1714812028,-23.6136,6.1699,103.0,0,1360.0
538008115,1714812437,-23.627934,6.184617,103.0,0,1360.0
538008115,1714812754,-23.639099,6.1961,103.0,0,1360.0
538008115,1714812822,-23.64155,6.198633,102.0,0,1350.0
538008115,1714812878,-23.643333,6.200433,103.0,0,1360.0
538008115,1714812995,-23.6476,6.2047,103.0,0,1360.0
538008115,1714813057,-23.649683,6.206817,104.0,0,1360.0
538008115,1714813082,-23.650766,6.207933,104.0,0,1360.0
538008115,1714813114,-23.651817,6.20905,103.0,0,1360.0
538008115,1714813236,-23.655951,6.2134,103.0,0,1350.0
538008115,1714813265,-23.656967,6.214433,102.0,0,1360.0
538008115,1714813324,-23.659033,6.2166,103.0,0,1360.0
538008115,1714813503,-23.665251,6.223167,104.0,0,1350.0
538008115,1714814123,-23.686684,6.245833,103.0,0,1360.0
538008115,1714814206,-23.689383,6.248817,102.0,0,1340.0
538008115,1714814305,-23.692818,6.252467,102.0,0,1360.0
538008115,1714814626,-23.704067,6.264233,105.0,0,1350.0
538008115,1714814733,-23.707983,6.268317,105.0,0,1340.0
538008115,1714814823,-23.711,6.2716,105.0,0,1350.0
538008115,1714814943,-23.715317,6.276067,106.0,0,1360.0
538008115,1714814975,-23.716383,6.277167,106.0,0,1360.0
538008115,1714815105,-23.720984,6.282117,105.0,0,1350.0
538008115,1714815263,-23.726633,6.28805,105.0,0,1360.0
538008115,1714815435,-23.732616,6.29445,105.0,0,1350.0
538008115,1714815555,-23.736868,6.298967,105.0,0,1350.0
538008115,1714815682,-23.741467,6.303767,106.0,0,1350.0
538008115,1714815691,-23.741817,6.30415,106.0,0,1350.0
538008115,1714815712,-23.742533,6.304883,105.0,0,1350.0
538008115,1714815715,-23.742533,6.304883,105.0,0,1350.0
538008115,1714815721,-23.742849,6.305233,105.0,0,1350.0
538008115,1714815725,-23.742849,6.305233,105.0,0,1350.0
538008115,1714815732,-23.74325,6.305633,105.0,0,1360.0
538008115,1714815741,-23.743549,6.305983,105.0,0,1350.0
538008115,1714815751,-23.743917,6.30635,105.0,0,1350.0
538008115,1714815755,-23.743917,6.30635,105.0,0,1350.0
538008115,1714815760,-23.744249,6.306683,104.0,0,1360.0
538008115,1714815772,-23.74465,6.307133,105.0,0,1340.0
538008115,1714815781,-23.744949,6.307483,106.0,0,1330.0
538008115,1714815792,-23.745317,6.307917,105.0,0,1330.0
538008115,1714815801,-23.745667,6.3083,104.0,0,1330.0
538008115,1714815811,-23.746,6.308617,104.0,0,1340.0
538008115,1714815820,-23.746349,6.308983,104.0,0,1350.0
538008115,1714815832,-23.746733,6.309383,104.0,0,1360.0
538008115,1714815852,-23.747417,6.310133,104.0,0,1350.0
538008115,1714815861,-23.747766,6.310517,104.0,0,1350.0
538008115,1714815871,-23.748068,6.310867,104.0,0,1340.0
538008115,1714815880,-23.748383,6.3112,103.0,0,1340.0
538008115,1714815892,-23.748817,6.311617,104.0,0,1350.0
538008115,1714815902,-23.749149,6.312,103.0,0,1350.0
538008115,1714815921,-23.7498,6.312717,104.0,0,1350.0
538008115,1714815940,-23.750517,6.313433,103.0,0,1360.0
538008115,1714815952,-23.750933,6.313867,103.0,0,1350.0
538008115,1714815965,-23.751284,6.314233,104.0,0,1350.0
538008115,1714815981,-23.751966,6.314933,103.0,0,1350.0
538008115,1714816002,-23.752666,6.315667,104.0,0,1350.0
538008115,1714816011,-23.753017,6.31605,104.0,0,1350.0
538008115,1714816022,-23.753384,6.316417,103.0,0,1350.0
538008115,1714816041,-23.754032,6.317117,104.0,0,1350.0
538008115,1714816062,-23.754801,6.31785,105.0,0,1370.0
538008115,1714816071,-23.755117,6.318183,104.0,0,1360.0
538008115,1714816075,-23.755117,6.318183,104.0,0,1360.0
538008115,1714816092,-23.75585,6.318967,104.0,0,1350.0
538008115,1714817032,-23.788366,6.353883,104.0,0,1350.0
538008115,1714817383,-23.800367,6.366917,103.0,0,1360.0
538008115,1714817506,-23.80455,6.371283,104.0,0,1350.0
538008115,1714817563,-23.806633,6.3735,103.0,0,1340.0
538008115,1714817624,-23.808767,6.375633,104.0,0,1370.0
538008115,1714817712,-23.812067,6.378717,105.0,0,1390.0
538008115,1714817725,-23.812468,6.3791,105.0,0,1380.0
538008115,1714818197,-23.829817,6.3955,104.0,0,1390.0
538008115,1714818833,-23.852617,6.418317,104.0,0,1370.0
538008115,1714818931,-23.85615,6.421867,105.0,0,1370.0
538008115,1714818975,-23.857582,6.423283,105.0,0,1370.0
538008115,1714819106,-23.862249,6.427967,105.0,0,1370.0
538008115,1714819242,-23.867167,6.432967,104.0,0,1370.0
538008115,1714819263,-23.867884,6.433733,103.0,0,1360.0
538008115,1714819425,-23.8736,6.439583,105.0,0,1370.0
538008115,1714819514,-23.876682,6.44285,105.0,0,1350.0
538008115,1714819623,-23.88055,6.4469,105.0,0,1360.0
538008115,1714819663,-23.881983,6.44835,105.0,0,1370.0
538008115,1714820001,-23.892633,6.4594,105.0,0,1370.0
538008115,1714820025,-23.8948,6.461617,104.0,0,1360.0
538008115,1714820214,-23.901484,6.468483,105.0,0,1360.0
538008115,1714820714,-23.918783,6.4873,105.0,0,1350.0
538008115,1714820817,-23.922268,6.49105,105.0,0,1340.0
538008115,1714820883,-23.924717,6.49365,105.0,0,1370.0
538008115,1714820944,-23.926832,6.495917,106.0,0,1350.0
538008115,1714821053,-23.930651,6.500017,105.0,0,1350.0
538008115,1714821086,-23.931683,6.50115,105.0,0,1340.0
538008115,1714821314,-23.93965,6.50985,104.0,0,1340.0
538008115,1714821614,-23.950083,6.52105,104.0,0,1360.0
538008115,1714821674,-23.952183,6.523283,104.0,0,1350.0
538008115,1714821825,-23.95735,6.52885,104.0,0,1350.0
538008115,1714821884,-23.959566,6.531117,105.0,0,1360.0
538008115,1714821911,-23.960617,6.53215,104.0,0,1360.0
538008115,1714821996,-23.963551,6.535117,106.0,0,1380.0
538008115,1714822124,-23.968149,6.5398,106.0,0,1360.0
538008115,1714822215,-23.971416,6.5432,106.0,0,1360.0
538008115,1714822416,-23.978733,6.550417,106.0,0,1380.0
538008115,1714822482,-23.981268,6.552967,107.0,0,1370.0
538008115,1714822946,-23.997967,6.569917,106.0,0,1370.0
538008115,1714823104,-24.003799,6.57585,107.0,0,1370.0
538008115,1714823183,-24.006617,6.57885,106.0,0,1350.0
538008115,1714823352,-24.012699,6.5853,107.0,0,1360.0
538008115,1714823414,-24.014851,6.587567,107.0,0,1360.0
538008115,1714823565,-24.02025,6.593217,105.0,0,1360.0
538008115,1714824055,-24.037701,6.611683,106.0,0,1340.0
538008115,1714824174,-24.041933,6.616217,105.0,0,1350.0
538008115,1714824416,-24.05055,6.6253,107.0,0,1350.0
538008115,1714824422,-24.050867,6.625633,108.0,0,1360.0
538008115,1714824514,-24.054132,6.629117,107.0,0,1350.0
538008115,1714824713,-24.061382,6.6368,108.0,0,1360.0
538008115,1714824855,-24.066467,6.6422,109.0,0,1340.0
538008115,1714824896,-24.067883,6.643767,108.0,0,1350.0
538008115,1714824965,-24.070351,6.6465,106.0,0,1340.0
538008115,1714824981,-24.070984,6.6472,107.0,0,1350.0
538008115,1714825037,-24.072884,6.649233,107.0,0,1350.0
538008115,1714825105,-24.075382,6.651833,107.0,0,1350.0
538008115,1714825196,-24.0786,6.655217,106.0,0,1350.0
538008115,1714825356,-24.084284,6.661367,106.0,0,1360.0
538008115,1714825414,-24.086451,6.6636,108.0,0,1360.0
538008115,1714825532,-24.090799,6.66825,107.0,0,1350.0
538008115,1714825553,-24.091482,6.669033,107.0,0,1340.0
538008115,1714825575,-24.092251,6.669833,107.0,0,1350.0
538008115,1714825703,-24.096884,6.674767,106.0,0,1360.0
538008115,1714825963,-24.106283,6.6846,106.0,0,1370.0
538008115,1714826126,-24.112183,6.690383,105.0,0,1380.0
538008115,1714826144,-24.112917,6.6911,105.0,0,1380.0
538008115,1714826344,-24.12035,6.698267,106.0,0,1370.0
538008115,1714826542,-24.127649,6.70545,106.0,0,1380.0
538008115,1714826653,-24.131683,6.709433,106.0,0,1380.0
538008115,1714826807,-24.137251,6.7148,105.0,0,1370.0
538008115,1714826866,-24.139467,6.717,106.0,0,1370.0
538008115,1714826995,-24.144234,6.721667,106.0,0,1390.0
538008115,1714827005,-24.144632,6.72205,106.0,0,1380.0
538008115,1714827125,-24.149099,6.7263,105.0,0,1370.0
538008115,1714827423,-24.159733,6.737333,106.0,0,1360.0
538008115,1714827605,-24.166149,6.744117,106.0,0,1350.0
538008115,1714827784,-24.172649,6.7507,106.0,0,1360.0
538008115,1714827825,-24.174116,6.752183,106.0,0,1360.0
538008115,1714827957,-24.178783,6.757067,106.0,0,1350.0
538008115,1714828023,-24.1812,6.759567,106.0,0,1350.0
538008115,1714828195,-24.187218,6.765967,106.0,0,1360.0
538008115,1714828251,-24.18935,6.768183,105.0,0,1350.0
538008115,1714828303,-24.191099,6.770067,106.0,0,1350.0
538008115,1714828375,-24.1936,6.7727,106.0,0,1350.0
538008115,1714828494,-24.197832,6.777233,105.0,0,1350.0
538008115,1714829103,-24.219601,6.799817,106.0,0,1370.0
538008115,1714829324,-24.227467,6.807833,104.0,0,1370.0
538008115,1714829984,-24.250584,6.831767,103.0,0,1370.0
538008115,1714830068,-24.253366,6.834633,103.0,0,1360.0
538008115,1714830094,-24.254417,6.835733,104.0,0,1360.0
538008115,1714830123,-24.255417,6.8368,103.0,0,1360.0
538008115,1714830224,-24.259001,6.840583,103.0,0,1350.0
538008115,1714830272,-24.260733,6.842383,105.0,0,1360.0
538008115,1714830317,-24.26215,6.843867,105.0,0,1360.0
538008115,1714830382,-24.26465,6.846467,105.0,0,1360.0
538008115,1714830395,-24.265017,6.846833,105.0,0,1360.0
538008115,1714830825,-24.280466,6.86275,105.0,0,1360.0
538008115,1714830886,-24.282566,6.864917,105.0,0,1360.0
538008115,1714830913,-24.283632,6.8661,105.0,0,1360.0
538008115,1714831122,-24.290968,6.874033,105.0,0,1350.0
538008115,1714831183,-24.293051,6.87625,105.0,0,1350.0
538008115,1714831322,-24.298018,6.88155,104.0,0,1340.0
538008115,1714831363,-24.299417,6.882967,105.0,0,1360.0
538008115,1714831463,-24.302967,6.886667,105.0,0,1360.0
538008115,1714831493,-24.304001,6.88775,105.0,0,1380.0
538008115,1714831913,-24.318983,6.9034,106.0,0,1360.0
538008115,1714832103,-24.325916,6.910517,107.0,0,1360.0
538008115,1714832286,-24.332533,6.917217,107.0,0,1360.0
538008115,1714832357,-24.335051,6.9198,107.0,0,1360.0
538008115,1714832423,-24.337601,6.922433,107.0,0,1370.0
538008115,1714832475,-24.339466,6.924283,107.0,0,1380.0
538008115,1714832616,-24.344433,6.929617,107.0,0,1350.0
538008115,1714832623,-24.344833,6.930017,106.0,0,1360.0
538008115,1714832655,-24.345882,6.9312,106.0,0,1350.0
538008115,1714832997,-24.358217,6.943717,106.0,0,1350.0
538008115,1714833043,-24.360018,6.9456,106.0,0,1370.0
538008115,1714833107,-24.36215,6.947883,107.0,0,1350.0
538008115,1714833116,-24.362516,6.94825,107.0,0,1360.0
538008115,1714833194,-24.36545,6.951267,106.0,0,1370.0
538008115,1714833274,-24.368282,6.95415,107.0,0,1360.0
538008115,1714833353,-24.371283,6.957167,106.0,0,1380.0
538008115,1714833496,-24.376432,6.96225,106.0,0,1380.0
538008115,1714833534,-24.377867,6.9637,107.0,0,1370.0
538008115,1714833653,-24.382183,6.968167,106.0,0,1370.0
538008115,1714833734,-24.385067,6.971133,106.0,0,1350.0
538008115,1714833743,-24.385366,6.971433,106.0,0,1350.0
538008115,1714833842,-24.389,6.9752,107.0,0,1340.0
538008115,1714833901,-24.391083,6.977467,107.0,0,1340.0
538008115,1714834015,-24.395,6.981767,106.0,0,1350.0
538008115,1714834093,-24.39785,6.984817,106.0,0,1340.0
538008115,1714834403,-24.408632,6.997233,108.0,0,1330.0
538008115,1714834435,-24.409683,6.998417,107.0,0,1340.0
538008115,1714834503,-24.412067,7.001183,108.0,0,1330.0
538008115,1714834603,-24.41555,7.0052,106.0,0,1320.0
538008115,1714834645,-24.416933,7.006783,106.0,0,1330.0
538008115,1714834723,-24.419666,7.009983,106.0,0,1330.0
538008115,1714834814,-24.422716,7.013433,106.0,0,1340.0
538008115,1714834943,-24.427383,7.0186,107.0,0,1350.0
538008115,1714835352,-24.441732,7.034517,107.0,0,1340.0
538008115,1714835372,-24.442417,7.035317,107.0,0,1330.0
538008115,1714835425,-24.444183,7.037283,107.0,0,1340.0
538008115,1714835495,-24.4466,7.04005,107.0,0,1330.0
538008115,1714835506,-24.446966,7.0405,106.0,0,1330.0
538008115,1714835632,-24.451633,7.0453,106.0,0,1370.0
538008115,1714835924,-24.462183,7.05625,106.0,0,1360.0
538008115,1714836174,-24.471216,7.065633,106.0,0,1360.0
538008115,1714836306,-24.475866,7.07065,106.0,0,1350.0
538008115,1714836385,-24.478783,7.0736,105.0,0,1360.0
538008115,1714836505,-24.483133,7.077983,106.0,0,1370.0
538008115,1714836685,-24.489866,7.084533,107.0,0,1380.0
538008115,1714836715,-24.490982,7.08565,107.0,0,1370.0
538008115,1714836804,-24.494249,7.08895,105.0,0,1360.0
538008115,1714836913,-24.498283,7.092933,107.0,0,1370.0
538008115,1714837113,-24.505783,7.100467,107.0,0,1350.0
538008115,1714837143,-24.506849,7.10155,106.0,0,1350.0
538008115,1714837224,-24.50975,7.104467,106.0,0,1370.0
538008115,1714837293,-24.51235,7.10705,107.0,0,1380.0
538008115,1714838284,-24.54925,7.1435,108.0,0,1350.0
538008115,1714838372,-24.552383,7.146967,107.0,0,1350.0
538008115,1714838679,-24.562918,7.158683,107.0,0,1330.0
538008115,1714839714,-24.6007,7.198367,108.0,0,1360.0
538008115,1714839863,-24.606167,7.20405,108.0,0,1360.0
538008115,1714840107,-24.614983,7.21305,107.0,0,1370.0
538008115,1714840342,-24.623768,7.222017,107.0,0,1360.0
538008115,1714840475,-24.628468,7.226967,106.0,0,1360.0
538008115,1714840545,-24.630983,7.2295,106.0,0,1370.0
538008115,1714840563,-24.631718,7.230217,106.0,0,1370.0
538008115,1714840663,-24.635349,7.233933,106.0,0,1360.0
538008115,1714840794,-24.639999,7.238667,105.0,0,1370.0
538008115,1714840884,-24.64325,7.2419,105.0,0,1370.0
538008115,1714841034,-24.648783,7.247333,105.0,0,1370.0
538008115,1714841196,-24.654118,7.25365,105.0,0,1310.0
538008115,1714841357,-24.659433,7.2599,104.0,0,1330.0
538008115,1714841645,-24.669567,7.27055,105.0,0,1360.0
538008115,1714841863,-24.677334,7.278933,105.0,0,1340.0
538008115,1714842235,-24.690233,7.292983,106.0,0,1360.0
538008115,1714842263,-24.691267,7.294083,105.0,0,1350.0
538008115,1714842425,-24.696882,7.30025,105.0,0,1330.0
538008115,1714842464,-24.698282,7.301783,105.0,0,1350.0
538008115,1714842584,-24.702534,7.3063,106.0,0,1360.0
538008115,1714842785,-24.7094,7.313833,105.0,0,1350.0
538008115,1714842803,-24.7101,7.314583,105.0,0,1350.0
538008115,1714842914,-24.713934,7.3188,104.0,0,1350.0
538008115,1714843073,-24.719618,7.324617,105.0,0,1370.0
538008115,1714843135,-24.721783,7.3268,105.0,0,1370.0
538008115,1714843144,-24.722166,7.327183,104.0,0,1380.0
538008115,1714843215,-24.7246,7.3298,103.0,0,1350.0
538008115,1714843327,-24.72855,7.333817,104.0,0,1370.0
538008115,1714843504,-24.735018,7.3403,105.0,0,1360.0
538008115,1714843555,-24.736717,7.342133,103.0,0,1340.0
538008115,1714843685,-24.741266,7.346783,104.0,0,1370.0
538008115,1714843735,-24.743099,7.3486,103.0,0,1370.0
538008115,1714844193,-24.7591,7.365017,101.0,0,1350.0
538008115,1714844303,-24.762917,7.369033,101.0,0,1360.0
538008115,1714844423,-24.76705,7.373367,101.0,0,1370.0
538008115,1714844543,-24.771217,7.377667,101.0,0,1370.0
538008115,1714844644,-24.774633,7.381283,102.0,0,1350.0
538008115,1714844675,-24.7757,7.3823,101.0,0,1370.0
538008115,1714844693,-24.7764,7.38305,102.0,0,1370.0
538008115,1714844695,-24.7764,7.38305,102.0,0,1370.0
538008115,1714844735,-24.777834,7.384467,104.0,0,1380.0
538008115,1714844796,-24.780001,7.386633,103.0,0,1370.0
538008115,1714844835,-24.781401,7.388083,104.0,0,1370.0
538008115,1714844845,-24.781782,7.388483,105.0,0,1370.0
538008115,1714844856,-24.78215,7.38885,104.0,0,1370.0
538008115,1714844876,-24.78285,7.389583,103.0,0,1360.0
538008115,1714844896,-24.78355,7.39035,104.0,0,1350.0
538008115,1714844916,-24.784218,7.391033,103.0,0,1350.0
538008115,1714844956,-24.78565,7.39255,104.0,0,1360.0
538008115,1714844962,-24.785967,7.3929,104.0,0,1360.0
538008115,1714844976,-24.78635,7.3933,103.0,0,1360.0
538008115,1714844997,-24.787033,7.39405,105.0,0,1350.0
538008115,1714845036,-24.788467,7.395517,103.0,0,1350.0
538008115,1714845057,-24.789183,7.39625,104.0,0,1360.0
538008115,1714845137,-24.792,7.399283,103.0,0,1350.0
538008115,1714845144,-24.792299,7.399617,104.0,0,1350.0
538008115,1714845156,-24.79265,7.399983,103.0,0,1360.0
538008115,1714845176,-24.79335,7.400733,103.0,0,1350.0
538008115,1714845196,-24.79405,7.401483,104.0,0,1360.0
538008115,1714845214,-24.794733,7.40215,103.0,0,1370.0
538008115,1714845252,-24.796118,7.403583,103.0,0,1370.0
538008115,1714845444,-24.802967,7.4106,104.0,0,1360.0
538008115,1714845564,-24.807182,7.4149,104.0,0,1360.0
538008115,1714845692,-24.811733,7.419583,103.0,0,1370.0
538008115,1714845715,-24.81245,7.42035,104.0,0,1360.0
538008115,1714845766,-24.814266,7.4222,104.0,0,1360.0
538008115,1714845815,-24.815968,7.423967,103.0,0,1360.0
538008115,1714845893,-24.818832,7.42685,104.0,0,1370.0
538008115,1714846373,-24.835966,7.444117,104.0,0,1370.0
538008115,1714846444,-24.838533,7.446683,105.0,0,1380.0
538008115,1714846993,-24.858267,7.466683,105.0,0,1340.0
538008115,1714847014,-24.858982,7.467417,105.0,0,1360.0
538008115,1714847104,-24.862167,7.47095,106.0,0,1350.0
538008115,1714847263,-24.867718,7.477,106.0,0,1350.0
538008115,1714847584,-24.879032,7.489217,105.0,0,1360.0
538008115,1714847786,-24.885933,7.496833,105.0,0,1330.0
538008115,1714848163,-24.899166,7.511267,104.0,0,1350.0
538008115,1714848244,-24.901983,7.5142,104.0,0,1370.0
538008115,1714848305,-24.904083,7.516417,103.0,0,1350.0
538008115,1714848333,-24.9051,7.5175,104.0,0,1360.0
538008115,1714848545,-24.912283,7.525483,105.0,0,1330.0
538008115,1714848616,-24.914667,7.528033,104.0,0,1340.0
538008115,1714848814,-24.921667,7.535517,104.0,0,1340.0
538008115,1714848876,-24.923668,7.537867,104.0,0,1330.0
538008115,1714848915,-24.9251,7.539467,105.0,0,1350.0
538008115,1714849075,-24.930517,7.545517,104.0,0,1330.0
538008115,1714849173,-24.933849,7.549183,104.0,0,1350.0
538008115,1714849284,-24.937683,7.553433,105.0,0,1350.0
538008115,1714849503,-24.945232,7.561667,104.0,0,1360.0
538008115,1714849533,-24.946266,7.5628,104.0,0,1330.0
538008115,1714849596,-24.948282,7.565017,104.0,0,1350.0
538008115,1714850264,-24.971684,7.59,104.0,0,1350.0
538008115,1714850393,-24.976334,7.594783,103.0,0,1360.0
538008115,1714850576,-24.982782,7.601217,103.0,0,1380.0
538008115,1714850583,-24.983133,7.601567,103.0,0,1380.0
538008115,1714850923,-24.9951,7.61395,103.0,0,1370.0
538008115,1714850944,-24.995783,7.614617,103.0,0,1370.0
538008115,1714851024,-24.998617,7.617533,102.0,0,1370.0
538008115,1714851091,-25.001066,7.619917,103.0,0,1390.0
538008115,1714851191,-25.004633,7.623533,104.0,0,1370.0
538008115,1714851324,-25.009283,7.628233,102.0,0,1380.0
538008115,1714851346,-25.010017,7.629,103.0,0,1360.0
538008115,1714851434,-25.013149,7.632183,105.0,0,1360.0
538008115,1714851444,-25.013517,7.63255,104.0,0,1360.0
538008115,1714851505,-25.015751,7.6348,105.0,0,1370.0
538008115,1714851545,-25.017099,7.636167,104.0,0,1370.0
538008115,1714851594,-25.018883,7.637983,105.0,0,1360.0
538008115,1714851884,-25.0291,7.648617,104.0,0,1350.0
538008115,1714852084,-25.036182,7.656017,105.0,0,1360.0
538008115,1714852163,-25.038967,7.658967,104.0,0,1370.0
538008115,1714854125,-25.109283,7.731483,106.0,0,1350.0
538008115,1714854174,-25.110983,7.733433,106.0,0,1320.0
538008115,1714854704,-25.129467,7.753867,107.0,0,1340.0
538008115,1714854845,-25.1343,7.759367,107.0,0,1330.0
538008115,1714855045,-25.141268,7.767217,107.0,0,1330.0
538008115,1714855105,-25.1434,7.769633,107.0,0,1330.0
538008115,1714855153,-25.145132,7.771583,107.0,0,1330.0
538008115,1714855463,-25.155983,7.783733,108.0,0,1330.0
538008115,1714855515,-25.157766,7.78575,108.0,0,1340.0
538008115,1714855634,-25.161983,7.790517,107.0,0,1340.0
538008115,1714856335,-25.187634,7.817183,109.0,0,1360.0
538008115,1714856554,-25.195717,7.825617,109.0,0,1370.0
538008115,1714856676,-25.200083,7.83025,108.0,0,1370.0
538008115,1714857015,-25.2125,7.843417,107.0,0,1360.0
538008115,1714857022,-25.212816,7.843717,107.0,0,1370.0
538008115,1714857051,-25.2139,7.844867,108.0,0,1360.0
538008115,1714857073,-25.214718,7.845683,108.0,0,1370.0
538008115,1714857082,-25.21505,7.846033,108.0,0,1360.0
538008115,1714857103,-25.215816,7.846833,108.0,0,1360.0
538008115,1714857112,-25.21615,7.847167,107.0,0,1370.0
538008115,1714857142,-25.217251,7.848317,108.0,0,1350.0
538008115,1714857144,-25.217251,7.848317,108.0,0,1350.0
538008115,1714857153,-25.217667,7.848717,108.0,0,1370.0
538008115,1714857162,-25.218033,7.849083,108.0,0,1370.0
538008115,1714857171,-25.218349,7.84945,108.0,0,1370.0
538008115,1714857181,-25.218718,7.849817,107.0,0,1370.0
538008115,1714857193,-25.219116,7.85025,108.0,0,1350.0
538008115,1714857201,-25.219383,7.850567,108.0,0,1350.0
538008115,1714857202,-25.219383,7.850567,108.0,0,1350.0
538008115,1714857212,-25.219851,7.851083,108.0,0,1360.0
538008115,1714857222,-25.220182,7.851433,108.0,0,1360.0
538008115,1714857231,-25.220501,7.851767,107.0,0,1350.0
538008115,1714857241,-25.220867,7.852167,107.0,0,1350.0
538008115,1714857253,-25.2213,7.852633,108.0,0,1350.0
538008115,1714857261,-25.221582,7.852917,107.0,0,1360.0
538008115,1714857262,-25.221582,7.852917,107.0,0,1360.0
538008115,1714857272,-25.222,7.85335,107.0,0,1360.0
538008115,1714857291,-25.222683,7.854083,108.0,0,1360.0
538008115,1714857301,-25.223049,7.85445,108.0,0,1360.0
538008115,1714857314,-25.22345,7.854883,109.0,0,1360.0
538008115,1714857332,-25.224182,7.85565,108.0,0,1370.0
538008115,1714857342,-25.22455,7.856017,107.0,0,1370.0
538008115,1714857351,-25.224882,7.85635,108.0,0,1370.0
538008115,1714857361,-25.22525,7.85675,108.0,0,1370.0
538008115,1714857364,-25.22525,7.85675,108.0,0,1370.0
538008115,1714857373,-25.225683,7.857217,108.0,0,1350.0
538008115,1714857381,-25.226017,7.857567,108.0,0,1350.0
538008115,1714857392,-25.226368,7.857967,108.0,0,1360.0
538008115,1714857402,-25.226784,7.858383,108.0,0,1360.0
538008115,1714857411,-25.227068,7.8587,109.0,0,1360.0
538008115,1714857422,-25.227449,7.859083,109.0,0,1360.0
538008115,1714857433,-25.22785,7.8595,109.0,0,1360.0
538008115,1714857441,-25.228167,7.85985,108.0,0,1350.0
538008115,1714857462,-25.228933,7.860667,108.0,0,1350.0
538008115,1714857482,-25.229633,7.861383,109.0,0,1360.0
538008115,1714857522,-25.23115,7.863033,107.0,0,1330.0
538008115,1714857634,-25.2351,7.867183,107.0,0,1360.0
538008115,1714857784,-25.240683,7.872967,109.0,0,1360.0
538008115,1714857824,-25.242184,7.874483,109.0,0,1360.0
538008115,1714857835,-25.242533,7.874883,109.0,0,1350.0
538008115,1714857844,-25.242933,7.875317,108.0,0,1360.0
538008115,1714857974,-25.247618,7.8803,109.0,0,1340.0
538008115,1714858144,-25.253799,7.88695,109.0,0,1350.0
538008115,1714858713,-25.274584,7.908917,107.0,0,1370.0
538008115,1714858735,-25.275316,7.909733,107.0,0,1360.0
538008115,1714858844,-25.279318,7.913733,106.0,0,1370.0
538008115,1714858855,-25.279734,7.91415,106.0,0,1370.0
538008115,1714858895,-25.281183,7.9156,107.0,0,1370.0
538008115,1714859097,-25.288633,7.92305,107.0,0,1380.0
538008115,1714859245,-25.294117,7.92865,106.0,0,1360.0
538008115,1714859444,-25.301468,7.93585,106.0,0,1380.0
538008115,1714859525,-25.304466,7.938767,105.0,0,1380.0
538008115,1714859755,-25.312634,7.947317,105.0,0,1360.0
538008115,1714859806,-25.3144,7.949183,104.0,0,1360.0
538008115,1714860002,-25.321417,7.956667,103.0,0,1350.0
538008115,1714860035,-25.322433,7.9578,103.0,0,1350.0
538008115,1714860133,-25.325933,7.9616,103.0,0,1360.0
538008115,1714860154,-25.326599,7.9623,103.0,0,1360.0
538008115,1714860335,-25.332933,7.96895,103.0,0,1360.0
538008115,1714860536,-25.340099,7.976183,104.0,0,1360.0
538008115,1714860893,-25.352734,7.989267,103.0,0,1360.0
538008115,1714861056,-25.358383,7.995217,103.0,0,1350.0
538008115,1714861175,-25.362617,7.999617,103.0,0,1360.0
538008115,1714861215,-25.363951,8.00105,104.0,0,1340.0
538008115,1714861334,-25.368082,8.00535,102.0,0,1360.0
538008115,1714861414,-25.370867,8.0082,103.0,0,1360.0
538008115,1714861423,-25.371201,8.008583,103.0,0,1350.0
538008115,1714861555,-25.37575,8.013267,103.0,0,1350.0
538008115,1714861622,-25.378151,8.01585,103.0,0,1350.0
538008115,1714861692,-25.380583,8.018417,103.0,0,1360.0
538008115,1714862024,-25.392099,8.0304,103.0,0,1370.0
538008115,1714862352,-25.403566,8.04245,102.0,0,1380.0
538008115,1714862414,-25.405649,8.044633,103.0,0,1370.0
538008115,1714862575,-25.411182,8.0505,103.0,0,1360.0
538008115,1714862753,-25.41725,8.057083,103.0,0,1350.0
538008115,1714863294,-25.435534,8.077117,101.0,0,1350.0
538008115,1714863453,-25.440783,8.083017,100.0,0,1340.0
538008115,1714863533,-25.443451,8.085883,99.0,0,1350.0
538008115,1714863764,-25.451483,8.094,101.0,0,1380.0
538008115,1714863852,-25.4547,8.097083,101.0,0,1380.0
538008115,1714863913,-25.456766,8.099117,102.0,0,1380.0
538008115,1714863974,-25.458834,8.10125,101.0,0,1370.0
538008115,1714864103,-25.463217,8.105817,100.0,0,1370.0
538008115,1714864224,-25.467367,8.110067,101.0,0,1370.0
538008115,1714864414,-25.473917,8.116833,100.0,0,1360.0
538008115,1714864473,-25.476017,8.119,101.0,0,1370.0
538008115,1714865122,-25.4979,8.1418,100.0,0,1360.0
538008115,1714865175,-25.499617,8.143583,101.0,0,1350.0
538008115,1714865185,-25.499901,8.143867,100.0,0,1350.0
538008115,1714865304,-25.503901,8.148233,99.0,0,1360.0
538008115,1714865333,-25.50495,8.149333,99.0,0,1360.0
538008115,1714865423,-25.507933,8.152517,99.0,0,1360.0
538008115,1714865664,-25.516033,8.161083,99.0,0,1370.0
538008115,1714865902,-25.524099,8.169383,97.0,0,1360.0
538008115,1714865944,-25.525467,8.170817,96.0,0,1360.0
538008115,1714866095,-25.5305,8.175933,98.0,0,1360.0
538008115,1714866192,-25.533899,8.179483,98.0,0,1360.0
538008115,1714866285,-25.537001,8.182633,98.0,0,1370.0
538008115,1714866465,-25.543118,8.188917,99.0,0,1370.0
538008115,1714866833,-25.555416,8.202083,99.0,0,1350.0
538008115,1714866973,-25.560049,8.207183,99.0,0,1340.0
538008115,1714867024,-25.56175,8.20905,99.0,0,1350.0
538008115,1714867113,-25.564617,8.21225,99.0,0,1340.0
538008115,1714867243,-25.56905,8.217033,99.0,0,1360.0
538008115,1714867376,-25.573517,8.22165,99.0,0,1360.0
538008115,1714867494,-25.577633,8.225933,100.0,0,1350.0
538008115,1714867875,-25.590483,8.239533,100.0,0,1350.0
538008115,1714867974,-25.593817,8.2431,99.0,0,1350.0
538008115,1714867997,-25.5945,8.243867,99.0,0,1350.0
538008115,1714868065,-25.596817,8.2463,98.0,0,1360.0
538008115,1714868175,-25.600533,8.250233,98.0,0,1350.0
538008115,1714868283,-25.604267,8.254067,98.0,0,1350.0
538008115,1714868442,-25.6096,8.259667,99.0,0,1360.0
538008115,1714868534,-25.6126,8.262783,97.0,0,1360.0
538008115,1714868873,-25.624132,8.274683,99.0,0,1350.0
538008115,1714868965,-25.627167,8.27795,98.0,0,1360.0
538008115,1714868973,-25.627417,8.278233,98.0,0,1360.0
538008115,1714869053,-25.630117,8.281133,98.0,0,1350.0
538008115,1714869085,-25.631149,8.28225,99.0,0,1340.0
538008115,1714869522,-25.646049,8.298167,101.0,0,1350.0
538008115,1714869606,-25.648832,8.3011,101.0,0,1360.0
538008115,1714870073,-25.664667,8.3184,100.0,0,1340.0
538008115,1714870092,-25.66535,8.319117,100.0,0,1360.0
538008115,1714870153,-25.667334,8.3213,100.0,0,1350.0
538008115,1714870163,-25.667667,8.321667,101.0,0,1350.0
538008115,1714870214,-25.669416,8.323517,101.0,0,1350.0
538008115,1714870253,-25.670782,8.324967,101.0,0,1350.0
538008115,1714870344,-25.673834,8.3282,101.0,0,1370.0
538008115,1714870474,-25.678333,8.332917,101.0,0,1360.0
538008115,1714870595,-25.682467,8.33725,101.0,0,1360.0
538008115,1714870665,-25.684868,8.339717,102.0,0,1370.0
538008115,1714870744,-25.687651,8.342667,102.0,0,1350.0
538008115,1714870795,-25.68935,8.3445,102.0,0,1360.0
538008115,1714870842,-25.691017,8.346333,101.0,0,1360.0
538008115,1714871004,-25.696568,8.352217,102.0,0,1360.0
538008115,1714871015,-25.696917,8.352567,102.0,0,1370.0
538008115,1714871135,-25.701117,8.356917,102.0,0,1370.0
538008115,1714871194,-25.703217,8.359067,102.0,0,1380.0
538008115,1714871215,-25.703917,8.3598,102.0,0,1370.0
538008115,1714871273,-25.706017,8.361933,102.0,0,1370.0
538008115,1714871292,-25.706682,8.362617,102.0,0,1360.0
538008115,1714871413,-25.710899,8.366883,102.0,0,1370.0
538008115,1714871604,-25.7176,8.373767,102.0,0,1360.0
538008115,1714871666,-25.7197,8.3759,102.0,0,1370.0
538008115,1714871716,-25.721483,8.37765,102.0,0,1370.0
538008115,1714871795,-25.724333,8.380383,102.0,0,1390.0
538008115,1714871836,-25.725782,8.381833,103.0,0,1390.0
538008115,1714872045,-25.733217,8.389183,101.0,0,1370.0
538008115,1714872086,-25.734617,8.390517,101.0,0,1380.0
538008115,1714872165,-25.737467,8.393283,102.0,0,1380.0
538008115,1714872274,-25.741249,8.39715,102.0,0,1380.0
538008115,1714872305,-25.742317,8.398267,102.0,0,1360.0
538008115,1714872396,-25.745449,8.401433,100.0,0,1370.0
538008115,1714872512,-25.749582,8.405667,101.0,0,1380.0
538008115,1714872572,-25.75165,8.407733,101.0,0,1390.0
538008115,1714872586,-25.752068,8.40815,100.0,0,1360.0
538008115,1714872644,-25.754101,8.41025,99.0,0,1370.0
538008115,1714872753,-25.757767,8.41425,100.0,0,1360.0
538008115,1714872914,-25.763184,8.420083,100.0,0,1340.0
538008115,1714872993,-25.76585,8.423067,101.0,0,1340.0
538008115,1714873154,-25.771168,8.429033,101.0,0,1340.0
538008115,1714873218,-25.773167,8.431267,102.0,0,1350.0
538008115,1714873364,-25.778168,8.43685,102.0,0,1360.0
538008115,1714873386,-25.778816,8.437617,101.0,0,1340.0
538008115,1714873583,-25.785418,8.44505,101.0,0,1350.0
538008115,1714873743,-25.790649,8.450917,101.0,0,1360.0
538008115,1714873923,-25.796667,8.457567,101.0,0,1360.0
538008115,1714873996,-25.799049,8.4601,101.0,0,1350.0
538008115,1714874054,-25.8011,8.46225,102.0,0,1370.0
538008115,1714874153,-25.804533,8.465883,102.0,0,1360.0
538008115,1714874233,-25.807283,8.4688,102.0,0,1350.0
538008115,1714874262,-25.808283,8.469817,102.0,0,1370.0
538008115,1714874893,-25.829866,8.492683,101.0,0,1350.0
538008115,1714875013,-25.834017,8.496933,101.0,0,1380.0
538008115,1714875124,-25.837851,8.500833,102.0,0,1370.0
538008115,1714875295,-25.843666,8.50695,102.0,0,1370.0
538008115,1714875442,-25.848883,8.512417,102.0,0,1360.0
538008115,1714875454,-25.849199,8.51275,101.0,0,1360.0
538008115,1714875543,-25.852318,8.51605,102.0,0,1350.0
538008115,1714875583,-25.853767,8.517517,102.0,0,1360.0
538008115,1714875825,-25.862118,8.5263,103.0,0,1360.0
538008115,1714875877,-25.863832,8.528133,103.0,0,1350.0
538008115,1714875923,-25.865549,8.52995,102.0,0,1360.0
538008115,1714875987,-25.86755,8.532267,102.0,0,1340.0
538008115,1714876044,-25.869568,8.53445,102.0,0,1350.0
538008115,1714876155,-25.87335,8.538567,102.0,0,1350.0
538008115,1714876244,-25.8764,8.541883,102.0,0,1350.0
538008115,1714876385,-25.881083,8.5471,103.0,0,1360.0
538008115,1714876436,-25.882816,8.54895,103.0,0,1370.0
538008115,1714876728,-25.892683,8.559783,102.0,0,1350.0
538008115,1714876774,-25.894318,8.561633,102.0,0,1330.0
538008115,1714876795,-25.895,8.56245,101.0,0,1330.0
538008115,1714876854,-25.896982,8.564683,101.0,0,1340.0
538008115,1714876957,-25.900299,8.568367,102.0,0,1350.0
538008115,1714877055,-25.903717,8.572167,102.0,0,1340.0
538008115,1714877154,-25.907049,8.5758,102.0,0,1350.0
538008115,1714877252,-25.910418,8.579567,102.0,0,1350.0
538008115,1714877301,-25.91205,8.581383,102.0,0,1340.0
538008115,1714877525,-25.919701,8.589567,102.0,0,1360.0
538008115,1714877615,-25.922733,8.592883,102.0,0,1350.0
538008115,1714877623,-25.923082,8.59325,102.0,0,1350.0
538008115,1714877663,-25.924433,8.594767,103.0,0,1350.0
538008115,1714877895,-25.932182,8.60345,103.0,0,1350.0
538008115,1714877996,-25.935633,8.607183,103.0,0,1360.0
538008115,1714878023,-25.936649,8.608317,103.0,0,1340.0
538008115,1714878173,-25.941868,8.61385,102.0,0,1370.0
538008115,1714878375,-25.949083,8.620967,103.0,0,1370.0
538008115,1714878496,-25.953266,8.6252,102.0,0,1370.0
538008115,1714878713,-25.960983,8.633033,101.0,0,1370.0
538008115,1714878723,-25.961332,8.633383,102.0,0,1370.0
538008115,1714878813,-25.964533,8.636533,102.0,0,1390.0
538008115,1714878824,-25.964951,8.6369,102.0,0,1390.0
538008115,1714879853,-26.001217,8.673933,101.0,0,1360.0
538008115,1714879953,-26.004667,8.6776,101.0,0,1360.0
538008115,1714881502,-26.0583,8.73445,102.0,0,1350.0
538008115,1714882034,-26.076418,8.753967,101.0,0,1350.0
538008115,1714882215,-26.082718,8.760517,102.0,0,1360.0
538008115,1714882377,-26.088301,8.766433,101.0,0,1350.0
538008115,1714882925,-26.107616,8.78615,103.0,0,1370.0
538008115,1714882993,-26.110132,8.78865,103.0,0,1370.0
538008115,1714883026,-26.111151,8.7897,103.0,0,1370.0
538008115,1714883213,-26.11795,8.796633,103.0,0,1370.0
538008115,1714883296,-26.12075,8.79955,104.0,0,1360.0
538008115,1714883373,-26.123516,8.802517,102.0,0,1360.0
538008115,1714883383,-26.123817,8.802833,104.0,0,1350.0
538008115,1714883403,-26.124533,8.80355,103.0,0,1360.0
538008115,1714883663,-26.133617,8.812967,103.0,0,1360.0
538008115,1714883703,-26.13505,8.814467,103.0,0,1360.0
538008115,1714883793,-26.138166,8.817767,103.0,0,1360.0
538008115,1714883951,-26.1437,8.823583,101.0,0,1360.0
538008115,1714884034,-26.146566,8.82655,102.0,0,1370.0
538008115,1714884115,-26.149332,8.829317,102.0,0,1380.0
538008115,1714884347,-26.1574,8.8376,101.0,0,1360.0
538008115,1714884465,-26.161516,8.8419,101.0,0,1350.0
538008115,1714884942,-26.177418,8.859667,101.0,0,1350.0
538008115,1714885056,-26.181116,8.863867,101.0,0,1340.0
538008115,1714885173,-26.1852,8.868217,102.0,0,1350.0
538008115,1714885224,-26.186832,8.870033,102.0,0,1340.0
538008115,1714885267,-26.18815,8.871517,102.0,0,1330.0
538008115,1714885283,-26.188801,8.872233,102.0,0,1340.0
538008115,1714885517,-26.196449,8.8809,101.0,0,1340.0
538008115,1714885682,-26.202084,8.887333,101.0,0,1340.0
538008115,1714885804,-26.2061,8.89185,101.0,0,1340.0
538008115,1714886597,-26.233299,8.920783,100.0,0,1350.0
538008115,1714886613,-26.233982,8.921483,101.0,0,1370.0
538008115,1714886765,-26.239183,8.926833,101.0,0,1370.0
538008115,1714886823,-26.241217,8.92895,100.0,0,1370.0
538008115,1714886991,-26.247084,8.935067,99.0,0,1370.0
538008115,1714887034,-26.248533,8.936567,99.0,0,1360.0
538008115,1714887097,-26.250584,8.938633,99.0,0,1380.0
538008115,1714887183,-26.253616,8.9418,99.0,0,1370.0
538008115,1714887337,-26.258818,8.9472,99.0,0,1360.0
538008115,1714887613,-26.268417,8.957033,100.0,0,1380.0
538008115,1714888234,-26.289467,8.9798,100.0,0,1340.0
538008115,1714888564,-26.300432,8.992067,100.0,0,1350.0
538008115,1714888624,-26.302467,8.994283,100.0,0,1350.0
538008115,1714888675,-26.3041,8.9961,100.0,0,1350.0
538008115,1714888689,-26.304501,8.996533,100.0,0,1340.0
538008115,1714888744,-26.30645,8.99875,100.0,0,1350.0
538008115,1714888865,-26.310432,9.003167,100.0,0,1340.0
538008115,1714888945,-26.313116,9.00605,100.0,0,1360.0
538008115,1714889096,-26.318333,9.011417,100.0,0,1360.0
538008115,1714889133,-26.319683,9.012817,100.0,0,1370.0
538008115,1714889157,-26.3204,9.013567,100.0,0,1370.0
538008115,1714889224,-26.3228,9.016083,100.0,0,1360.0
538008115,1714889247,-26.323433,9.016767,100.0,0,1360.0
538008115,1714889344,-26.326933,9.02035,100.0,0,1360.0
538008115,1714889423,-26.329634,9.0232,99.0,0,1370.0
538008115,1714889542,-26.333717,9.0273,100.0,0,1360.0
538008115,1714889606,-26.335783,9.02945,99.0,0,1360.0
538008115,1714889844,-26.343817,9.037967,98.0,0,1370.0
538008115,1714889856,-26.344233,9.038383,99.0,0,1360.0
538008115,1714889945,-26.347267,9.0415,99.0,0,1370.0
538008115,1714889974,-26.348267,9.042583,98.0,0,1360.0
538008115,1714890217,-26.356417,9.051183,100.0,0,1360.0
538008115,1714890222,-26.35675,9.051533,100.0,0,1370.0
538008115,1714890242,-26.357416,9.0522,99.0,0,1370.0
538008115,1714890294,-26.359133,9.054,99.0,0,1360.0
538008115,1714890434,-26.363951,9.058967,100.0,0,1370.0
538008115,1714890762,-26.375383,9.0707,100.0,0,1370.0
538008115,1714890808,-26.376818,9.072133,100.0,0,1370.0
538008115,1714890944,-26.381666,9.076983,99.0,0,1370.0
538008115,1714891006,-26.383766,9.0791,100.0,0,1380.0
538008115,1714891115,-26.387667,9.08295,101.0,0,1380.0
538008115,1714891153,-26.389067,9.084283,101.0,0,1380.0
538008115,1714891263,-26.392982,9.088083,100.0,0,1380.0
538008115,1714891376,-26.396601,9.092017,100.0,0,1340.0
538008115,1714891387,-26.396967,9.092417,100.0,0,1340.0
538008115,1714891598,-26.403883,9.100117,99.0,0,1340.0
538008115,1714891663,-26.4062,9.102583,100.0,0,1360.0
538008115,1714891755,-26.409184,9.1058,100.0,0,1360.0
538008115,1714892062,-26.41955,9.1172,101.0,0,1350.0
538008115,1714892111,-26.421183,9.119,101.0,0,1350.0
538008115,1714892146,-26.422268,9.120233,101.0,0,1340.0
538008115,1714892176,-26.423233,9.121317,101.0,0,1340.0
538008115,1714892182,-26.423532,9.12165,101.0,0,1340.0
538008115,1714892305,-26.427517,9.1261,101.0,0,1340.0
538008115,1714892404,-26.430866,9.12985,99.0,0,1350.0
538008115,1714892585,-26.436832,9.136533,99.0,0,1340.0
538008115,1714892693,-26.440317,9.140517,98.0,0,1350.0
538008115,1714892737,-26.44165,9.142017,98.0,0,1340.0
538008115,1714892792,-26.443632,9.144183,98.0,0,1360.0
538008115,1714893155,-26.455433,9.157217,99.0,0,1350.0
538008115,1714893186,-26.456533,9.158417,98.0,0,1360.0
538008115,1714893315,-26.460817,9.1631,99.0,0,1350.0
538008115,1714893755,-26.475683,9.178967,100.0,0,1350.0
538008115,1714893995,-26.484016,9.187767,102.0,0,1360.0
538008115,1714894025,-26.485067,9.188767,102.0,0,1380.0
538008115,1714894587,-26.504499,9.208833,101.0,0,1370.0
538008115,1714894621,-26.505882,9.210267,101.0,0,1360.0
538008115,1714894687,-26.507917,9.212383,101.0,0,1360.0
538008115,1714894732,-26.509701,9.214183,101.0,0,1360.0
538008115,1714894742,-26.510033,9.21455,101.0,0,1360.0
538008115,1714894751,-26.510349,9.214867,101.0,0,1370.0
538008115,1714895064,-26.521168,9.225817,101.0,0,1380.0
538008115,1714895072,-26.521467,9.226133,101.0,0,1380.0
538008115,1714895211,-26.526333,9.231083,100.0,0,1370.0
538008115,1714895444,-26.534218,9.23935,101.0,0,1360.0
538008115,1714895585,-26.539034,9.2444,101.0,0,1350.0
538008115,1714895842,-26.547934,9.253617,100.0,0,1370.0
538008115,1714895906,-26.550016,9.25575,100.0,0,1370.0
538008115,1714896215,-26.5606,9.266917,100.0,0,1350.0
538008115,1714896292,-26.563217,9.2698,100.0,0,1350.0
538008115,1714896746,-26.578234,9.286317,101.0,0,1340.0
538008115,1714897025,-26.587418,9.296667,100.0,0,1350.0
538008115,1714897144,-26.591333,9.3011,99.0,0,1350.0
538008115,1714897225,-26.59395,9.30395,100.0,0,1350.0
538008115,1714897233,-26.594334,9.30435,99.0,0,1340.0
538008115,1714897562,-26.605183,9.31635,99.0,0,1360.0
538008115,1714897782,-26.61265,9.324217,100.0,0,1360.0
538008115,1714897928,-26.617399,9.329133,99.0,0,1360.0
538008115,1714897962,-26.618732,9.330517,100.0,0,1360.0
538008115,1714897974,-26.619017,9.33085,100.0,0,1350.0
538008115,1714898213,-26.627216,9.339383,100.0,0,1360.0
538008115,1714898406,-26.633551,9.346217,99.0,0,1360.0
538008115,1714898455,-26.635233,9.348,99.0,0,1380.0
538008115,1714898545,-26.6383,9.351217,99.0,0,1370.0
538008115,1714898593,-26.639982,9.353,99.0,0,1360.0
538008115,1714898663,-26.642317,9.355467,99.0,0,1350.0
538008115,1714898984,-26.653084,9.366533,99.0,0,1380.0
538008115,1714899014,-26.654133,9.367633,99.0,0,1360.0
538008115,1714899174,-26.659483,9.373317,99.0,0,1350.0
538008115,1714899305,-26.663816,9.377917,100.0,0,1360.0
538008115,1714899373,-26.666149,9.380417,100.0,0,1360.0
538008115,1714899523,-26.671301,9.385767,100.0,0,1370.0
538008115,1714899633,-26.675068,9.389717,100.0,0,1350.0
538008115,1714899743,-26.678749,9.3936,100.0,0,1370.0
538008115,1714899851,-26.682533,9.397517,100.0,0,1370.0
538008115,1714899871,-26.683201,9.398267,100.0,0,1360.0
538008115,1714899902,-26.68425,9.3993,100.0,0,1360.0
538008115,1714899905,-26.68425,9.3993,100.0,0,1360.0
538008115,1714899940,-26.685534,9.400667,100.0,0,1360.0
538008115,1714899950,-26.685867,9.401033,100.0,0,1360.0
538008115,1714899951,-26.685867,9.401033,100.0,0,1360.0
538008115,1714899971,-26.686583,9.40175,100.0,0,1360.0
538008115,1714899991,-26.687283,9.40245,100.0,0,1370.0
538008115,1714900000,-26.687616,9.402817,100.0,0,1370.0
538008115,1714900010,-26.68795,9.403183,100.0,0,1360.0
538008115,1714900022,-26.688334,9.403567,100.0,0,1370.0
538008115,1714900070,-26.689966,9.405267,100.0,0,1360.0
538008115,1714900082,-26.690384,9.405683,100.0,0,1360.0
538008115,1714900090,-26.690666,9.405967,100.0,0,1360.0
538008115,1714900111,-26.691383,9.406683,100.0,0,1370.0
538008115,1714900142,-26.692467,9.407767,100.0,0,1370.0
538008115,1714900171,-26.693434,9.4088,99.0,0,1370.0
538008115,1714900180,-26.6938,9.409133,99.0,0,1380.0
538008115,1714900202,-26.694468,9.409917,100.0,0,1340.0
538008115,1714900231,-26.695482,9.4109,99.0,0,1370.0
538008115,1714900240,-26.695784,9.411217,99.0,0,1360.0
538008115,1714900250,-26.696117,9.411583,99.0,0,1360.0
538008115,1714900251,-26.696117,9.411583,99.0,0,1360.0
538008115,1714900324,-26.698566,9.414067,100.0,0,1360.0
538008115,1714900371,-26.700233,9.415733,99.0,0,1380.0
538008115,1714900432,-26.702351,9.417883,99.0,0,1370.0
538008115,1714900553,-26.70645,9.422067,100.0,0,1360.0
538008115,1714900867,-26.717016,9.4331,101.0,0,1350.0
538008115,1714901395,-26.73505,9.452267,101.0,0,1360.0
538008115,1714901554,-26.7404,9.458017,101.0,0,1360.0
538008115,1714901714,-26.7458,9.46395,102.0,0,1350.0
538008115,1714901952,-26.753967,9.47265,102.0,0,1370.0
538008115,1714902095,-26.758717,9.477867,102.0,0,1360.0
538008115,1714902244,-26.763817,9.483283,102.0,0,1370.0
538008115,1714902414,-26.7698,9.489483,102.0,0,1380.0
538008115,1714902494,-26.772583,9.49235,102.0,0,1360.0
538008115,1714903032,-26.791134,9.5122,101.0,0,1350.0
538008115,1714903202,-26.7969,9.518267,101.0,0,1370.0
538008115,1714903535,-26.808167,9.530383,101.0,0,1360.0
538008115,1714903612,-26.810949,9.533317,102.0,0,1370.0
538008115,1714903673,-26.812967,9.535433,102.0,0,1360.0
538008115,1714903753,-26.815718,9.53835,102.0,0,1360.0
538008115,1714903983,-26.823584,9.54675,102.0,0,1360.0
538008115,1714904093,-26.827333,9.5508,102.0,0,1360.0
538008115,1714904125,-26.828333,9.5519,102.0,0,1350.0
538008115,1714904144,-26.82905,9.552667,102.0,0,1350.0
538008115,1714904245,-26.832533,9.556233,102.0,0,1370.0
538008115,1714904364,-26.836567,9.560583,102.0,0,1340.0
538008115,1714904536,-26.842367,9.566817,102.0,0,1360.0
538008115,1714904730,-26.848183,9.573133,102.0,0,1360.0
538008115,1714904763,-26.850218,9.57535,102.0,0,1350.0
538008115,1714904813,-26.8519,9.57715,102.0,0,1350.0
538008115,1714904953,-26.856701,9.58225,102.0,0,1350.0
538008115,1714905036,-26.859432,9.585283,102.0,0,1350.0
538008115,1714905233,-26.866117,9.592583,102.0,0,1360.0
538008115,1714905242,-26.866467,9.59295,101.0,0,1360.0
538008115,1714905295,-26.868183,9.5948,101.0,0,1350.0
538008115,1714905455,-26.873583,9.600633,101.0,0,1350.0
538008115,1714905585,-26.878017,9.605333,101.0,0,1360.0
538008115,1714905599,-26.878349,9.6057,101.0,0,1360.0
538008115,1714905651,-26.88035,9.607867,101.0,0,1350.0
538008115,1714905692,-26.88175,9.609367,101.0,0,1350.0
538008115,1714905701,-26.88205,9.609683,101.0,0,1350.0
538008115,1714905721,-26.88275,9.610483,101.0,0,1350.0
538008115,1714905740,-26.8834,9.611167,101.0,0,1350.0
538008115,1714905774,-26.884382,9.61225,102.0,0,1360.0
538008115,1714905781,-26.88475,9.6126,102.0,0,1370.0
538008115,1714905800,-26.885384,9.6133,101.0,0,1360.0
538008115,1714905812,-26.885767,9.613767,101.0,0,1340.0
538008115,1714905840,-26.886717,9.614783,102.0,0,1370.0
538008115,1714905850,-26.887051,9.61515,101.0,0,1350.0
538008115,1714905881,-26.888132,9.616317,101.0,0,1370.0
538008115,1714905891,-26.888468,9.616683,102.0,0,1360.0
538008115,1714905910,-26.889116,9.617383,101.0,0,1360.0
538008115,1714905920,-26.88945,9.617767,101.0,0,1350.0
538008115,1714906054,-26.893883,9.622517,102.0,0,1360.0
538008115,1714906091,-26.895283,9.62395,102.0,0,1380.0
538008115,1714906113,-26.895967,9.624683,102.0,0,1350.0
538008115,1714906274,-26.901484,9.630517,101.0,0,1360.0
538008115,1714906294,-26.902184,9.63125,102.0,0,1360.0
538008115,1714906362,-26.904568,9.633817,102.0,0,1350.0
538008115,1714906415,-26.906334,9.635667,103.0,0,1370.0
538008115,1714906444,-26.907301,9.636683,102.0,0,1360.0
538008115,1714906475,-26.908434,9.6379,102.0,0,1370.0
538008115,1714906577,-26.911751,9.641533,101.0,0,1330.0
538008115,1714906655,-26.914516,9.6446,101.0,0,1360.0
538008115,1714906957,-26.9247,9.655517,102.0,0,1360.0
538008115,1714907644,-26.948467,9.68095,103.0,0,1350.0
538008115,1714908215,-26.968082,9.702,102.0,0,1370.0
538008115,1714908225,-26.968468,9.7024,102.0,0,1360.0
538008115,1714908265,-26.969851,9.7039,102.0,0,1350.0
538008115,1714908293,-26.970934,9.705033,102.0,0,1350.0
538008115,1714908344,-26.972616,9.706817,102.0,0,1360.0
538008115,1714908393,-26.974318,9.7086,103.0,0,1360.0
538008115,1714908555,-26.979868,9.7145,103.0,0,1360.0
538008115,1714908783,-26.987949,9.72295,103.0,0,1360.0
538008115,1714908832,-26.989683,9.724717,103.0,0,1370.0
538008115,1714908944,-26.993601,9.728733,103.0,0,1380.0
538008115,1714908976,-26.9946,9.7298,103.0,0,1360.0
538008115,1714909251,-27.004299,9.7401,103.0,0,1350.0
538008115,1714909912,-27.027134,9.764633,103.0,0,1360.0
538008115,1714910085,-27.032949,9.771,103.0,0,1340.0
538008115,1714910182,-27.03635,9.774783,103.0,0,1350.0
538008115,1714910294,-27.040117,9.7789,103.0,0,1360.0
538008115,1714910435,-27.044968,9.7842,103.0,0,1360.0
538008115,1714910634,-27.051817,9.791617,103.0,0,1350.0
538008115,1714910693,-27.053883,9.793817,103.0,0,1360.0
538008115,1714910837,-27.058701,9.79905,103.0,0,1370.0
538008115,1714910938,-27.062149,9.802767,103.0,0,1360.0
538008115,1714911002,-27.064583,9.80535,103.0,0,1370.0
538008115,1714911185,-27.070833,9.812117,103.0,0,1360.0
538008115,1714911266,-27.073584,9.815067,103.0,0,1360.0
538008115,1714911407,-27.078382,9.82025,103.0,0,1350.0
538008115,1714911478,-27.080833,9.822883,103.0,0,1360.0
538008115,1714911574,-27.084267,9.826533,103.0,0,1350.0
538008115,1714912021,-27.099751,9.843067,102.0,0,1380.0
538008115,1714912235,-27.107082,9.850783,102.0,0,1350.0
538008115,1714912313,-27.1098,9.853733,102.0,0,1360.0
538008115,1714912434,-27.113934,9.8582,102.0,0,1350.0
538008115,1714912507,-27.116301,9.860817,101.0,0,1360.0
538008115,1714912568,-27.118418,9.863033,101.0,0,1360.0
538008115,1714912759,-27.124901,9.869983,102.0,0,1350.0
538008115,1714912996,-27.133083,9.87895,102.0,0,1350.0
538008115,1714913514,-27.1507,9.898067,101.0,0,1360.0
538008115,1714913634,-27.154766,9.902467,101.0,0,1350.0
538008115,1714913898,-27.163616,9.912,101.0,0,1360.0
538008115,1714913962,-27.165916,9.914483,101.0,0,1340.0
538008115,1714914074,-27.169701,9.91865,102.0,0,1340.0
538008115,1714914263,-27.176216,9.925533,102.0,0,1360.0
538008115,1714914413,-27.181334,9.931033,102.0,0,1350.0
538008115,1714914514,-27.184799,9.934817,102.0,0,1360.0
538008115,1714914542,-27.185833,9.9359,102.0,0,1360.0
538008115,1714914614,-27.188217,9.93845,102.0,0,1360.0
538008115,1714914647,-27.189283,9.939583,102.0,0,1370.0
538008115,1714914943,-27.199551,9.9505,102.0,0,1360.0
538008115,1714915038,-27.20265,9.953783,101.0,0,1360.0
538008115,1714915125,-27.205732,9.95705,102.0,0,1360.0
538008115,1714915294,-27.211567,9.963217,102.0,0,1360.0
538008115,1714915413,-27.2157,9.967617,102.0,0,1350.0
538008115,1714915424,-27.216049,9.967983,102.0,0,1360.0
538008115,1714915534,-27.219816,9.972,102.0,0,1360.0
538008115,1714915984,-27.2353,9.9884,102.0,0,1360.0
538008115,1714916015,-27.236401,9.989583,102.0,0,1350.0
538008115,1714916135,-27.240499,9.993933,102.0,0,1370.0
538008115,1714916144,-27.240816,9.994267,102.0,0,1370.0
538008115,1714916352,-27.247984,10.001933,102.0,0,1360.0
538008115,1714916496,-27.252884,10.007133,101.0,0,1360.0
538008115,1714916622,-27.257282,10.01185,102.0,0,1350.0
538008115,1714916707,-27.260033,10.014833,102.0,0,1350.0
538008115,1714916825,-27.264183,10.01925,102.0,0,1370.0
538008115,1714916884,-27.266251,10.02145,102.0,0,1360.0
538008115,1714916926,-27.267651,10.022967,102.0,0,1360.0
538008115,1714916984,-27.269684,10.02515,102.0,0,1360.0
538008115,1714917104,-27.273867,10.029633,102.0,0,1370.0
538008115,1714917244,-27.2787,10.034783,102.0,0,1360.0
538008115,1714917373,-27.283216,10.039633,102.0,0,1360.0
538008115,1714917503,-27.287649,10.044467,103.0,0,1360.0
538008115,1714917523,-27.288334,10.045233,103.0,0,1350.0
538008115,1714917582,-27.290382,10.04745,103.0,0,1340.0
538008115,1714917833,-27.299116,10.056767,103.0,0,1360.0
538008115,1714917944,-27.30295,10.060867,103.0,0,1360.0
538008115,1714917953,-27.303301,10.061217,103.0,0,1360.0
538008115,1714918074,-27.307417,10.065717,103.0,0,1350.0
538008115,1714918097,-27.308117,10.06645,103.0,0,1360.0
538008115,1714918133,-27.309517,10.067983,103.0,0,1360.0
538008115,1714918385,-27.318199,10.077333,103.0,0,1360.0
538008115,1714918547,-27.323717,10.083333,103.0,0,1350.0
538008115,1714918643,-27.327101,10.087083,103.0,0,1350.0
538008115,1714918722,-27.329849,10.0901,103.0,0,1360.0
538008115,1714918864,-27.33465,10.09535,103.0,0,1360.0
538008115,1714918964,-27.3381,10.099133,103.0,0,1350.0
538008115,1714919021,-27.338766,10.0999,103.0,0,1350.0
538008115,1714919074,-27.341949,10.103267,103.0,0,1360.0
538008115,1714919213,-27.3468,10.108517,103.0,0,1350.0
538008115,1714919233,-27.3475,10.10925,103.0,0,1360.0
538008115,1714919483,-27.356068,10.1186,104.0,0,1360.0
538008115,1714919984,-27.373568,10.137483,104.0,0,1350.0
538008115,1714920022,-27.374916,10.138967,104.0,0,1350.0
538008115,1714920106,-27.377701,10.14205,104.0,0,1360.0
538008115,1714920112,-27.378067,10.142433,104.0,0,1360.0
538008115,1714920242,-27.382549,10.147383,104.0,0,1360.0
538008115,1714920325,-27.385332,10.1505,104.0,0,1360.0
538008115,1714920386,-27.387432,10.152783,104.0,0,1350.0
538008115,1714920506,-27.391617,10.157367,104.0,0,1350.0
538008115,1714920643,-27.396532,10.162683,105.0,0,1360.0
538008115,1714920736,-27.399717,10.166067,105.0,0,1360.0
538008115,1714920954,-27.407499,10.174317,105.0,0,1360.0
538008115,1714921092,-27.412483,10.1795,105.0,0,1370.0
538008115,1714921185,-27.415701,10.18295,105.0,0,1360.0
538008115,1714921213,-27.416733,10.184033,105.0,0,1370.0
538008115,1714921353,-27.420317,10.187883,104.0,0,1350.0
538008115,1714921614,-27.430817,10.199333,105.0,0,1360.0
538008115,1714921725,-27.43465,10.20355,105.0,0,1340.0
538008115,1714921732,-27.434967,10.203883,104.0,0,1350.0
538008115,1714921903,-27.440884,10.210417,105.0,0,1350.0
538008115,1714921964,-27.442949,10.212733,105.0,0,1350.0
538008115,1714922174,-27.4503,10.22075,105.0,0,1350.0
538008115,1714922645,-27.466932,10.238617,105.0,0,1370.0
538008115,1714922733,-27.470266,10.24195,105.0,0,1370.0
538008115,1714923198,-27.486967,10.258867,105.0,0,1380.0
538008115,1714923824,-27.509733,10.281883,104.0,0,1370.0
538008115,1714923975,-27.51515,10.287317,103.0,0,1380.0
538008115,1714924346,-27.528366,10.30065,102.0,0,1380.0
538008115,1714924933,-27.5483,10.322883,103.0,0,1330.0
538008115,1714925043,-27.551968,10.32715,103.0,0,1340.0
538008115,1714925053,-27.552267,10.3275,103.0,0,1340.0
538008115,1714925154,-27.555599,10.331433,104.0,0,1320.0
538008115,1714925284,-27.559883,10.336633,104.0,0,1320.0
538008115,1714925463,-27.565849,10.3437,104.0,0,1350.0
538008115,1714925483,-27.566601,10.3445,104.0,0,1350.0
538008115,1714925526,-27.567984,10.346,104.0,0,1350.0
538008115,1714925564,-27.569418,10.347567,104.0,0,1350.0
538008115,1714925796,-27.577383,10.356233,104.0,0,1360.0
538008115,1714926015,-27.585251,10.364617,105.0,0,1360.0
538008115,1714926153,-27.590267,10.369883,105.0,0,1370.0
538008115,1714926184,-27.591351,10.370983,105.0,0,1370.0
538008115,1714926712,-27.6103,10.390567,105.0,0,1370.0
538008115,1714926972,-27.619583,10.40015,104.0,0,1360.0
538008115,1714927092,-27.623917,10.4045,104.0,0,1380.0
538008115,1714927274,-27.630432,10.410967,104.0,0,1380.0
538008115,1714927446,-27.636566,10.417217,104.0,0,1370.0
538008115,1714927682,-27.645184,10.425983,104.0,0,1360.0
538008115,1714927803,-27.649483,10.430383,104.0,0,1370.0
538008115,1714928244,-27.665251,10.446483,103.0,0,1380.0
538008115,1714928303,-27.667368,10.44875,104.0,0,1360.0
538008115,1714928364,-27.669399,10.451033,104.0,0,1340.0
538008115,1714928512,-27.67445,10.45695,104.0,0,1330.0
538008115,1714928612,-27.677883,10.460883,104.0,0,1340.0
538008115,1714928773,-27.683317,10.4671,104.0,0,1340.0
538008115,1714929003,-27.691151,10.47615,104.0,0,1340.0
538008115,1714929035,-27.6922,10.477367,105.0,0,1330.0
538008115,1714929103,-27.694517,10.480017,104.0,0,1330.0
538008115,1714929124,-27.695168,10.480833,104.0,0,1330.0
538008115,1714929272,-27.700233,10.486683,104.0,0,1340.0
538008115,1714929373,-27.703699,10.49065,105.0,0,1340.0
538008115,1714929456,-27.70645,10.493817,105.0,0,1340.0
538008115,1714929564,-27.710182,10.498183,105.0,0,1330.0
538008115,1714929602,-27.711533,10.499767,105.0,0,1330.0
538008115,1714929632,-27.712566,10.50095,105.0,0,1340.0
538008115,1714929804,-27.718317,10.5077,104.0,0,1330.0
538008115,1714929997,-27.72485,10.515167,104.0,0,1330.0
538008115,1714930025,-27.725849,10.5163,104.0,0,1350.0
538008115,1714930177,-27.731016,10.522183,104.0,0,1340.0
538008115,1714930197,-27.731649,10.522917,104.0,0,1340.0
538008115,1714930203,-27.732,10.5233,104.0,0,1340.0
538008115,1714930217,-27.732384,10.523717,104.0,0,1350.0
538008115,1714930237,-27.733084,10.524533,104.0,0,1340.0
538008115,1714930255,-27.733717,10.525267,103.0,0,1340.0
538008115,1714930256,-27.733717,10.525267,103.0,0,1340.0
538008115,1714930297,-27.735083,10.526833,104.0,0,1340.0
538008115,1714930316,-27.735767,10.527617,104.0,0,1330.0
538008115,1714930357,-27.73715,10.52915,103.0,0,1350.0
538008115,1714930376,-27.737818,10.529867,104.0,0,1360.0
538008115,1714930555,-27.744284,10.536433,103.0,0,1380.0
538008115,1714930576,-27.745001,10.537217,103.0,0,1370.0
538008115,1714930774,-27.752167,10.544317,103.0,0,1390.0
538008115,1714931454,-27.776434,10.56865,102.0,0,1380.0
538008115,1714931625,-27.782467,10.5748,103.0,0,1370.0
538008115,1714932003,-27.7955,10.589083,103.0,0,1350.0
538008115,1714932512,-27.813032,10.608367,103.0,0,1360.0
538008115,1714932724,-27.820383,10.616117,103.0,0,1370.0
538008115,1714933124,-27.834267,10.631017,102.0,0,1360.0
538008115,1714933276,-27.839434,10.636533,102.0,0,1360.0
538008115,1714933513,-27.847717,10.6453,101.0,0,1360.0
538008115,1714933564,-27.849466,10.64715,102.0,0,1360.0
538008115,1714933573,-27.849768,10.647483,101.0,0,1360.0
538008115,1714933654,-27.852551,10.65045,101.0,0,1350.0
538008115,1714933787,-27.856934,10.655267,101.0,0,1350.0
538008115,1714933894,-27.860634,10.6593,101.0,0,1350.0
538008115,1714934017,-27.864651,10.663733,101.0,0,1350.0
538008115,1714934045,-27.86565,10.664867,101.0,0,1350.0
538008115,1714934082,-27.866949,10.6663,101.0,0,1350.0
538008115,1714934613,-27.884701,10.685867,100.0,0,1350.0
538008115,1714934773,-27.890051,10.691717,100.0,0,1350.0
538008115,1714934875,-27.893467,10.6954,100.0,0,1360.0
538008115,1714934895,-27.894117,10.696067,100.0,0,1360.0
538008115,1714934996,-27.897551,10.6997,100.0,0,1360.0
538008115,1714935081,-27.900583,10.702967,101.0,0,1360.0
538008115,1714935206,-27.904682,10.707367,101.0,0,1360.0
538008115,1714935293,-27.90765,10.7106,100.0,0,1350.0
538008115,1714935443,-27.912701,10.716067,100.0,0,1360.0
538008115,1714935563,-27.916767,10.720467,100.0,0,1350.0
538008115,1714935923,-27.928833,10.733733,100.0,0,1350.0
538008115,1714935934,-27.929167,10.734083,100.0,0,1350.0
538008115,1714936154,-27.936483,10.742217,100.0,0,1340.0
538008115,1714936233,-27.939167,10.745183,100.0,0,1350.0
538008115,1714936294,-27.941168,10.7474,101.0,0,1350.0
538008115,1714936376,-27.943832,10.750383,101.0,0,1350.0
538008115,1714936414,-27.9452,10.7519,102.0,0,1350.0
538008115,1714936525,-27.94895,10.755917,102.0,0,1360.0
538008115,1714936612,-27.952,10.759283,102.0,0,1340.0
538008115,1714937145,-27.969933,10.779283,101.0,0,1370.0
538008115,1714937496,-27.981916,10.792233,101.0,0,1350.0
538008115,1714937695,-27.988667,10.799583,100.0,0,1360.0
538008115,1714938666,-28.021633,10.834917,99.0,0,1370.0
538008115,1714938895,-28.029383,10.843317,100.0,0,1360.0
538008115,1714939195,-28.039667,10.854017,99.0,0,1370.0
538008115,1714939433,-28.048033,10.862667,100.0,0,1370.0
538008115,1714939937,-28.065599,10.8807,100.0,0,1370.0
538008115,1714939943,-28.065901,10.881033,100.0,0,1370.0
538008115,1714940002,-28.067984,10.883133,101.0,0,1380.0
538008115,1714940063,-28.07015,10.885383,101.0,0,1370.0
538008115,1714940094,-28.071167,10.886433,101.0,0,1380.0
538008115,1714940738,-28.093918,10.909433,101.0,0,1370.0
538008115,1714940854,-28.098183,10.913683,100.0,0,1390.0
538008115,1714941292,-28.1133,10.929833,100.0,0,1350.0
538008115,1714941352,-28.115334,10.932067,101.0,0,1350.0
538008115,1714941386,-28.116318,10.93315,101.0,0,1350.0
538008115,1714941392,-28.116751,10.933567,100.0,0,1360.0
538008115,1714941432,-28.11805,10.935033,100.0,0,1350.0
538008115,1714941481,-28.119717,10.936817,101.0,0,1370.0
538008115,1714941492,-28.1201,10.937233,100.0,0,1360.0
538008115,1714941512,-28.120768,10.937983,101.0,0,1350.0
538008115,1714941532,-28.12145,10.938717,101.0,0,1360.0
538008115,1714941552,-28.122116,10.939467,101.0,0,1340.0
538008115,1714941554,-28.122116,10.939467,101.0,0,1340.0
538008115,1714941563,-28.122499,10.939883,101.0,0,1350.0
538008115,1714941573,-28.122801,10.940217,101.0,0,1340.0
538008115,1714941582,-28.123117,10.940533,101.0,0,1340.0
538008115,1714941602,-28.123768,10.9413,101.0,0,1340.0
538008115,1714941613,-28.124149,10.9417,101.0,0,1360.0
538008115,1714941623,-28.1245,10.942067,100.0,0,1350.0
538008115,1714941633,-28.124817,10.94245,100.0,0,1340.0
538008115,1714941683,-28.126499,10.944283,100.0,0,1340.0
538008115,1714941684,-28.126499,10.944283,100.0,0,1340.0
538008115,1714941722,-28.127832,10.945733,101.0,0,1360.0
538008115,1714941743,-28.128532,10.94655,101.0,0,1340.0
538008115,1714941945,-28.135233,10.953983,100.0,0,1350.0
538008115,1714942022,-28.137917,10.957067,100.0,0,1340.0
538008115,1714942352,-28.148916,10.969383,100.0,0,1350.0
538008115,1714942615,-28.157566,10.979217,101.0,0,1320.0
538008115,1714943605,-28.190533,11.01675,100.0,0,1320.0
538008115,1714943695,-28.193501,11.020183,100.0,0,1340.0
538008115,1714943973,-28.202801,11.030717,100.0,0,1340.0
538008115,1714944075,-28.206133,11.034583,100.0,0,1320.0
538008115,1714944356,-28.215683,11.044867,100.0,0,1370.0
538008115,1714944376,-28.216368,11.0456,100.0,0,1360.0
538008115,1714944417,-28.217733,11.047083,100.0,0,1360.0
538008115,1714944455,-28.219133,11.0486,100.0,0,1360.0
538008115,1714944513,-28.221149,11.0507,100.0,0,1360.0
538008115,1714944535,-28.221867,11.051483,101.0,0,1360.0
538008115,1714944562,-28.222851,11.052533,100.0,0,1350.0
538008115,1714944575,-28.223217,11.05295,100.0,0,1350.0
538008115,1714944755,-28.229366,11.05965,101.0,0,1350.0
538008115,1714944794,-28.230717,11.061067,101.0,0,1370.0
538008115,1714944895,-28.234217,11.064717,101.0,0,1370.0
538008115,1714944964,-28.2367,11.0673,101.0,0,1370.0
538008115,1714944983,-28.23735,11.068,101.0,0,1360.0
538008115,1714945054,-28.239817,11.070583,101.0,0,1370.0
538008115,1714945086,-28.240868,11.0717,101.0,0,1370.0
538008115,1714945245,-28.246401,11.07755,101.0,0,1370.0
538008115,1714945296,-28.24815,11.07935,101.0,0,1370.0
538008115,1714945374,-28.25095,11.0823,101.0,0,1370.0
538008115,1714945505,-28.255516,11.087083,101.0,0,1370.0
538008115,1714945563,-28.257584,11.089217,101.0,0,1370.0
538008115,1714945643,-28.260332,11.092117,101.0,0,1360.0
538008115,1714945822,-28.266582,11.098717,100.0,0,1370.0
538008115,1714945906,-28.269382,11.101633,100.0,0,1360.0
538008115,1714946087,-28.275618,11.108283,101.0,0,1350.0
538008115,1714946162,-28.278316,11.111083,100.0,0,1380.0
538008115,1714946333,-28.284149,11.117333,101.0,0,1360.0
538008115,1714946483,-28.2894,11.122817,100.0,0,1370.0
538008115,1714946552,-28.291901,11.125383,101.0,0,1370.0
538008115,1714946722,-28.297716,11.13165,101.0,0,1360.0
538008115,1714946793,-28.3001,11.134283,101.0,0,1360.0
538008115,1714946802,-28.300417,11.134617,101.0,0,1360.0
538008115,1714946822,-28.301083,11.135383,101.0,0,1340.0
538008115,1714946872,-28.302782,11.137233,101.0,0,1360.0
538008115,1714946882,-28.303118,11.137583,101.0,0,1350.0
538008115,1714946883,-28.303118,11.137583,101.0,0,1350.0
538008115,1714946903,-28.303801,11.138367,101.0,0,1350.0
538008115,1714946932,-28.304783,11.139433,101.0,0,1350.0
538008115,1714946952,-28.305483,11.140183,101.0,0,1360.0
538008115,1714946972,-28.306168,11.140933,101.0,0,1350.0
538008115,1714946983,-28.306517,11.141317,101.0,0,1350.0
538008115,1714947003,-28.307199,11.142067,101.0,0,1360.0
538008115,1714947032,-28.308233,11.143183,101.0,0,1350.0
538008115,1714947043,-28.308599,11.143583,101.0,0,1360.0
538008115,1714947062,-28.309267,11.1443,101.0,0,1350.0
538008115,1714947072,-28.309601,11.144667,101.0,0,1350.0
538008115,1714947103,-28.31065,11.145783,101.0,0,1350.0
538008115,1714947105,-28.31065,11.145783,101.0,0,1350.0
538008115,1714947111,-28.310949,11.146117,101.0,0,1360.0
538008115,1714947123,-28.311283,11.1465,101.0,0,1350.0
538008115,1714947132,-28.311617,11.14695,101.0,0,1340.0
538008115,1714947152,-28.312349,11.147733,101.0,0,1350.0
538008115,1714947162,-28.312668,11.148117,101.0,0,1350.0
538008115,1714947171,-28.312967,11.148467,101.0,0,1340.0
538008115,1714947192,-28.3137,11.149217,101.0,0,1360.0
538008115,1714947203,-28.314051,11.14965,101.0,0,1340.0
538008115,1714947212,-28.31435,11.15,101.0,0,1340.0
538008115,1714947231,-28.315001,11.150683,100.0,0,1360.0
538008115,1714947252,-28.315683,11.151417,101.0,0,1360.0
538008115,1714947263,-28.31605,11.151833,100.0,0,1350.0
538008115,1714947281,-28.316683,11.152483,100.0,0,1350.0
538008115,1714947291,-28.317051,11.1529,100.0,0,1350.0
538008115,1714947301,-28.317383,11.153283,100.0,0,1350.0
538008115,1714947312,-28.317766,11.1537,100.0,0,1360.0
538008115,1714947323,-28.318132,11.154117,100.0,0,1350.0
538008115,1714947341,-28.31875,11.154783,100.0,0,1350.0
538008115,1714947372,-28.319767,11.1559,100.0,0,1360.0
538008115,1714947383,-28.32015,11.1563,100.0,0,1360.0
538008115,1714947401,-28.320766,11.15695,100.0,0,1360.0
538008115,1714947453,-28.322483,11.158883,101.0,0,1340.0
538008115,1714947776,-28.333282,11.170817,99.0,0,1360.0
538008115,1714948004,-28.341034,11.179317,100.0,0,1340.0
538008115,1714948034,-28.342016,11.180433,100.0,0,1350.0
538008115,1714948205,-28.347782,11.186783,100.0,0,1350.0
538008115,1714948286,-28.350433,11.1897,100.0,0,1350.0
538008115,1714948797,-28.36735,11.208483,99.0,0,1350.0
538008115,1714949052,-28.375784,11.218,99.0,0,1340.0
538008115,1714949206,-28.38065,11.223633,98.0,0,1340.0
538008115,1714949414,-28.387684,11.231033,98.0,0,1360.0
538008115,1714949584,-28.393383,11.237133,98.0,0,1370.0
538008115,1714949623,-28.394716,11.238567,98.0,0,1370.0
538008115,1714949705,-28.397367,11.2414,97.0,0,1360.0
538008115,1714949722,-28.398033,11.2421,97.0,0,1360.0
538008115,1714949866,-28.40275,11.247083,98.0,0,1370.0
538008115,1714950014,-28.407949,11.252333,98.0,0,1380.0
538008115,1714950082,-28.410299,11.254733,98.0,0,1370.0
538008115,1714950094,-28.41065,11.255083,98.0,0,1380.0
538008115,1714950196,-28.414101,11.258617,98.0,0,1380.0
538008115,1714950245,-28.415768,11.260333,99.0,0,1370.0
538008115,1714950255,-28.416134,11.26075,99.0,0,1360.0
538008115,1714950284,-28.41715,11.261733,98.0,0,1370.0
538008115,1714950386,-28.420532,11.265317,98.0,0,1350.0
538008115,1714950418,-28.421568,11.26635,97.0,0,1370.0
538008115,1714950486,-28.423918,11.268767,98.0,0,1370.0
538008115,1714950534,-28.42565,11.270567,98.0,0,1380.0
538008115,1714950625,-28.428617,11.273833,98.0,0,1350.0
538008115,1714950695,-28.430983,11.276267,98.0,0,1360.0
538008115,1714950715,-28.431683,11.277017,98.0,0,1360.0
538008115,1714950716,-28.431683,11.277017,98.0,0,1360.0
538008115,1714950755,-28.432966,11.27835,98.0,0,1380.0
538008115,1714950804,-28.434732,11.280267,98.0,0,1350.0
538008115,1714950873,-28.437,11.282633,98.0,0,1360.0
538008115,1714951032,-28.4424,11.288367,97.0,0,1370.0
538008115,1714951262,-28.4501,11.296517,97.0,0,1370.0
538008115,1714951345,-28.452818,11.299367,97.0,0,1370.0
538008115,1714951395,-28.454483,11.301167,97.0,0,1360.0
538008115,1714951515,-28.458517,11.305383,98.0,0,1360.0
538008115,1714951802,-28.468384,11.315633,98.0,0,1370.0
538008115,1714951842,-28.469732,11.31705,98.0,0,1370.0
538008115,1714951975,-28.473083,11.320583,98.0,0,1360.0
538008115,1714952216,-28.482134,11.3303,97.0,0,1360.0
538008115,1714952323,-28.485718,11.334233,98.0,0,1360.0
538008115,1714952381,-28.487667,11.33635,97.0,0,1350.0
538008115,1714952465,-28.490334,11.339317,97.0,0,1360.0
538008115,1714952575,-28.493868,11.343217,96.0,0,1360.0
538008115,1714952674,-28.497183,11.346833,97.0,0,1360.0
538008115,1714952713,-28.498484,11.348283,97.0,0,1350.0
538008115,1714952756,-28.499817,11.3497,97.0,0,1360.0
538008115,1714952853,-28.503082,11.353333,97.0,0,1350.0
538008115,1714952867,-28.503433,11.353733,97.0,0,1340.0
538008115,1714952875,-28.50375,11.3541,97.0,0,1340.0
538008115,1714953017,-28.508333,11.359133,97.0,0,1340.0
538008115,1714953055,-28.509701,11.3606,97.0,0,1350.0
538008115,1714953074,-28.510332,11.361267,97.0,0,1360.0
538008115,1714953383,-28.520683,11.372533,98.0,0,1370.0
538008115,1714953956,-28.539066,11.393633,97.0,0,1350.0
538008115,1714954073,-28.54295,11.397967,97.0,0,1350.0
538008115,1714954434,-28.55485,11.410833,97.0,0,1360.0
538008115,1714954475,-28.55615,11.412267,97.0,0,1350.0
538008115,1714954634,-28.561466,11.417967,97.0,0,1360.0
538008115,1714954893,-28.570118,11.4271,97.0,0,1360.0
538008115,1714954976,-28.5728,11.429967,97.0,0,1360.0
538008115,1714955042,-28.575083,11.432433,97.0,0,1360.0
538008115,1714955063,-28.575733,11.433167,97.0,0,1350.0
538008115,1714955163,-28.579082,11.436733,97.0,0,1360.0
538008115,1714955184,-28.579718,11.4374,97.0,0,1370.0
538008115,1714955325,-28.584417,11.442417,97.0,0,1350.0
538008115,1714955444,-28.5884,11.446567,97.0,0,1370.0
538008115,1714955523,-28.591118,11.449333,97.0,0,1360.0
538008115,1714955664,-28.595751,11.454467,97.0,0,1350.0
538008115,1714955873,-28.602633,11.461883,96.0,0,1370.0
538008115,1714956033,-28.607918,11.467533,97.0,0,1350.0
538008115,1714956122,-28.610983,11.4708,97.0,0,1360.0
538008115,1714956133,-28.6113,11.471167,97.0,0,1340.0
538008115,1714956293,-28.616501,11.4769,97.0,0,1360.0
538008115,1714956303,-28.616867,11.477283,97.0,0,1360.0
538008115,1714956335,-28.617783,11.478283,97.0,0,1370.0
538008115,1714956393,-28.619818,11.480433,97.0,0,1360.0
538008115,1714956513,-28.623716,11.484717,97.0,0,1360.0
538008115,1714956573,-28.625717,11.4869,97.0,0,1350.0
538008115,1714956593,-28.626383,11.487683,97.0,0,1360.0
538008115,1714956603,-28.626717,11.488033,97.0,0,1360.0
538008115,1714956655,-28.628332,11.4898,97.0,0,1340.0
538008115,1714956674,-28.629017,11.49055,97.0,0,1360.0
538008115,1714956723,-28.630632,11.492367,97.0,0,1340.0
538008115,1714956745,-28.63125,11.493083,96.0,0,1340.0
538008115,1714956833,-28.634268,11.49625,97.0,0,1350.0
538008115,1714956876,-28.635584,11.49765,97.0,0,1380.0
538008115,1714956884,-28.635918,11.498,97.0,0,1360.0
538008115,1714956994,-28.639517,11.501967,96.0,0,1330.0
538008115,1714957266,-28.648167,11.511817,97.0,0,1340.0
538008115,1714957355,-28.651117,11.515117,96.0,0,1350.0
538008115,1714957372,-28.651733,11.5158,96.0,0,1340.0
538008115,1714957502,-28.655867,11.520483,97.0,0,1330.0
538008115,1714957535,-28.656918,11.521633,97.0,0,1360.0
538008115,1714957603,-28.659166,11.5242,96.0,0,1360.0
538008115,1714957984,-28.67165,11.537683,96.0,0,1380.0
538008115,1714958046,-28.673616,11.539817,97.0,0,1370.0
538008115,1714958224,-28.6796,11.546183,97.0,0,1370.0
538008115,1714958434,-28.686417,11.553733,97.0,0,1340.0
538008115,1714958533,-28.689699,11.5573,96.0,0,1370.0
538008115,1714958875,-28.70085,11.569533,97.0,0,1360.0
538008115,1714959411,-28.718567,11.58855,95.0,0,1350.0
538008115,1714959535,-28.722601,11.592667,95.0,0,1350.0
538008115,1714959594,-28.724501,11.5947,94.0,0,1350.0
538008115,1714959707,-28.728184,11.598583,95.0,0,1370.0
538008115,1714959712,-28.728483,11.598883,95.0,0,1370.0
538008115,1714960253,-28.746218,11.617233,94.0,0,1370.0
538008115,1714960385,-28.750433,11.62175,94.0,0,1350.0
538008115,1714960493,-28.753933,11.625517,94.0,0,1360.0
538008115,1714960615,-28.757833,11.629667,94.0,0,1360.0
538008115,1714960795,-28.76355,11.635817,93.0,0,1360.0
538008115,1714960855,-28.765467,11.63785,94.0,0,1370.0
538008115,1714961194,-28.77635,11.649683,93.0,0,1360.0
538008115,1714961363,-28.781733,11.6556,94.0,0,1350.0
538008115,1714961614,-28.789783,11.664117,93.0,0,1370.0
538008115,1714961694,-28.792383,11.666917,94.0,0,1370.0
538008115,1714961725,-28.79335,11.667933,94.0,0,1370.0
538008115,1714961766,-28.794649,11.669283,93.0,0,1370.0
538008115,1714961864,-28.79785,11.6727,94.0,0,1360.0
538008115,1714962007,-28.802366,11.677583,94.0,0,1380.0
538008115,1714962115,-28.805866,11.6813,94.0,0,1370.0
538008115,1714962173,-28.807833,11.6834,94.0,0,1370.0
538008115,1714962235,-28.809732,11.685433,94.0,0,1350.0
538008115,1714962244,-28.810101,11.685817,94.0,0,1370.0
538008115,1714962315,-28.812401,11.688267,94.0,0,1360.0
538008115,1714962422,-28.81595,11.691967,94.0,0,1370.0
538008115,1714962763,-28.826668,11.703933,94.0,0,1360.0
538008115,1714963013,-28.834517,11.7128,94.0,0,1350.0
538008115,1714963043,-28.835484,11.713917,94.0,0,1360.0
538008115,1714963134,-28.838284,11.716967,94.0,0,1360.0
538008115,1714963176,-28.839617,11.71845,94.0,0,1330.0
538008115,1714963311,-28.844151,11.723183,94.0,0,1360.0
538008115,1714963373,-28.8461,11.725217,94.0,0,1380.0
538008115,1714963432,-28.848,11.72725,94.0,0,1370.0
538008115,1714963453,-28.848682,11.72805,94.0,0,1350.0
538008115,1714963524,-28.850933,11.730483,94.0,0,1350.0
538008115,1714963543,-28.851583,11.731183,93.0,0,1360.0
538008115,1714963712,-28.856899,11.737067,93.0,0,1360.0
538008115,1714963773,-28.858868,11.739167,93.0,0,1340.0
538008115,1714963833,-28.860767,11.74115,92.0,0,1360.0
538008115,1714963933,-28.864,11.74465,93.0,0,1380.0
538008115,1714964024,-28.86685,11.747633,93.0,0,1370.0
538008115,1714964073,-28.868483,11.7493,93.0,0,1390.0
538008115,1714964343,-28.877016,11.75865,94.0,0,1340.0
538008115,1714964523,-28.882732,11.765033,94.0,0,1360.0
538008115,1714964663,-28.887083,11.77,95.0,0,1340.0
538008115,1714964821,-28.892117,11.775633,95.0,0,1340.0
538008115,1714965903,-28.927317,11.8143,96.0,0,1360.0
538008115,1714966274,-28.939516,11.82755,97.0,0,1340.0
538008115,1714966533,-28.948151,11.836867,98.0,0,1370.0
538008115,1714966665,-28.952433,11.841483,97.0,0,1370.0
538008115,1714966783,-28.95645,11.845833,98.0,0,1350.0
538008115,1714967026,-28.96435,11.8545,97.0,0,1350.0
538008115,1714967113,-28.967367,11.857717,98.0,0,1350.0
538008115,1714967384,-28.976534,11.867233,98.0,0,1370.0
538008115,1714967443,-28.978567,11.8694,99.0,0,1350.0
538008115,1714967626,-28.984617,11.875867,99.0,0,1350.0
538008115,1714967745,-28.988701,11.88025,99.0,0,1350.0
538008115,1714967805,-28.990683,11.882383,98.0,0,1370.0
538008115,1714967964,-28.996117,11.8881,99.0,0,1350.0
538008115,1714968015,-28.997868,11.889817,99.0,0,1380.0
538008115,1714968346,-29.009199,11.901467,100.0,0,1380.0
538008115,1714968422,-29.011932,11.904283,100.0,0,1380.0
538008115,1714968516,-29.015167,11.90755,101.0,0,1380.0
538008115,1714968694,-29.021482,11.913917,101.0,0,1370.0
538008115,1714968705,-29.021851,11.914333,101.0,0,1370.0
538008115,1714969021,-29.033167,11.92585,102.0,0,1380.0
538008115,1714969115,-29.036432,11.929083,102.0,0,1390.0
538008115,1714969273,-29.042017,11.935,103.0,0,1350.0
538008115,1714969316,-29.043383,11.93655,102.0,0,1350.0
538008115,1714969323,-29.043682,11.936883,102.0,0,1350.0
538008115,1714969333,-29.044018,11.937267,102.0,0,1350.0
538008115,1714969485,-29.049032,11.943167,103.0,0,1320.0
538008115,1714969536,-29.050734,11.945117,102.0,0,1330.0
538008115,1714969563,-29.051683,11.946267,103.0,0,1340.0
538008115,1714969693,-29.056067,11.951317,103.0,0,1340.0
538008115,1714969808,-29.05975,11.9555,102.0,0,1340.0
538008115,1714970145,-29.071167,11.96875,103.0,0,1350.0
538008115,1714970162,-29.071817,11.969533,103.0,0,1340.0
538008115,1714970174,-29.072201,11.96995,103.0,0,1350.0
538008115,1714970412,-29.080116,11.9794,102.0,0,1330.0
538008115,1714970436,-29.080833,11.980217,102.0,0,1340.0
538008115,1714970613,-29.086767,11.9871,102.0,0,1340.0
538008115,1714971027,-29.100149,12.00315,102.0,0,1340.0
538008115,1714971203,-29.106268,12.009983,102.0,0,1360.0
538008115,1714971245,-29.107616,12.011533,101.0,0,1350.0
538008115,1714971512,-29.116667,12.021733,101.0,0,1340.0
538008115,1714971587,-29.11895,12.024433,101.0,0,1340.0
538008115,1714971806,-29.126417,12.03265,101.0,0,1360.0
538008115,1714971924,-29.130484,12.0371,100.0,0,1340.0
538008115,1714971934,-29.130867,12.037517,101.0,0,1360.0
538008115,1714972263,-29.142082,12.049667,100.0,0,1360.0
538008115,1714972343,-29.144733,12.052617,100.0,0,1350.0
538008115,1714972716,-29.157284,12.066317,98.0,0,1340.0
538008115,1714972856,-29.161983,12.0715,98.0,0,1350.0
538008115,1714972936,-29.164682,12.074333,98.0,0,1360.0
538008115,1714973229,-29.17355,12.084317,98.0,0,1360.0
538008115,1714973483,-29.183001,12.094417,97.0,0,1360.0
538008115,1714973516,-29.184017,12.095483,98.0,0,1380.0
538008115,1714973943,-29.198532,12.110717,98.0,0,1370.0
538008115,1714973982,-29.1998,12.112083,98.0,0,1370.0
538008115,1714974026,-29.201183,12.11355,97.0,0,1360.0
538008115,1714974033,-29.201567,12.113933,98.0,0,1370.0
538008115,1714974086,-29.203217,12.115733,98.0,0,1350.0
538008115,1714974193,-29.206917,12.119617,97.0,0,1370.0
538008115,1714974643,-29.222,12.1357,96.0,0,1330.0
538008115,1714974945,-29.231716,12.146683,96.0,0,1350.0
538008115,1714975113,-29.237316,12.152733,96.0,0,1360.0
538008115,1714975224,-29.240868,12.156567,96.0,0,1360.0
538008115,1714975337,-29.244516,12.160583,96.0,0,1350.0
538008115,1714975653,-29.255051,12.172017,97.0,0,1360.0
538008115,1714975734,-29.25775,12.174867,97.0,0,1360.0
538008115,1714975785,-29.259382,12.176583,97.0,0,1380.0
538008115,1714976301,-29.276434,12.19465,96.0,0,1360.0
538008115,1714976315,-29.276899,12.195067,96.0,0,1380.0
538008115,1714976494,-29.2829,12.20125,96.0,0,1370.0
538008115,1714976801,-29.29315,12.211733,95.0,0,1380.0
538008115,1714977057,-29.3015,12.22035,97.0,0,1370.0
538008115,1714977184,-29.305767,12.224917,96.0,0,1360.0
538008115,1714977193,-29.306067,12.225233,97.0,0,1350.0
538008115,1714977315,-29.309982,12.229417,95.0,0,1370.0
538008115,1714977383,-29.312349,12.23185,96.0,0,1380.0
538008115,1714977394,-29.312683,12.232183,96.0,0,1380.0
538008115,1714977527,-29.316933,12.23665,97.0,0,1370.0
538008115,1714977574,-29.3186,12.238467,96.0,0,1350.0
538008115,1714977646,-29.32085,12.240917,95.0,0,1360.0
538008115,1714977693,-29.322582,12.242683,96.0,0,1370.0
538008115,1714977766,-29.3249,12.24505,96.0,0,1380.0
538008115,1714977823,-29.32695,12.247133,96.0,0,1380.0
538008115,1714977905,-29.3295,12.249817,97.0,0,1370.0
538008115,1714978083,-29.335533,12.256067,96.0,0,1360.0
538008115,1714978143,-29.337482,12.2582,97.0,0,1350.0
538008115,1714978153,-29.337816,12.258633,96.0,0,1330.0
538008115,1714978334,-29.343468,12.26515,96.0,0,1330.0
538008115,1714978446,-29.346849,12.269367,96.0,0,1300.0
538008115,1714978933,-29.361717,12.2877,96.0,0,1340.0
538008115,1714979173,-29.369101,12.296717,97.0,0,1350.0
538008115,1714979333,-29.37435,12.3024,97.0,0,1360.0
538008115,1714979384,-29.376066,12.304233,96.0,0,1360.0
538008115,1714979514,-29.380266,12.308783,97.0,0,1380.0
538008115,1714979515,-29.380266,12.308783,97.0,0,1380.0
538008115,1714979573,-29.3822,12.310917,96.0,0,1350.0
538008115,1714979825,-29.390266,12.319833,96.0,0,1370.0
538008115,1714980095,-29.399267,12.329067,96.0,0,1390.0
538008115,1714980232,-29.40395,12.333783,96.0,0,1360.0
538008115,1714980334,-29.407383,12.33725,94.0,0,1380.0
538008115,1714980507,-29.412867,12.343233,96.0,0,1360.0
538008115,1714980721,-29.419968,12.351,96.0,0,1360.0
538008115,1714980746,-29.420668,12.35165,96.0,0,1380.0
538008115,1714981132,-29.43325,12.365717,98.0,0,1320.0
538008115,1714981262,-29.4375,12.370433,98.0,0,1350.0
538008115,1714981412,-29.442383,12.375833,98.0,0,1350.0
538008115,1714981574,-29.447701,12.3816,97.0,0,1350.0
538008115,1714981783,-29.454567,12.389217,97.0,0,1350.0
538008115,1714981824,-29.455933,12.3907,98.0,0,1360.0
538008115,1714981972,-29.460733,12.3962,97.0,0,1330.0
538008115,1714982135,-29.46595,12.402,97.0,0,1350.0
538008115,1714982173,-29.467234,12.4035,97.0,0,1340.0
538008115,1714982222,-29.468849,12.405333,98.0,0,1340.0
538008115,1714982334,-29.472483,12.409417,98.0,0,1360.0
538008115,1714982919,-29.4914,12.430717,98.0,0,1340.0
538008115,1714983073,-29.496616,12.43655,99.0,0,1330.0
538008115,1714983216,-29.501118,12.4417,98.0,0,1350.0
538008115,1714983282,-29.503384,12.44435,98.0,0,1340.0
538008115,1714983345,-29.505333,12.44655,98.0,0,1350.0
538008115,1714983425,-29.507816,12.4494,97.0,0,1340.0
538008115,1714983433,-29.508232,12.449883,97.0,0,1360.0
538008115,1714983442,-29.508484,12.450167,97.0,0,1360.0
538008115,1714983516,-29.510782,12.452767,97.0,0,1350.0
538008115,1714983603,-29.513651,12.456117,98.0,0,1330.0
538008115,1714983713,-29.517151,12.460183,97.0,0,1340.0
538008115,1714983845,-29.5214,12.464767,97.0,0,1370.0
538008115,1714983972,-29.525766,12.4693,97.0,0,1380.0
538008115,1714984142,-29.531384,12.475233,97.0,0,1350.0
538008115,1714984166,-29.53215,12.475967,97.0,0,1380.0
538008115,1714984193,-29.53315,12.477017,97.0,0,1360.0
538008115,1714984255,-29.535151,12.479083,96.0,0,1390.0
538008115,1714984301,-29.536716,12.480767,96.0,0,1380.0
538008115,1714984312,-29.5371,12.481133,96.0,0,1380.0
538008115,1714984313,-29.5371,12.481133,96.0,0,1380.0
538008115,1714984372,-29.53915,12.483233,97.0,0,1390.0
538008115,1714984393,-29.539818,12.483933,96.0,0,1370.0
538008115,1714984403,-29.540167,12.484267,97.0,0,1370.0
538008115,1714984407,-29.540167,12.484267,97.0,0,1370.0
538008115,1714984422,-29.5408,12.484933,97.0,0,1370.0
538008115,1714984432,-29.541183,12.485317,98.0,0,1370.0
538008115,1714984433,-29.541183,12.485317,98.0,0,1370.0
538008115,1714984453,-29.541817,12.48605,97.0,0,1350.0
538008115,1714984487,-29.542833,12.487083,97.0,0,1380.0
538008115,1714984522,-29.544117,12.488567,97.0,0,1340.0
538008115,1714984601,-29.546682,12.491433,96.0,0,1350.0
538008115,1714984631,-29.547649,12.492517,97.0,0,1360.0
538008115,1714984632,-29.547649,12.492517,97.0,0,1360.0
538008115,1714984651,-29.548367,12.4932,97.0,0,1370.0
538008115,1714984652,-29.548367,12.4932,97.0,0,1370.0
538008115,1714984672,-29.549032,12.493917,97.0,0,1360.0
538008115,1714984673,-29.549032,12.493917,97.0,0,1360.0
538008115,1714984683,-29.549368,12.494267,97.0,0,1360.0
538008115,1714984691,-29.54965,12.4946,97.0,0,1350.0
538008115,1714984702,-29.549967,12.494967,97.0,0,1340.0
538008115,1714984732,-29.551001,12.496033,96.0,0,1370.0
538008115,1714984733,-29.551001,12.496033,96.0,0,1370.0
538008115,1714984742,-29.55135,12.49635,96.0,0,1380.0
538008115,1714984743,-29.55135,12.49635,96.0,0,1380.0
538008115,1714984762,-29.551983,12.497,96.0,0,1380.0
538008115,1714984783,-29.552717,12.49775,96.0,0,1380.0
538008115,1714984803,-29.553368,12.498467,96.0,0,1370.0
538008115,1714984822,-29.554016,12.499133,96.0,0,1360.0
538008115,1714984833,-29.554333,12.4995,96.0,0,1350.0
538008115,1714984852,-29.555,12.500183,97.0,0,1370.0
538008115,1714984853,-29.555,12.500183,97.0,0,1370.0
538008115,1714984871,-29.555616,12.500867,97.0,0,1370.0
538008115,1714984872,-29.555616,12.500867,97.0,0,1370.0
538008115,1714984883,-29.555983,12.501267,97.0,0,1360.0
538008115,1714984932,-29.557617,12.50305,97.0,0,1370.0
538008115,1714984933,-29.557617,12.50305,97.0,0,1370.0
538008115,1714984937,-29.557617,12.50305,97.0,0,1370.0
538008115,1714984953,-29.558268,12.503767,98.0,0,1360.0
538008115,1714985056,-29.561483,12.507417,98.0,0,1350.0
538008115,1714985104,-29.563101,12.509267,98.0,0,1320.0
538008115,1714985176,-29.565451,12.511833,98.0,0,1340.0
538008115,1714985543,-29.577784,12.525267,99.0,0,1350.0
538008115,1714985782,-29.585867,12.533933,99.0,0,1360.0
538008115,1714985825,-29.587183,12.535383,99.0,0,1350.0
538008115,1714986029,-29.593817,12.542717,99.0,0,1360.0
538008115,1714986103,-29.596518,12.545517,99.0,0,1370.0
538008115,1714986243,-29.60125,12.5506,99.0,0,1360.0
538008115,1714986314,-29.603649,12.553167,99.0,0,1360.0
538008115,1714986451,-29.608383,12.55825,100.0,0,1360.0
538008115,1714987434,-29.641701,12.5934,99.0,0,1360.0
538008115,1714987545,-29.645451,12.597383,100.0,0,1360.0
538008115,1714987674,-29.649799,12.602117,99.0,0,1330.0
538008115,1714987795,-29.653717,12.606683,101.0,0,1340.0
538008115,1714987974,-29.6597,12.613667,101.0,0,1340.0
538008115,1714988095,-29.663549,12.618283,101.0,0,1330.0
538008115,1714988144,-29.665182,12.620117,100.0,0,1340.0
538008115,1714988185,-29.666533,12.621683,101.0,0,1340.0
538008115,1714988323,-29.671101,12.627033,101.0,0,1340.0
538008115,1714988455,-29.675301,12.632167,101.0,0,1330.0
538008115,1714988531,-29.677933,12.635183,101.0,0,1350.0
538008115,1714988585,-29.679667,12.637083,101.0,0,1360.0
538008115,1714988683,-29.683067,12.64065,100.0,0,1390.0
538008115,1714988864,-29.68915,12.647383,101.0,0,1350.0
538008115,1714988876,-29.689449,12.647733,100.0,0,1340.0
538008115,1714988984,-29.693216,12.6517,100.0,0,1380.0
538008115,1714989072,-29.696318,12.65495,101.0,0,1370.0
538008115,1714989123,-29.698067,12.656817,100.0,0,1390.0
538008115,1714989184,-29.7001,12.659033,101.0,0,1370.0
538008115,1714989343,-29.705467,12.665,101.0,0,1360.0
538008115,1714989507,-29.7108,12.671167,101.0,0,1330.0
538008115,1714989564,-29.712717,12.673483,101.0,0,1330.0
538008115,1714989833,-29.7218,12.683733,102.0,0,1350.0
538008115,1714989914,-29.724417,12.686733,101.0,0,1350.0
538008115,1714989981,-29.726801,12.6894,101.0,0,1360.0
538008115,1714989991,-29.727133,12.689767,101.0,0,1370.0
538008115,1714990000,-29.727484,12.690133,102.0,0,1370.0
538008115,1714990001,-29.727484,12.690133,102.0,0,1370.0
538008115,1714990021,-29.728149,12.6909,101.0,0,1360.0
538008115,1714990022,-29.728149,12.6909,101.0,0,1360.0
538008115,1714990030,-29.728483,12.691283,101.0,0,1340.0
538008115,1714990031,-29.728483,12.691283,101.0,0,1340.0
538008115,1714990044,-29.728817,12.69165,101.0,0,1340.0
538008115,1714990081,-29.73015,12.693267,101.0,0,1350.0
538008115,1714990090,-29.730467,12.693583,101.0,0,1340.0
538008115,1714990101,-29.73085,12.693983,102.0,0,1360.0
538008115,1714990120,-29.731501,12.6947,102.0,0,1350.0
538008115,1714990121,-29.731501,12.6947,102.0,0,1350.0
538008115,1714990150,-29.732533,12.695817,102.0,0,1360.0
538008115,1714990170,-29.733183,12.696583,102.0,0,1350.0
538008115,1714990181,-29.733566,12.69695,102.0,0,1380.0
538008115,1714990191,-29.7339,12.697317,102.0,0,1370.0
538008115,1714990192,-29.7339,12.697317,102.0,0,1370.0
538008115,1714990201,-29.734234,12.697717,102.0,0,1350.0
538008115,1714990211,-29.73455,12.69805,102.0,0,1360.0
538008115,1714990223,-29.734983,12.698467,102.0,0,1370.0
538008115,1714990251,-29.736,12.6996,101.0,0,1370.0
538008115,1714990261,-29.736366,12.69995,101.0,0,1370.0
538008115,1714990281,-29.737034,12.700633,101.0,0,1370.0
538008115,1714990290,-29.737383,12.701,101.0,0,1370.0
538008115,1714990300,-29.737734,12.70135,101.0,0,1380.0
538008115,1714990301,-29.737734,12.70135,101.0,0,1380.0
538008115,1714990311,-29.738083,12.701717,101.0,0,1370.0
538008115,1714990312,-29.738083,12.701717,101.0,0,1370.0
538008115,1714990321,-29.738417,12.7021,102.0,0,1360.0
538008115,1714990322,-29.738417,12.7021,102.0,0,1360.0
538008115,1714990341,-29.7391,12.702867,101.0,0,1360.0
538008115,1714990344,-29.7391,12.702867,101.0,0,1360.0
538008115,1714990350,-29.739433,12.703183,101.0,0,1380.0
538008115,1714990351,-29.739433,12.703183,101.0,0,1380.0
538008115,1714990360,-29.739799,12.7036,101.0,0,1370.0
538008115,1714990370,-29.740133,12.70405,102.0,0,1350.0
538008115,1714990371,-29.740133,12.70405,102.0,0,1350.0
538008115,1714990382,-29.740467,12.704417,102.0,0,1350.0
538008115,1714990401,-29.741167,12.705167,100.0,0,1360.0
538008115,1714990430,-29.742149,12.706233,101.0,0,1360.0
538008115,1714990431,-29.742149,12.706233,101.0,0,1360.0
538008115,1714990440,-29.742468,12.706567,102.0,0,1370.0
538008115,1714990464,-29.7432,12.707333,102.0,0,1360.0
538008115,1714990555,-29.7463,12.710783,100.0,0,1340.0
538008115,1714990986,-29.761032,12.72665,101.0,0,1370.0
538008115,1714991343,-29.773533,12.73995,102.0,0,1390.0
538008115,1714991706,-29.786016,12.753533,103.0,0,1350.0
538008115,1714991785,-29.7889,12.756617,103.0,0,1370.0
538008115,1714992195,-29.803183,12.772017,103.0,0,1360.0
538008115,1714992555,-29.815617,12.785367,103.0,0,1380.0
538008115,1714992664,-29.819433,12.78955,102.0,0,1370.0
538008115,1714992894,-29.827566,12.7979,102.0,0,1370.0
538008115,1714992933,-29.828951,12.79935,102.0,0,1360.0
538008115,1714993187,-29.837584,12.808733,103.0,0,1380.0
538008115,1714993203,-29.838234,12.80945,102.0,0,1360.0
538008115,1714993332,-29.842817,12.81425,102.0,0,1380.0
538008115,1714993507,-29.848833,12.820717,104.0,0,1350.0
538008115,1714993621,-29.852034,12.824183,104.0,0,1350.0
538008115,1714993674,-29.854918,12.827167,104.0,0,1380.0
538008115,1714993854,-29.861233,12.833867,102.0,0,1360.0
538008115,1714993892,-29.8626,12.835267,102.0,0,1390.0
538008115,1714994104,-29.869967,12.842917,102.0,0,1380.0
538008115,1714994174,-29.872517,12.845417,102.0,0,1400.0
538008115,1714994222,-29.874201,12.84725,102.0,0,1360.0
538008115,1714994322,-29.877684,12.851017,102.0,0,1370.0
538008115,1714994355,-29.8787,12.852067,102.0,0,1390.0
538008115,1714994414,-29.8808,12.854267,102.0,0,1370.0
538008115,1714994554,-29.885584,12.8596,101.0,0,1370.0
538008115,1714994735,-29.891817,12.866,100.0,0,1370.0
538008115,1714994774,-29.893167,12.867483,100.0,0,1350.0
538008115,1714995216,-29.908266,12.88405,101.0,0,1340.0
538008115,1714995317,-29.911617,12.8878,102.0,0,1350.0
538008115,1714995392,-29.914333,12.890917,101.0,0,1340.0
538008115,1714995576,-29.9203,12.897917,102.0,0,1340.0
538008115,1714995674,-29.9238,12.901683,102.0,0,1350.0
538008115,1714995696,-29.924467,12.90245,101.0,0,1360.0
538008115,1714995756,-29.9265,12.9047,103.0,0,1350.0
538008115,1714996053,-29.936666,12.916433,103.0,0,1360.0
538008115,1714996111,-29.938784,12.918717,103.0,0,1370.0
538008115,1714996243,-29.943083,12.92385,102.0,0,1350.0
538008115,1714996512,-29.952299,12.934467,104.0,0,1320.0
538008115,1714996713,-29.959032,12.942217,104.0,0,1330.0
538008115,1714996924,-29.966084,12.9507,103.0,0,1330.0
538008115,1714996984,-29.968082,12.953017,103.0,0,1340.0
538008115,1714997015,-29.969168,12.954267,103.0,0,1330.0
538008115,1714997061,-29.970818,12.956117,103.0,0,1370.0
538008115,1714997145,-29.973633,12.959233,103.0,0,1360.0
538008115,1714997363,-29.98105,12.9678,102.0,0,1350.0
538008115,1714997743,-29.993851,12.9829,102.0,0,1340.0
538008115,1714997872,-29.998484,12.987733,103.0,0,1370.0
538008115,1714998204,-30.010151,13.000267,105.0,0,1360.0
538008115,1714998252,-30.011917,13.002167,103.0,0,1340.0
538008115,1714998445,-30.018517,13.009483,104.0,0,1380.0
538008115,1714998459,-30.018867,13.009867,103.0,0,1370.0
538008115,1714998675,-30.026583,13.0184,104.0,0,1350.0
538008115,1714998733,-30.028683,13.020717,105.0,0,1360.0
538008115,1714998772,-30.030083,13.022267,103.0,0,1340.0
538008115,1714998893,-30.034332,13.02685,104.0,0,1350.0
538008115,1714998964,-30.036783,13.029467,104.0,0,1350.0
538008115,1714998973,-30.037132,13.02985,104.0,0,1360.0
538008115,1714999236,-30.046333,13.040067,105.0,0,1360.0
538008115,1714999296,-30.048517,13.042483,106.0,0,1360.0
538008115,1714999391,-30.050632,13.044783,105.0,0,1370.0
538008115,1714999481,-30.055233,13.049867,105.0,0,1350.0
538008115,1714999603,-30.059549,13.0545,105.0,0,1370.0
538008115,1714999865,-30.0688,13.064583,105.0,0,1360.0
538008115,1714999874,-30.069166,13.064983,106.0,0,1360.0
538008115,1714999986,-30.073099,13.06925,105.0,0,1360.0
538008115,1715000102,-30.077333,13.073983,104.0,0,1350.0
538008115,1715000123,-30.078117,13.074767,104.0,0,1390.0
538008115,1715000214,-30.081318,13.07825,105.0,0,1360.0
538008115,1715000404,-30.0882,13.0856,106.0,0,1340.0
538008115,1715000552,-30.093433,13.091333,103.0,0,1360.0
538008115,1715000822,-30.103033,13.101617,104.0,0,1370.0
538008115,1715000882,-30.10515,13.10395,105.0,0,1350.0
538008115,1715000954,-30.107668,13.106683,105.0,0,1360.0
538008115,1715001075,-30.111799,13.111367,103.0,0,1340.0
538008115,1715001104,-30.11285,13.112533,103.0,0,1350.0
538008115,1715001174,-30.115351,13.11525,103.0,0,1380.0
538008115,1715001363,-30.122017,13.122567,103.0,0,1340.0
538008115,1715001455,-30.125134,13.12605,106.0,0,1360.0
538008115,1715001537,-30.127968,13.129183,104.0,0,1360.0
538008115,1715001577,-30.129333,13.1308,104.0,0,1350.0
538008115,1715001657,-30.132099,13.134,104.0,0,1340.0
538008115,1715001706,-30.133883,13.135967,105.0,0,1350.0
538008115,1715001813,-30.1378,13.14025,104.0,0,1360.0
538008115,1715001865,-30.139633,13.142233,106.0,0,1370.0
538008115,1715001962,-30.143133,13.146133,106.0,0,1340.0
538008115,1715002045,-30.145967,13.1493,104.0,0,1350.0
538008115,1715002072,-30.146982,13.150467,104.0,0,1350.0
538008115,1715002242,-30.15295,13.15725,105.0,0,1350.0
538008115,1715002292,-30.154734,13.159233,105.0,0,1350.0
538008115,1715002405,-30.158701,13.1636,106.0,0,1370.0
538008115,1715002533,-30.163334,13.168567,105.0,0,1360.0
538008115,1715002542,-30.163683,13.168983,104.0,0,1350.0
538008115,1715002587,-30.165117,13.170567,105.0,0,1340.0
538008115,1715002753,-30.171217,13.1772,104.0,0,1360.0
538008115,1715002824,-30.173782,13.17995,105.0,0,1350.0
538008115,1715002895,-30.176201,13.18265,105.0,0,1370.0
538008115,1715002973,-30.179068,13.1858,105.0,0,1360.0
538008115,1715002994,-30.1798,13.186533,105.0,0,1380.0
538008115,1715003087,-30.182949,13.190167,104.0,0,1330.0
538008115,1715003113,-30.184032,13.191317,104.0,0,1360.0
538008115,1715003185,-30.186518,13.193967,104.0,0,1360.0
538008115,1715003284,-30.190132,13.197883,104.0,0,1350.0
538008115,1715003413,-30.194782,13.20285,105.0,0,1370.0
538008115,1715003482,-30.197268,13.205567,106.0,0,1370.0
538008115,1715003502,-30.197933,13.2064,105.0,0,1320.0
538008115,1715003593,-30.201134,13.21,103.0,0,1350.0
538008115,1715003612,-30.201883,13.210717,104.0,0,1390.0
538008115,1715003625,-30.202232,13.211117,103.0,0,1370.0
538008115,1715003674,-30.204067,13.213033,104.0,0,1380.0
538008115,1715003773,-30.207632,13.216883,103.0,0,1370.0
538008115,1715003805,-30.208683,13.218067,103.0,0,1350.0
538008115,1715004163,-30.221283,13.23225,103.0,0,1350.0
538008115,1715004222,-30.223368,13.234567,103.0,0,1350.0
538008115,1715004437,-30.22945,13.24105,104.0,0,1360.0
538008115,1715004523,-30.234068,13.246,102.0,0,1370.0
538008115,1715004583,-30.236217,13.24825,103.0,0,1370.0
538008115,1715004645,-30.238382,13.2505,103.0,0,1390.0
538008115,1715004723,-30.241234,13.253617,104.0,0,1370.0
538008115,1715005283,-30.261267,13.275267,104.0,0,1390.0
538008115,1715005575,-30.271717,13.286533,105.0,0,1360.0
538008115,1715006022,-30.287983,13.3039,105.0,0,1380.0
538008115,1715006106,-30.290934,13.307067,104.0,0,1370.0
538008115,1715006256,-30.296316,13.312967,104.0,0,1380.0
538008115,1715006353,-30.299801,13.316883,104.0,0,1350.0
538008115,1715006495,-30.30485,13.32225,105.0,0,1380.0
538008115,1715006726,-30.313183,13.331283,105.0,0,1340.0
538008115,1715006863,-30.318216,13.336667,105.0,0,1370.0
538008115,1715007013,-30.323633,13.342433,105.0,0,1370.0
538008115,1715007124,-30.3277,13.3467,106.0,0,1380.0
538008115,1715007294,-30.333883,13.3533,107.0,0,1370.0
538008115,1715007414,-30.338284,13.358017,106.0,0,1370.0
538008115,1715007742,-30.350332,13.371,104.0,0,1330.0
538008115,1715008163,-30.365101,13.387983,105.0,0,1350.0
538008115,1715008345,-30.371401,13.395217,105.0,0,1360.0
538008115,1715008356,-30.371834,13.39575,105.0,0,1360.0
538008115,1715008912,-30.3915,13.418417,107.0,0,1340.0
538008115,1715008956,-30.393,13.420133,107.0,0,1340.0
538008115,1715009293,-30.404966,13.434283,107.0,0,1330.0
538008115,1715009403,-30.408783,13.4388,106.0,0,1350.0
538008115,1715009643,-30.417351,13.448483,105.0,0,1360.0
538008115,1715010045,-30.431499,13.464833,106.0,0,1350.0
538008115,1715010306,-30.44075,13.475333,107.0,0,1350.0
538008115,1715011116,-30.470066,13.508317,107.0,0,1350.0
538008115,1715011235,-30.474483,13.513117,107.0,0,1380.0
538008115,1715011364,-30.479267,13.518283,107.0,0,1370.0
538008115,1715011504,-30.484383,13.523883,108.0,0,1380.0
538008115,1715011664,-30.490334,13.530333,107.0,0,1370.0
538008115,1715011688,-30.491133,13.53115,108.0,0,1380.0
538008115,1715012018,-30.503384,13.544417,108.0,0,1370.0
538008115,1715012196,-30.509983,13.551583,106.0,0,1360.0
538008115,1715012276,-30.512867,13.554733,107.0,0,1370.0
538008115,1715012313,-30.514366,13.5564,106.0,0,1360.0
538008115,1715012404,-30.517651,13.56,107.0,0,1350.0
538008115,1715012467,-30.519899,13.562367,108.0,0,1390.0
538008115,1715013024,-30.540417,13.584833,107.0,0,1360.0
538008115,1715013314,-30.551132,13.596583,108.0,0,1350.0
538008115,1715013394,-30.554068,13.599867,108.0,0,1360.0
538008115,1715013445,-30.555967,13.601933,108.0,0,1350.0
538008115,1715013473,-30.557068,13.60315,108.0,0,1350.0
538008115,1715013583,-30.561132,13.607617,108.0,0,1360.0
538008115,1715013763,-30.567717,13.61495,108.0,0,1360.0
538008115,1715013983,-30.575817,13.623817,108.0,0,1360.0
538008115,1715014133,-30.5814,13.630083,109.0,0,1360.0
538008115,1715014194,-30.583651,13.63255,109.0,0,1360.0
538008115,1715014315,-30.588133,13.637517,110.0,0,1340.0
538008115,1715014345,-30.589251,13.638733,109.0,0,1370.0
538008115,1715014655,-30.600883,13.651417,109.0,0,1350.0
538008115,1715015264,-30.62365,13.67615,108.0,0,1380.0
538008115,1715015476,-30.631433,13.68475,109.0,0,1360.0
538008115,1715015496,-30.6322,13.685617,108.0,0,1350.0
538008115,1715015516,-30.632883,13.686417,109.0,0,1350.0
538008115,1715015546,-30.634018,13.68765,108.0,0,1360.0
538008115,1715015556,-30.634399,13.688033,108.0,0,1380.0
538008115,1715015576,-30.635134,13.68885,109.0,0,1360.0
538008115,1715015596,-30.635883,13.689667,109.0,0,1360.0
538008115,1715015617,-30.636667,13.6905,108.0,0,1370.0
538008115,1715015636,-30.6374,13.69125,109.0,0,1390.0
538008115,1715015677,-30.638901,13.69285,109.0,0,1370.0
538008115,1715015724,-30.640717,13.69485,109.0,0,1370.0
538008115,1715015736,-30.641132,13.695317,109.0,0,1370.0
538008115,1715015744,-30.6415,13.695717,109.0,0,1360.0
538008115,1715015766,-30.642233,13.69655,108.0,0,1350.0
538008115,1715015817,-30.644083,13.6986,109.0,0,1360.0
538008115,1715015864,-30.645933,13.700683,109.0,0,1340.0
538008115,1715015934,-30.648533,13.70355,109.0,0,1360.0
538008115,1715016064,-30.653351,13.708817,109.0,0,1350.0
538008115,1715016216,-30.658951,13.715167,109.0,0,1360.0
538008115,1715016223,-30.659267,13.715533,109.0,0,1360.0
538008115,1715016244,-30.660032,13.716333,109.0,0,1360.0
538008115,1715016334,-30.663334,13.71995,108.0,0,1370.0
538008115,1715017694,-30.713249,13.77555,108.0,0,1340.0
538008115,1715017804,-30.7173,13.780017,108.0,0,1370.0
538008115,1715017933,-30.722033,13.785317,108.0,0,1340.0
538008115,1715017975,-30.723534,13.787017,109.0,0,1340.0
538008115,1715017986,-30.723867,13.787367,109.0,0,1350.0
538008115,1715018046,-30.726101,13.78985,108.0,0,1360.0
538008115,1715018154,-30.730183,13.7943,109.0,0,1370.0
538008115,1715018234,-30.733116,13.797567,108.0,0,1360.0
538008115,1715018315,-30.736134,13.800867,109.0,0,1370.0
538008115,1715018495,-30.742933,13.808283,110.0,0,1360.0
538008115,1715019085,-30.765182,13.832533,110.0,0,1360.0
538008115,1715019215,-30.770132,13.837833,110.0,0,1360.0
538008115,1715019279,-30.771282,13.839033,110.0,0,1360.0
538008115,1715019362,-30.77585,13.843817,110.0,0,1380.0
538008115,1715019465,-30.77965,13.847833,110.0,0,1380.0
538008115,1715019502,-30.781166,13.849483,110.0,0,1370.0
538008115,1715019712,-30.789118,13.857933,109.0,0,1380.0
538008115,1715019822,-30.7932,13.86235,108.0,0,1370.0
538008115,1715019823,-30.7932,13.86235,108.0,0,1370.0
538008115,1715020006,-30.79995,13.869633,109.0,0,1360.0
538008115,1715020044,-30.801483,13.871317,109.0,0,1360.0
538008115,1715020154,-30.805668,13.875933,109.0,0,1350.0
538008115,1715020183,-30.806717,13.877033,110.0,0,1370.0
538008115,1715020214,-30.807899,13.878283,109.0,0,1370.0
538008115,1715020276,-30.81015,13.880667,108.0,0,1360.0
538008115,1715020335,-30.81245,13.883067,109.0,0,1380.0
538008115,1715020393,-30.814699,13.885467,109.0,0,1380.0
538008115,1715020505,-30.818733,13.89,109.0,0,1340.0
538008115,1715020536,-30.819817,13.891283,108.0,0,1340.0
538008115,1715020644,-30.82375,13.8959,109.0,0,1340.0
538008115,1715020679,-30.824783,13.897233,109.0,0,1320.0
538008115,1715020714,-30.8262,13.898933,109.0,0,1330.0
538008115,1715020774,-30.828318,13.901583,108.0,0,1320.0
538008115,1715020884,-30.832083,13.90625,109.0,0,1330.0
538008115,1715021015,-30.836666,13.911933,109.0,0,1340.0
538008115,1715021035,-30.837299,13.912733,109.0,0,1330.0
538008115,1715021056,-30.838083,13.913667,109.0,0,1330.0
538008115,1715021077,-30.838833,13.914583,109.0,0,1340.0
538008115,1715021134,-30.840982,13.917017,108.0,0,1350.0
538008115,1715021344,-30.848633,13.925833,109.0,0,1340.0
538008115,1715021405,-30.850782,13.928333,109.0,0,1330.0
538008115,1715021417,-30.851168,13.928717,109.0,0,1350.0
538008115,1715021535,-30.855499,13.933783,109.0,0,1340.0
538008115,1715021754,-30.863449,13.942983,109.0,0,1350.0
538008115,1715021794,-30.864901,13.94475,109.0,0,1340.0
538008115,1715021943,-30.870216,13.950983,108.0,0,1340.0
538008115,1715022073,-30.874916,13.956467,109.0,0,1340.0
538008115,1715022203,-30.87965,13.961933,108.0,0,1340.0
538008115,1715022353,-30.885,13.968217,108.0,0,1340.0
538008115,1715022615,-30.89435,13.978983,107.0,0,1340.0
538008115,1715022642,-30.895384,13.980183,107.0,0,1350.0
538008115,1715022995,-30.90815,13.993983,105.0,0,1370.0
538008115,1715023053,-30.910351,13.996333,106.0,0,1360.0
538008115,1715023112,-30.912533,13.998667,106.0,0,1370.0
538008115,1715023153,-30.914,14.000233,105.0,0,1370.0
538008115,1715023237,-30.916918,14.00335,105.0,0,1370.0
538008115,1715023715,-30.934566,14.02215,106.0,0,1370.0
538008115,1715023854,-30.939699,14.027583,106.0,0,1370.0
538008115,1715023988,-30.94445,14.03265,106.0,0,1370.0
538008115,1715024213,-30.952833,14.041783,107.0,0,1370.0
538008115,1715024405,-30.959732,14.0493,107.0,0,1360.0
538008115,1715024457,-30.961599,14.051267,106.0,0,1370.0
538008115,1715025454,-30.997334,14.091067,104.0,0,1350.0
538008115,1715025574,-31.001551,14.095867,105.0,0,1360.0
538008115,1715025672,-31.005083,14.09975,105.0,0,1360.0
538008115,1715025753,-31.008034,14.102917,104.0,0,1370.0
538008115,1715025792,-31.009399,14.104433,103.0,0,1370.0
538008115,1715025822,-31.01045,14.105533,104.0,0,1370.0
538008115,1715025862,-31.0119,14.107133,103.0,0,1360.0
538008115,1715025872,-31.012234,14.107467,103.0,0,1360.0
538008115,1715025882,-31.012568,14.107867,103.0,0,1360.0
538008115,1715025992,-31.016434,14.112167,103.0,0,1370.0
538008115,1715026083,-31.0196,14.115733,102.0,0,1360.0
538008115,1715026115,-31.020617,14.116867,103.0,0,1350.0
538008115,1715026236,-31.024799,14.121633,103.0,0,1350.0
538008115,1715026263,-31.025818,14.122767,103.0,0,1360.0
538008115,1715026295,-31.026867,14.124,103.0,0,1340.0
538008115,1715026373,-31.0296,14.127083,103.0,0,1350.0
538008115,1715026495,-31.0338,14.131867,102.0,0,1350.0
538008115,1715026585,-31.036818,14.135333,102.0,0,1340.0
538008115,1715026972,-31.050234,14.150533,102.0,0,1350.0
538008115,1715027116,-31.05505,14.15595,101.0,0,1350.0
538008115,1715027185,-31.057501,14.158683,101.0,0,1360.0
538008115,1715027573,-31.071383,14.172867,102.0,0,1410.0
538008115,1715027744,-31.077566,14.179083,101.0,0,1380.0
538008115,1715027767,-31.078266,14.1798,101.0,0,1380.0
538008115,1715027888,-31.082518,14.18425,101.0,0,1360.0
538008115,1715028246,-31.095234,14.197433,101.0,0,1390.0
538008115,1715028252,-31.0956,14.1978,101.0,0,1400.0
538008115,1715028304,-31.097401,14.1996,101.0,0,1390.0
538008115,1715028372,-31.099934,14.2021,102.0,0,1390.0
538008115,1715028585,-31.107634,14.20945,102.0,0,1410.0
538008115,1715028783,-31.114933,14.216467,100.0,0,1370.0
538008115,1715028795,-31.115299,14.216817,100.0,0,1370.0
538008115,1715028903,-31.118967,14.22095,101.0,0,1350.0
538008115,1715029015,-31.122601,14.225333,102.0,0,1330.0
538008115,1715029045,-31.123516,14.226483,102.0,0,1330.0
538008115,1715029164,-31.127483,14.23135,102.0,0,1340.0
538008115,1715029264,-31.130768,14.235383,102.0,0,1330.0
538008115,1715029326,-31.132683,14.237817,101.0,0,1320.0
538008115,1715029354,-31.133699,14.238983,101.0,0,1340.0
538008115,1715029424,-31.136084,14.24175,102.0,0,1340.0
538008115,1715029485,-31.138033,14.244183,103.0,0,1340.0
538008115,1715029496,-31.1383,14.244583,102.0,0,1310.0
538008115,1715029533,-31.139668,14.2462,103.0,0,1330.0
538008115,1715029823,-31.149099,14.2579,102.0,0,1310.0
538008115,1715029883,-31.151051,14.2603,102.0,0,1320.0
538008115,1715029905,-31.151684,14.26105,101.0,0,1330.0
538008115,1715029913,-31.151966,14.261433,102.0,0,1320.0
538008115,1715030032,-31.155933,14.266333,102.0,0,1330.0
538008115,1715030182,-31.160967,14.272283,103.0,0,1360.0
538008115,1715030277,-31.164118,14.275867,102.0,0,1350.0
538008115,1715030317,-31.165449,14.277383,103.0,0,1350.0
538008115,1715030427,-31.169201,14.2816,102.0,0,1360.0
538008115,1715030445,-31.169933,14.2824,103.0,0,1350.0
538008115,1715030527,-31.172632,14.285483,102.0,0,1350.0
538008115,1715030574,-31.174417,14.2875,103.0,0,1360.0
538008115,1715030594,-31.175068,14.288233,102.0,0,1360.0
538008115,1715030697,-31.178467,14.292167,102.0,0,1350.0
538008115,1715030813,-31.18255,14.296833,102.0,0,1350.0
538008115,1715030956,-31.187332,14.302333,102.0,0,1360.0
538008115,1715031111,-31.192818,14.3085,102.0,0,1360.0
538008115,1715031112,-31.192818,14.3085,102.0,0,1360.0
538008115,1715031162,-31.194532,14.310417,103.0,0,1350.0
538008115,1715031165,-31.194532,14.310417,103.0,0,1350.0
538008115,1715031172,-31.194883,14.310783,103.0,0,1350.0
538008115,1715031211,-31.196318,14.31235,103.0,0,1360.0
538008115,1715031222,-31.196667,14.312733,103.0,0,1370.0
538008115,1715031231,-31.196983,14.313083,102.0,0,1360.0
538008115,1715031232,-31.196983,14.313083,102.0,0,1360.0
538008115,1715031262,-31.198,14.31425,102.0,0,1350.0
538008115,1715031282,-31.1987,14.315,102.0,0,1360.0
538008115,1715031291,-31.198999,14.31535,102.0,0,1350.0
538008115,1715031313,-31.199766,14.316183,101.0,0,1350.0
538008115,1715031322,-31.2001,14.316583,102.0,0,1340.0
538008115,1715031332,-31.200466,14.316933,102.0,0,1360.0
538008115,1715031351,-31.201117,14.317633,102.0,0,1370.0
538008115,1715031382,-31.202168,14.31875,102.0,0,1370.0
538008115,1715031402,-31.202868,14.319483,102.0,0,1370.0
538008115,1715031405,-31.202868,14.319483,102.0,0,1370.0
538008115,1715031432,-31.203899,14.320617,101.0,0,1370.0
538008115,1715031451,-31.204599,14.321383,101.0,0,1360.0
538008115,1715031452,-31.204599,14.321383,101.0,0,1360.0
538008115,1715031462,-31.204933,14.321767,101.0,0,1360.0
538008115,1715031511,-31.206682,14.323633,101.0,0,1360.0
538008115,1715031512,-31.206682,14.323633,101.0,0,1360.0
538008115,1715031513,-31.206682,14.323633,101.0,0,1360.0
538008115,1715031531,-31.207367,14.3244,102.0,0,1350.0
538008115,1715031552,-31.208067,14.32515,102.0,0,1360.0
538008115,1715031562,-31.208418,14.325533,102.0,0,1360.0
538008115,1715031572,-31.208767,14.3259,101.0,0,1350.0
538008115,1715031583,-31.20915,14.3263,102.0,0,1380.0
538008115,1715031632,-31.210882,14.328167,102.0,0,1370.0
538008115,1715031633,-31.210882,14.328167,102.0,0,1370.0
538008115,1715031653,-31.211599,14.3289,102.0,0,1370.0
538008115,1715031703,-31.2134,14.330733,102.0,0,1380.0
538008115,1715031713,-31.213717,14.33105,102.0,0,1380.0
538008115,1715032095,-31.2267,14.345317,100.0,0,1360.0
538008115,1715032193,-31.230017,14.349017,99.0,0,1370.0
538008115,1715032346,-31.235033,14.354683,100.0,0,1340.0
538008115,1715032445,-31.2383,14.358417,99.0,0,1340.0
538008115,1715032524,-31.240999,14.361383,99.0,0,1340.0
538008115,1715032844,-31.251682,14.37325,99.0,0,1370.0
538008115,1715032924,-31.254383,14.3762,99.0,0,1360.0
538008115,1715033057,-31.258699,14.381117,99.0,0,1350.0
538008115,1715033202,-31.263718,14.38655,98.0,0,1360.0
538008115,1715033292,-31.2668,14.389817,99.0,0,1370.0
538008115,1715033875,-31.286266,14.411183,98.0,0,1350.0
538008115,1715033992,-31.290251,14.41565,99.0,0,1350.0
538008115,1715034065,-31.292534,14.418333,97.0,0,1340.0
538008115,1715034112,-31.294184,14.420133,98.0,0,1350.0
538008115,1715034222,-31.297867,14.4242,98.0,0,1360.0
538008115,1715034346,-31.301849,14.428767,99.0,0,1360.0
538008115,1715034382,-31.303118,14.430333,99.0,0,1340.0
538008115,1715034502,-31.307167,14.434917,99.0,0,1330.0
538008115,1715034572,-31.309467,14.437517,100.0,0,1360.0
538008115,1715034623,-31.311132,14.4394,99.0,0,1370.0
538008115,1715034667,-31.3125,14.440933,98.0,0,1360.0
538008115,1715034693,-31.313467,14.442033,99.0,0,1350.0
538008115,1715034864,-31.319,14.4486,101.0,0,1330.0
538008115,1715034905,-31.320316,14.450167,100.0,0,1350.0
538008115,1715035074,-31.325832,14.4567,99.0,0,1340.0
538008115,1715035124,-31.3274,14.458633,100.0,0,1330.0
538008115,1715035136,-31.327784,14.459033,101.0,0,1340.0
538008115,1715035215,-31.330334,14.462117,100.0,0,1330.0
538008115,1715035264,-31.33205,14.4641,100.0,0,1340.0
538008115,1715035384,-31.335966,14.468617,100.0,0,1340.0
538008115,1715035471,-31.338934,14.471983,100.0,0,1340.0
538008115,1715035503,-31.339951,14.473183,99.0,0,1350.0
538008115,1715035826,-31.350582,14.485283,99.0,0,1350.0
538008115,1715035983,-31.3559,14.4914,101.0,0,1350.0
538008115,1715036042,-31.357967,14.493617,100.0,0,1350.0
538008115,1715036114,-31.36035,14.496283,100.0,0,1350.0
538008115,1715036124,-31.360634,14.49665,100.0,0,1350.0
538008115,1715036205,-31.363333,14.4997,100.0,0,1350.0
538008115,1715036274,-31.365667,14.5023,100.0,0,1350.0
538008115,1715036302,-31.36665,14.50345,100.0,0,1360.0
538008115,1715036362,-31.368633,14.505767,100.0,0,1340.0
538008115,1715036414,-31.370268,14.5077,99.0,0,1340.0
538008115,1715036643,-31.377968,14.5164,99.0,0,1340.0
538008115,1715036677,-31.379017,14.51755,100.0,0,1360.0
538008115,1715036736,-31.38105,14.519783,100.0,0,1360.0
538008115,1715036743,-31.38135,14.520117,100.0,0,1350.0
538008115,1715036803,-31.383383,14.522367,100.0,0,1370.0
538008115,1715036882,-31.386133,14.525383,99.0,0,1350.0
538008115,1715036911,-31.38715,14.526483,99.0,0,1360.0
538008115,1715036912,-31.38715,14.526483,99.0,0,1360.0
538008115,1715036920,-31.387501,14.526833,100.0,0,1370.0
538008115,1715036932,-31.387882,14.52725,99.0,0,1370.0
538008115,1715036950,-31.388468,14.527933,100.0,0,1360.0
538008115,1715036961,-31.388849,14.528317,99.0,0,1370.0
538008115,1715036962,-31.388849,14.528317,99.0,0,1370.0
538008115,1715036968,-31.388849,14.528317,99.0,0,1370.0
538008115,1715036971,-31.389151,14.528667,100.0,0,1360.0
538008115,1715036974,-31.389151,14.528667,100.0,0,1360.0
538008115,1715036991,-31.389833,14.529467,100.0,0,1360.0
538008115,1715036992,-31.389833,14.529467,100.0,0,1360.0
538008115,1715037001,-31.39015,14.529867,100.0,0,1360.0
538008115,1715037004,-31.39015,14.529867,100.0,0,1360.0
538008115,1715037022,-31.3908,14.530567,100.0,0,1370.0
538008115,1715037031,-31.391117,14.53095,100.0,0,1370.0
538008115,1715037117,-31.39385,14.533983,100.0,0,1360.0
538008115,1715037216,-31.397266,14.537733,99.0,0,1360.0
538008115,1715037293,-31.399782,14.540683,99.0,0,1340.0
538008115,1715037352,-31.401684,14.54295,99.0,0,1330.0
538008115,1715037363,-31.402117,14.543417,99.0,0,1340.0
538008115,1715037495,-31.406317,14.548217,97.0,0,1360.0
538008115,1715037535,-31.407667,14.549683,99.0,0,1380.0
538008115,1715037595,-31.4097,14.5519,98.0,0,1380.0
538008115,1715037742,-31.414682,14.557317,98.0,0,1360.0
538008115,1715037995,-31.423201,14.566383,99.0,0,1360.0
538008115,1715038072,-31.425833,14.569183,98.0,0,1380.0
538008115,1715038363,-31.435682,14.5795,98.0,0,1370.0
538008115,1715038504,-31.440367,14.5846,98.0,0,1360.0
538008115,1715038675,-31.446068,14.590883,98.0,0,1370.0
538008115,1715039335,-31.468149,14.6149,97.0,0,1350.0
538008115,1715039423,-31.471033,14.618183,98.0,0,1350.0
538008115,1715039433,-31.471399,14.618583,98.0,0,1360.0
538008115,1715039535,-31.474733,14.622283,98.0,0,1370.0
538008115,1715039667,-31.479,14.62695,98.0,0,1370.0
538008115,1715039813,-31.483967,14.632433,97.0,0,1360.0
538008115,1715039955,-31.488567,14.63755,97.0,0,1360.0
538008115,1715040055,-31.491783,14.641283,97.0,0,1370.0
538008115,1715040155,-31.49505,14.644933,97.0,0,1350.0
538008115,1715040275,-31.498882,14.6494,97.0,0,1330.0
538008115,1715040344,-31.50115,14.652,97.0,0,1350.0
538008115,1715040356,-31.50145,14.6524,97.0,0,1340.0
538008115,1715040553,-31.507784,14.659783,97.0,0,1340.0
538008115,1715040764,-31.514433,14.6678,97.0,0,1350.0
538008115,1715040892,-31.518633,14.672583,96.0,0,1360.0
538008115,1715040918,-31.5193,14.6733,97.0,0,1370.0
538008115,1715040924,-31.519617,14.673683,97.0,0,1350.0
538008115,1715041076,-31.5245,14.67915,98.0,0,1370.0
538008115,1715041347,-31.533283,14.6891,97.0,0,1370.0
538008115,1715041486,-31.537901,14.694267,97.0,0,1370.0
538008115,1715041792,-31.548018,14.705517,98.0,0,1350.0
538008115,1715041877,-31.550632,14.7085,98.0,0,1330.0
538008115,1715041986,-31.554317,14.712533,97.0,0,1350.0
538008115,1715042072,-31.557283,14.715833,98.0,0,1370.0
538008115,1715042503,-31.5714,14.731483,97.0,0,1350.0
538008115,1715042732,-31.579082,14.740117,99.0,0,1350.0
538008115,1715042915,-31.584999,14.746733,98.0,0,1350.0
538008115,1715042955,-31.586367,14.7482,99.0,0,1380.0
538008115,1715043015,-31.58835,14.750467,98.0,0,1360.0
538008115,1715043073,-31.59025,14.752683,98.0,0,1350.0
538008115,1715043423,-31.602034,14.765467,98.0,0,1370.0
538008115,1715043886,-31.6171,14.782417,98.0,0,1360.0
538008115,1715043932,-31.61875,14.784183,98.0,0,1380.0
538008115,1715044053,-31.622749,14.788567,98.0,0,1380.0
538008115,1715044214,-31.628,14.794417,96.0,0,1380.0
538008115,1715044353,-31.632618,14.799583,97.0,0,1360.0
538008115,1715044486,-31.63685,14.804367,98.0,0,1360.0
538008115,1715044605,-31.640734,14.808767,97.0,0,1350.0
538008115,1715044775,-31.646317,14.814917,98.0,0,1360.0
538008115,1715044786,-31.646717,14.81535,98.0,0,1370.0
538008115,1715044933,-31.651533,14.820933,97.0,0,1340.0
538008115,1715045164,-31.659082,14.829383,97.0,0,1380.0
538008115,1715045212,-31.660667,14.831117,97.0,0,1360.0
538008115,1715045273,-31.662683,14.833333,97.0,0,1360.0
538008115,1715045335,-31.6647,14.835483,97.0,0,1360.0
538008115,1715045435,-31.668068,14.839167,98.0,0,1360.0
538008115,1715045443,-31.668417,14.839533,98.0,0,1370.0
538008115,1715045783,-31.679832,14.851733,98.0,0,1370.0
538008115,1715045836,-31.681534,14.8536,98.0,0,1370.0
538008115,1715045885,-31.683201,14.855467,98.0,0,1370.0
538008115,1715046012,-31.687532,14.86015,97.0,0,1360.0
538008115,1715046097,-31.690184,14.862917,97.0,0,1370.0
538008115,1715046162,-31.692568,14.86545,98.0,0,1380.0
538008115,1715046276,-31.696266,14.869383,98.0,0,1390.0
538008115,1715046343,-31.698668,14.8719,98.0,0,1380.0
538008115,1715046425,-31.701349,14.874767,97.0,0,1370.0
538008115,1715046476,-31.702999,14.876517,97.0,0,1370.0
538008115,1715046561,-31.706017,14.879667,97.0,0,1390.0
538008115,1715046593,-31.707001,14.880733,97.0,0,1370.0
538008115,1715046884,-31.716818,14.891083,97.0,0,1370.0
538008115,1715046984,-31.720133,14.894767,98.0,0,1370.0
538008115,1715047114,-31.724367,14.899617,97.0,0,1360.0
538008115,1715047254,-31.729,14.904767,97.0,0,1360.0
538008115,1715047402,-31.733868,14.910183,97.0,0,1360.0
538008115,1715047493,-31.736767,14.913433,97.0,0,1350.0
538008115,1715047764,-31.745667,14.923317,97.0,0,1350.0
538008115,1715047984,-31.752899,14.93155,98.0,0,1360.0
538008115,1715048185,-31.759333,14.939033,97.0,0,1340.0
538008115,1715048254,-31.761583,14.941633,98.0,0,1360.0
538008115,1715048263,-31.761932,14.942067,98.0,0,1340.0
538008115,1715048333,-31.764168,14.944683,99.0,0,1340.0
538008115,1715048367,-31.765182,14.945867,98.0,0,1360.0
538008115,1715048542,-31.770918,14.952667,98.0,0,1330.0
538008115,1715048576,-31.7719,14.953833,97.0,0,1330.0
538008115,1715048663,-31.77475,14.9573,98.0,0,1330.0
538008115,1715048769,-31.777933,14.961017,98.0,0,1360.0
538008115,1715048784,-31.778566,14.961783,98.0,0,1340.0
538008115,1715048884,-31.781834,14.965583,97.0,0,1350.0
538008115,1715048894,-31.78215,14.96595,97.0,0,1340.0
538008115,1715048993,-31.785282,14.969633,97.0,0,1340.0
538008115,1715049961,-31.815884,15.0065,97.0,0,1370.0
538008115,1715050035,-31.818251,15.009017,98.0,0,1360.0
538008115,1715050133,-31.821632,15.012633,98.0,0,1360.0
538008115,1715050432,-31.83185,15.0235,99.0,0,1360.0
538008115,1715050471,-31.833166,15.02505,100.0,0,1350.0
538008115,1715050841,-31.845818,15.038717,100.0,0,1370.0
538008115,1715050991,-31.851,15.044117,99.0,0,1370.0
538008115,1715051113,-31.855083,15.048417,99.0,0,1380.0
538008115,1715051234,-31.8592,15.052783,100.0,0,1370.0
538008115,1715051372,-31.86405,15.057833,99.0,0,1380.0
538008115,1715051522,-31.869101,15.063333,99.0,0,1380.0
538008115,1715051553,-31.87015,15.06445,97.0,0,1370.0
538008115,1715051733,-31.876232,15.07105,98.0,0,1370.0
538008115,1715052012,-31.885567,15.0813,98.0,0,1380.0
538008115,1715052133,-31.889618,15.085683,99.0,0,1380.0
538008115,1715052853,-31.913334,15.11305,98.0,0,1340.0
538008115,1715053394,-31.9312,15.1334,99.0,0,1380.0
538008115,1715053605,-31.938417,15.141233,100.0,0,1380.0
538008115,1715053664,-31.940468,15.14345,100.0,0,1360.0
538008115,1715053754,-31.943567,15.14675,100.0,0,1390.0
538008115,1715053773,-31.94425,15.1475,100.0,0,1360.0
538008115,1715053954,-31.950382,15.154233,100.0,0,1370.0
538008115,1715055082,-31.985468,15.193217,99.0,0,1340.0
538008115,1715055225,-31.99325,15.201983,99.0,0,1350.0
538008115,1715055365,-31.997999,15.207383,100.0,0,1350.0
538008115,1715055533,-32.00375,15.213717,99.0,0,1350.0
538008115,1715055583,-32.005451,15.21565,99.0,0,1350.0
538008115,1715055763,-32.011452,15.222433,96.0,0,1360.0
538008115,1715055872,-32.015202,15.226467,97.0,0,1360.0
538008115,1715056293,-32.028969,15.242267,98.0,0,1340.0
538008115,1715056334,-32.030266,15.243767,98.0,0,1340.0
538008115,1715056443,-32.033852,15.247917,98.0,0,1350.0
538008115,1715056773,-32.044682,15.260583,98.0,0,1340.0
538008115,1715056982,-32.051533,15.268667,99.0,0,1350.0
538008115,1715057154,-32.057167,15.275183,100.0,0,1340.0
538008115,1715057273,-32.061199,15.2798,99.0,0,1350.0
538008115,1715057374,-32.064533,15.283633,99.0,0,1360.0
538008115,1715057534,-32.069866,15.289833,99.0,0,1360.0
538008115,1715057833,-32.079681,15.301267,98.0,0,1350.0
538008115,1715058112,-32.088917,15.311617,98.0,0,1360.0
538008115,1715058215,-32.092232,15.3153,98.0,0,1370.0
538008115,1715059713,-32.141933,15.372417,100.0,0,1330.0
538008115,1715059833,-32.14595,15.3771,100.0,0,1350.0
538008115,1715060003,-32.151649,15.383733,101.0,0,1340.0
538008115,1715060072,-32.153984,15.386467,101.0,0,1340.0
538008115,1715061164,-32.190884,15.429017,101.0,0,1350.0
538008115,1715061435,-32.200382,15.439283,100.0,0,1360.0
538008115,1715061577,-32.205318,15.444617,101.0,0,1390.0
538008115,1715061584,-32.205616,15.444983,101.0,0,1370.0
538008115,1715061774,-32.212185,15.452167,101.0,0,1370.0
538008115,1715061863,-32.215401,15.455683,101.0,0,1370.0
538008115,1715061896,-32.216385,15.4568,101.0,0,1360.0
538008115,1715061932,-32.217731,15.4583,101.0,0,1370.0
538008115,1715061964,-32.218735,15.459417,101.0,0,1370.0
538008115,1715062074,-32.222649,15.46365,101.0,0,1370.0
538008115,1715062185,-32.226566,15.467767,101.0,0,1360.0
538008115,1715062293,-32.23045,15.471917,101.0,0,1370.0
538008115,1715062434,-32.235432,15.477183,101.0,0,1370.0
538008115,1715062563,-32.240032,15.481967,102.0,0,1380.0
538008115,1715062603,-32.241467,15.48355,102.0,0,1370.0
538008115,1715062785,-32.247818,15.490517,102.0,0,1370.0
538008115,1715062962,-32.254166,15.4974,102.0,0,1370.0
538008115,1715063084,-32.258385,15.502067,102.0,0,1360.0
538008115,1715063184,-32.261917,15.505917,102.0,0,1360.0
538008115,1715063283,-32.2654,15.509783,102.0,0,1360.0
538008115,1715063352,-32.267899,15.512467,103.0,0,1370.0
538008115,1715063473,-32.272167,15.517117,103.0,0,1370.0
538008115,1715063722,-32.281033,15.526733,103.0,0,1350.0
538008115,1715063823,-32.284599,15.53065,103.0,0,1360.0
538008115,1715063863,-32.286018,15.532217,103.0,0,1370.0
538008115,1715063903,-32.287399,15.533733,103.0,0,1360.0
538008115,1715064057,-32.292751,15.5396,103.0,0,1370.0
538008115,1715064185,-32.297382,15.54465,103.0,0,1370.0
538008115,1715064323,-32.302299,15.5501,103.0,0,1360.0
538008115,1715064634,-32.313068,15.562517,103.0,0,1340.0
538008115,1715064818,-32.319233,15.569817,103.0,0,1350.0
538008115,1715064864,-32.320915,15.571783,104.0,0,1360.0
538008115,1715064884,-32.321651,15.572717,103.0,0,1330.0
538008115,1715065015,-32.326,15.577933,103.0,0,1340.0
538008115,1715065691,-32.349518,15.605633,104.0,0,1360.0
538008115,1715065792,-32.353168,15.609617,104.0,0,1380.0
538008115,1715065853,-32.355331,15.611967,104.0,0,1380.0
538008115,1715066163,-32.366383,15.624117,105.0,0,1370.0
538008115,1715066242,-32.369251,15.627283,104.0,0,1360.0
538008115,1715066415,-32.375351,15.63405,104.0,0,1370.0
538008115,1715066631,-32.383266,15.642517,104.0,0,1370.0
538008115,1715066656,-32.384018,15.643267,104.0,0,1380.0
538008115,1715066884,-32.392399,15.65205,103.0,0,1360.0
538008115,1715067034,-32.397751,15.657867,103.0,0,1360.0
538008115,1715067206,-32.403831,15.664367,103.0,0,1360.0
538008115,1715067396,-32.410583,15.671717,103.0,0,1350.0
538008115,1715067518,-32.414768,15.676367,101.0,0,1350.0
538008115,1715067574,-32.416882,15.67875,102.0,0,1350.0
538008115,1715067666,-32.420017,15.6822,102.0,0,1370.0
538008115,1715067917,-32.428719,15.691933,102.0,0,1350.0
538008115,1715068065,-32.433998,15.697783,102.0,0,1360.0
538008115,1715068078,-32.434418,15.6982,103.0,0,1370.0
538008115,1715068306,-32.442402,15.707133,101.0,0,1360.0
538008115,1715068366,-32.444431,15.709467,102.0,0,1360.0
538008115,1715068482,-32.448551,15.7142,101.0,0,1350.0
538008115,1715068564,-32.451351,15.717383,100.0,0,1370.0
538008115,1715068741,-32.457584,15.724433,103.0,0,1350.0
538008115,1715068742,-32.457584,15.724433,103.0,0,1350.0
538008115,1715068791,-32.459282,15.726367,102.0,0,1350.0
538008115,1715068806,-32.459648,15.7268,102.0,0,1350.0
538008115,1715068885,-32.462418,15.729983,102.0,0,1340.0
538008115,1715068951,-32.464767,15.73275,103.0,0,1340.0
538008115,1715068982,-32.465851,15.733983,103.0,0,1360.0
538008115,1715068991,-32.466148,15.73435,103.0,0,1350.0
538008115,1715069002,-32.466518,15.734817,102.0,0,1320.0
538008115,1715069011,-32.466831,15.735183,103.0,0,1330.0
538008115,1715069071,-32.468899,15.737583,103.0,0,1350.0
538008115,1715069111,-32.470348,15.739183,103.0,0,1370.0
538008115,1715069112,-32.470348,15.739183,103.0,0,1370.0
538008115,1715069122,-32.470669,15.7396,103.0,0,1360.0
538008115,1715069131,-32.471016,15.739983,103.0,0,1360.0
538008115,1715069133,-32.471016,15.739983,103.0,0,1360.0
538008115,1715069162,-32.472118,15.7412,103.0,0,1360.0
538008115,1715069171,-32.472382,15.741517,103.0,0,1360.0
538008115,1715069200,-32.473366,15.7427,103.0,0,1350.0
538008115,1715069222,-32.474133,15.743567,103.0,0,1350.0
538008115,1715069231,-32.474434,15.743933,102.0,0,1350.0
538008115,1715069251,-32.475132,15.74475,103.0,0,1330.0
538008115,1715069271,-32.475784,15.745567,104.0,0,1330.0
538008115,1715069282,-32.4762,15.746017,102.0,0,1350.0
538008115,1715069291,-32.476467,15.74635,102.0,0,1350.0
538008115,1715069302,-32.476849,15.746783,102.0,0,1350.0
538008115,1715069311,-32.47715,15.747133,102.0,0,1350.0
538008115,1715069316,-32.47715,15.747133,102.0,0,1350.0
538008115,1715069342,-32.478199,15.748417,102.0,0,1350.0
538008115,1715069351,-32.478516,15.74875,102.0,0,1350.0
538008115,1715069362,-32.478916,15.749183,102.0,0,1360.0
538008115,1715069923,-32.498249,15.7713,103.0,0,1360.0
538008115,1715070115,-32.504833,15.77885,103.0,0,1350.0
538008115,1715070175,-32.506882,15.781217,104.0,0,1350.0
538008115,1715070192,-32.507618,15.782033,103.0,0,1370.0
538008115,1715070225,-32.508598,15.7832,102.0,0,1350.0
538008115,1715070295,-32.511017,15.785983,103.0,0,1370.0
538008115,1715070375,-32.513783,15.789217,102.0,0,1370.0
538008115,1715070525,-32.518818,15.795217,103.0,0,1350.0
538008115,1715070745,-32.52615,15.8041,102.0,0,1320.0
538008115,1715070824,-32.528885,15.80735,102.0,0,1340.0
538008115,1715070845,-32.529568,15.80815,101.0,0,1350.0
538008115,1715070957,-32.533283,15.812617,102.0,0,1340.0
538008115,1715071006,-32.53495,15.8146,101.0,0,1350.0
538008115,1715071138,-32.539299,15.819883,102.0,0,1350.0
538008115,1715071165,-32.540318,15.821117,103.0,0,1350.0
538008115,1715071206,-32.541683,15.82275,102.0,0,1340.0
538008115,1715071273,-32.544033,15.825533,103.0,0,1350.0
538008115,1715071523,-32.552567,15.835667,102.0,0,1350.0
538008115,1715071787,-32.561283,15.846117,102.0,0,1330.0
538008115,1715071845,-32.563251,15.8486,102.0,0,1330.0
538008115,1715072015,-32.569,15.855583,102.0,0,1340.0
538008115,1715072182,-32.574615,15.8625,103.0,0,1340.0
538008115,1715072263,-32.577435,15.865667,102.0,0,1360.0
538008115,1715072353,-32.580616,15.869083,102.0,0,1380.0
538008115,1715072474,-32.584782,15.87375,101.0,0,1360.0
538008115,1715072535,-32.586884,15.876083,102.0,0,1360.0
538008115,1715072719,-32.593182,15.882883,101.0,0,1360.0
538008115,1715072737,-32.593899,15.883633,101.0,0,1380.0
538008115,1715072766,-32.595032,15.884833,101.0,0,1370.0
538008115,1715072987,-32.602615,15.8932,101.0,0,1350.0
538008115,1715073073,-32.605782,15.896633,101.0,0,1360.0
538008115,1715073153,-32.608665,15.899667,101.0,0,1380.0
538008115,1715073275,-32.6129,15.904183,100.0,0,1370.0
538008115,1715073482,-32.620152,15.912133,101.0,0,1370.0
538008115,1715073683,-32.627167,15.919933,101.0,0,1380.0
538008115,1715073783,-32.630718,15.92365,101.0,0,1390.0
538008115,1715073826,-32.632118,15.925167,101.0,0,1380.0
538008115,1715073943,-32.636318,15.929667,101.0,0,1370.0
538008115,1715073952,-32.636665,15.930067,101.0,0,1370.0
538008115,1715074022,-32.639118,15.932717,101.0,0,1360.0
538008115,1715074057,-32.640182,15.933833,101.0,0,1390.0
538008115,1715074184,-32.644749,15.938783,100.0,0,1370.0
538008115,1715074193,-32.645065,15.939133,101.0,0,1370.0
538008115,1715074295,-32.648548,15.943017,101.0,0,1360.0
538008115,1715074391,-32.651932,15.946833,100.0,0,1360.0
538008115,1715074401,-32.652317,15.947267,100.0,0,1360.0
538008115,1715074431,-32.653316,15.948333,101.0,0,1370.0
538008115,1715074463,-32.6544,15.949517,101.0,0,1380.0
538008115,1715074471,-32.654751,15.949883,101.0,0,1390.0
538008115,1715074490,-32.655418,15.950583,101.0,0,1380.0
538008115,1715074521,-32.656467,15.951717,100.0,0,1380.0
538008115,1715074533,-32.656799,15.9521,100.0,0,1380.0
538008115,1715074571,-32.658199,15.953683,100.0,0,1380.0
538008115,1715074581,-32.658566,15.954033,101.0,0,1380.0
538008115,1715074611,-32.659569,15.95515,100.0,0,1370.0
538008115,1715074620,-32.659901,15.955517,100.0,0,1380.0
538008115,1715074631,-32.660252,15.9559,101.0,0,1370.0
538008115,1715074661,-32.661316,15.957083,101.0,0,1360.0
538008115,1715074671,-32.661633,15.957433,101.0,0,1370.0
538008115,1715074673,-32.661633,15.957433,101.0,0,1370.0
538008115,1715074680,-32.661983,15.957817,101.0,0,1370.0
538008115,1715074681,-32.661983,15.957817,101.0,0,1370.0
538008115,1715074711,-32.663017,15.958967,101.0,0,1370.0
538008115,1715074755,-32.664417,15.960533,101.0,0,1350.0
538008115,1715074770,-32.665085,15.96125,100.0,0,1370.0
538008115,1715074771,-32.665085,15.96125,100.0,0,1370.0
538008115,1715074782,-32.665466,15.961667,101.0,0,1370.0
538008115,1715074791,-32.665768,15.962033,101.0,0,1360.0
538008115,1715074811,-32.666485,15.96285,101.0,0,1360.0
538008115,1715074812,-32.666485,15.96285,101.0,0,1360.0
538008115,1715074821,-32.666801,15.963183,100.0,0,1370.0
538008115,1715074822,-32.666801,15.963183,100.0,0,1370.0
538008115,1715074830,-32.667118,15.963533,101.0,0,1370.0
538008115,1715074831,-32.667118,15.963533,101.0,0,1370.0
538008115,1715074840,-32.667484,15.96395,101.0,0,1350.0
538008115,1715074841,-32.667484,15.96395,101.0,0,1350.0
538008115,1715074851,-32.66785,15.964383,101.0,0,1360.0
538008115,1715074872,-32.668568,15.965133,101.0,0,1370.0
538008115,1715074881,-32.668919,15.965517,101.0,0,1360.0
538008115,1715074890,-32.669231,15.965867,100.0,0,1360.0
538008115,1715074891,-32.669231,15.965867,100.0,0,1360.0
538008115,1715074900,-32.669567,15.96625,101.0,0,1360.0
538008115,1715074911,-32.669899,15.96665,101.0,0,1360.0
538008115,1715074913,-32.669899,15.96665,101.0,0,1360.0
538008115,1715075053,-32.674717,15.972133,101.0,0,1350.0
538008115,1715075103,-32.676418,15.974,101.0,0,1370.0
538008115,1715075116,-32.6768,15.974433,101.0,0,1360.0
538008115,1715075443,-32.688118,15.98725,101.0,0,1350.0
538008115,1715075625,-32.694366,15.994367,102.0,0,1360.0
538008115,1715076203,-32.713383,16.01815,102.0,0,1310.0
538008115,1715076335,-32.717567,16.023617,102.0,0,1320.0
538008115,1715076349,-32.717884,16.024033,102.0,0,1320.0
538008115,1715076436,-32.720798,16.027884,102.0,0,1320.0
538008115,1715076564,-32.724918,16.033333,101.0,0,1310.0
538008115,1715076943,-32.736984,16.049133,100.0,0,1310.0
538008115,1715076984,-32.738266,16.050867,100.0,0,1310.0
538008115,1715077055,-32.740417,16.053766,99.0,0,1320.0
538008115,1715077364,-32.750401,16.066383,101.0,0,1330.0
538008115,1715077645,-32.759399,16.077667,99.0,0,1340.0
538008115,1715077693,-32.761066,16.079651,99.0,0,1340.0
538008115,1715077803,-32.764683,16.084017,100.0,0,1340.0
538008115,1715078083,-32.773869,16.0952,100.0,0,1340.0
538008115,1715078315,-32.781384,16.104418,100.0,0,1340.0
538008115,1715078426,-32.785034,16.108717,100.0,0,1360.0
538008115,1715078484,-32.787033,16.111134,100.0,0,1340.0
538008115,1715078610,-32.790932,16.115883,100.0,0,1330.0
538008115,1715078624,-32.791599,16.116667,100.0,0,1350.0
538008115,1715078683,-32.793617,16.119083,101.0,0,1360.0
538008115,1715078792,-32.794582,16.120234,100.0,0,1340.0
538008115,1715078975,-32.80315,16.130516,100.0,0,1340.0
538008115,1715078981,-32.803482,16.130917,100.0,0,1330.0
538008115,1715079087,-32.806816,16.134884,100.0,0,1350.0
538008115,1715079115,-32.8078,16.136084,100.0,0,1340.0
538008115,1715079185,-32.810101,16.138866,100.0,0,1340.0
538008115,1715079792,-32.83025,16.162951,100.0,0,1330.0
538008115,1715079856,-32.832184,16.165382,100.0,0,1330.0
538008115,1715079993,-32.836498,16.171118,100.0,0,1310.0
538008115,1715080016,-32.837185,16.172033,100.0,0,1310.0
538008115,1715080226,-32.843868,16.180717,101.0,0,1320.0
538008115,1715080236,-32.844131,16.181032,101.0,0,1330.0
538008115,1715080305,-32.846451,16.184,100.0,0,1320.0
538008115,1715080316,-32.846748,16.184418,101.0,0,1320.0
538008115,1715080575,-32.855034,16.195118,102.0,0,1330.0
538008115,1715080835,-32.863701,16.20575,102.0,0,1350.0
538008115,1715080874,-32.864983,16.207367,102.0,0,1340.0
538008115,1715081033,-32.870316,16.214067,103.0,0,1320.0
538008115,1715081142,-32.874001,16.218599,103.0,0,1350.0
538008115,1715081206,-32.876049,16.220917,103.0,0,1370.0
538008115,1715081306,-32.879532,16.22505,103.0,0,1350.0
538008115,1715081315,-32.879833,16.225416,103.0,0,1340.0
538008115,1715081364,-32.88155,16.227533,103.0,0,1340.0
538008115,1715081374,-32.881901,16.227934,104.0,0,1340.0
538008115,1715081425,-32.883617,16.229982,104.0,0,1340.0
538008115,1715081756,-32.8951,16.243401,105.0,0,1350.0
538008115,1715081876,-32.899151,16.248367,105.0,0,1310.0
538008115,1715081966,-32.902168,16.252251,105.0,0,1320.0
538008115,1715082034,-32.904449,16.255182,105.0,0,1310.0
538008115,1715082123,-32.907482,16.2591,103.0,0,1330.0
538008115,1715082204,-32.910034,16.2624,103.0,0,1320.0
538008115,1715082315,-32.91375,16.266916,104.0,0,1360.0
538008115,1715082434,-32.917885,16.271833,103.0,0,1340.0
538008115,1715082735,-32.928066,16.284,103.0,0,1330.0
538008115,1715083014,-32.937534,16.295082,99.0,0,1330.0
538008115,1715083039,-32.938148,16.295918,99.0,0,1310.0
538008115,1715083045,-32.93845,16.296333,100.0,0,1300.0
538008115,1715083153,-32.941799,16.300882,100.0,0,1310.0
538008115,1715083213,-32.943733,16.303368,100.0,0,1330.0
538008115,1715083513,-32.952866,16.3158,99.0,0,1300.0
538008115,1715083643,-32.956917,16.321068,99.0,0,1320.0
538008115,1715083673,-32.957851,16.322283,99.0,0,1330.0
538008115,1715083813,-32.962215,16.327932,99.0,0,1330.0
538008115,1715083925,-32.965698,16.332283,100.0,0,1340.0
538008115,1715084103,-32.971283,16.339701,99.0,0,1300.0
538008115,1715084193,-32.974068,16.343399,100.0,0,1310.0
538008115,1715084276,-32.9767,16.346718,101.0,0,1330.0
538008115,1715084404,-32.980717,16.351917,100.0,0,1310.0
538008115,1715084497,-32.983532,16.355499,100.0,0,1320.0
538008115,1715084514,-32.984219,16.356417,100.0,0,1320.0
538008115,1715084602,-32.987118,16.359983,101.0,0,1340.0
538008115,1715084656,-32.98875,16.361982,100.0,0,1340.0
538008115,1715084714,-32.990719,16.364367,99.0,0,1330.0
538008115,1715084817,-32.99395,16.368418,100.0,0,1330.0
538008115,1715084897,-32.996582,16.371683,100.0,0,1330.0
538008115,1715085065,-33.002151,16.378483,100.0,0,1350.0
538008115,1715085154,-33.005066,16.382133,101.0,0,1330.0
538008115,1715085314,-33.010265,16.388599,100.0,0,1330.0
538008115,1715085455,-33.014751,16.394382,101.0,0,1320.0
538008115,1715085525,-33.016983,16.397367,101.0,0,1290.0
538008115,1715085811,-33.026134,16.409582,102.0,0,1300.0
538008115,1715085864,-33.027718,16.411734,102.0,0,1310.0
538008115,1715085894,-33.028732,16.413033,102.0,0,1320.0
538008115,1715086094,-33.034985,16.42165,103.0,0,1300.0
538008115,1715086126,-33.035934,16.422899,104.0,0,1310.0
538008115,1715086155,-33.036865,16.4242,103.0,0,1300.0
538008115,1715086436,-33.045967,16.436382,105.0,0,1310.0
538008115,1715086633,-33.052685,16.445017,106.0,0,1330.0
538008115,1715086693,-33.054699,16.447634,105.0,0,1320.0
538008115,1715086813,-33.0588,16.452917,107.0,0,1330.0
538008115,1715086865,-33.060467,16.455067,106.0,0,1320.0
538008115,1715086903,-33.061749,16.456818,106.0,0,1320.0
538008115,1715086985,-33.064419,16.4604,107.0,0,1320.0
538008115,1715087064,-33.067116,16.4639,105.0,0,1330.0
538008115,1715087120,-33.068817,16.466101,106.0,0,1320.0
538008115,1715087143,-33.069801,16.467382,105.0,0,1320.0
538008115,1715087246,-33.073051,16.47175,105.0,0,1300.0
538008115,1715087325,-33.075634,16.475317,106.0,0,1290.0
538008115,1715087443,-33.079617,16.4806,105.0,0,1320.0
538008115,1715087465,-33.080284,16.481483,106.0,0,1320.0
538008115,1715087577,-33.084034,16.48625,107.0,0,1330.0
538008115,1715087675,-33.087482,16.490517,107.0,0,1330.0
538008115,1715087804,-33.091885,16.49605,106.0,0,1330.0
538008115,1715087913,-33.095718,16.500732,106.0,0,1330.0
538008115,1715088035,-33.099682,16.506033,107.0,0,1310.0
538008115,1715088243,-33.106499,16.515417,107.0,0,1300.0
538008115,1715088325,-33.109081,16.519033,107.0,0,1300.0
538008115,1715088826,-33.126068,16.5408,106.0,0,1320.0
538008115,1715088936,-33.129902,16.5455,106.0,0,1340.0
538008115,1715089053,-33.134033,16.550568,106.0,0,1330.0
538008115,1715089103,-33.135818,16.552816,106.0,0,1330.0
538008115,1715089213,-33.1395,16.557516,107.0,0,1330.0
538008115,1715089234,-33.140182,16.558468,106.0,0,1310.0
538008115,1715089355,-33.144249,16.563583,107.0,0,1340.0
538008115,1715089515,-33.149883,16.570467,107.0,0,1350.0
538008115,1715089593,-33.152618,16.573933,107.0,0,1320.0
538008115,1715089614,-33.153301,16.5748,107.0,0,1320.0
538008115,1715089665,-33.154984,16.577183,106.0,0,1290.0
538008115,1715089704,-33.156235,16.578951,107.0,0,1290.0
538008115,1715090155,-33.171017,16.599333,109.0,0,1300.0
538008115,1715090304,-33.176048,16.606182,105.0,0,1320.0
538008115,1715090425,-33.178967,16.61025,108.0,0,1300.0
538008115,1715090595,-33.185398,16.619633,109.0,0,1280.0
538008115,1715090733,-33.190117,16.626133,109.0,0,1340.0
538008115,1715090784,-33.191868,16.628233,110.0,0,1340.0
538008115,1715090843,-33.194035,16.6308,109.0,0,1340.0
538008115,1715090962,-33.198349,16.635918,109.0,0,1340.0
538008115,1715091082,-33.202549,16.641233,109.0,0,1330.0
538008115,1715091236,-33.207867,16.647833,109.0,0,1340.0
538008115,1715091244,-33.208199,16.648199,109.0,0,1350.0
538008115,1715091525,-33.218349,16.660383,109.0,0,1340.0
538008115,1715091883,-33.231117,16.676001,109.0,0,1340.0
538008115,1715091893,-33.231468,16.676434,109.0,0,1340.0
538008115,1715091943,-33.233284,16.67865,109.0,0,1330.0
538008115,1715092104,-33.238918,16.685633,109.0,0,1330.0
538008115,1715092194,-33.242001,16.68955,109.0,0,1310.0
538008115,1715092214,-33.242699,16.690416,109.0,0,1330.0
538008115,1715092315,-33.246216,16.694834,108.0,0,1330.0
538008115,1715092414,-33.249718,16.699133,108.0,0,1350.0
538008115,1715092501,-33.252834,16.703051,108.0,0,1330.0
538008115,1715092604,-33.256332,16.707451,109.0,0,1320.0
538008115,1715092733,-33.260769,16.7132,107.0,0,1330.0
538008115,1715092815,-33.263535,16.7167,109.0,0,1330.0
538008115,1715092930,-33.267349,16.721451,108.0,0,1330.0
538008115,1715093195,-33.276852,16.73315,107.0,0,1330.0
538008115,1715093264,-33.279331,16.736217,108.0,0,1330.0
538008115,1715093305,-33.28075,16.737932,107.0,0,1340.0
538008115,1715093456,-33.285999,16.744316,107.0,0,1320.0
538008115,1715093701,-33.294682,16.755083,108.0,0,1340.0
538008115,1715093821,-33.298901,16.760233,109.0,0,1330.0
538008115,1715093854,-33.299969,16.761534,109.0,0,1330.0
538008115,1715093933,-33.302849,16.764999,109.0,0,1350.0
538008115,1715094203,-33.312351,16.776733,109.0,0,1340.0
538008115,1715094314,-33.316216,16.781366,109.0,0,1330.0
538008115,1715094477,-33.321651,16.788549,108.0,0,1310.0
538008115,1715094793,-33.332199,16.802799,107.0,0,1310.0
538008115,1715095514,-33.356419,16.835033,107.0,0,1320.0
538008115,1715096117,-33.377117,16.861032,107.0,0,1350.0
538008115,1715096144,-33.378132,16.862267,106.0,0,1340.0
538008115,1715096203,-33.377117,16.861032,107.0,0,1350.0
538008115,1715096254,-33.382015,16.866867,106.0,0,1360.0
538008115,1715096483,-33.389969,16.876551,106.0,0,1350.0
538008115,1715096823,-33.401402,16.891083,105.0,0,1330.0
538008115,1715096934,-33.405182,16.89575,106.0,0,1340.0
538008115,1715097145,-33.412151,16.904751,105.0,0,1310.0
538008115,1715097582,-33.426933,16.92375,106.0,0,1310.0
538008115,1715097654,-33.429234,16.926733,105.0,0,1320.0
538008115,1715097854,-33.435966,16.935417,105.0,0,1320.0
538008115,1715097901,-33.437283,16.937067,105.0,0,1320.0
538008115,1715098034,-33.442017,16.942949,105.0,0,1340.0
538008115,1715098085,-33.443748,16.945133,105.0,0,1330.0
538008115,1715098196,-33.447533,16.9498,106.0,0,1330.0
538008115,1715098313,-33.451618,16.954918,105.0,0,1320.0
538008115,1715098381,-33.453651,16.9575,106.0,0,1330.0
538008115,1715098439,-33.455685,16.960117,105.0,0,1320.0
538008115,1715098474,-33.457016,16.961832,106.0,0,1320.0
538008115,1715098502,-33.458,16.96315,106.0,0,1310.0
538008115,1715098511,-33.458302,16.963551,106.0,0,1310.0
538008115,1715098562,-33.459999,16.965733,106.0,0,1320.0
538008115,1715099037,-33.475883,16.986317,107.0,0,1340.0
538008115,1715099066,-33.476967,16.987617,106.0,0,1340.0
538008115,1715099273,-33.4841,16.996599,106.0,0,1320.0
538008115,1715099455,-33.490234,17.004267,106.0,0,1340.0
538008115,1715099514,-33.492268,17.006832,105.0,0,1330.0
538008115,1715099595,-33.494968,17.01025,105.0,0,1340.0
538008115,1715099633,-33.496319,17.01195,105.0,0,1330.0
538008115,1715099874,-33.504398,17.022217,105.0,0,1340.0
538008115,1715100066,-33.510799,17.030399,106.0,0,1330.0
538008115,1715100126,-33.512833,17.032984,106.0,0,1320.0
538008115,1715100225,-33.516216,17.0373,106.0,0,1320.0
538008115,1715100444,-33.523731,17.046833,107.0,0,1320.0
538008115,1715100663,-33.531166,17.056334,107.0,0,1330.0
538008115,1715100995,-33.542183,17.07095,106.0,0,1330.0
538008115,1715101054,-33.544201,17.073668,106.0,0,1320.0
538008115,1715101783,-33.568699,17.104782,106.0,0,1340.0
538008115,1715102055,-33.578117,17.116083,107.0,0,1350.0
538008115,1715102253,-33.585201,17.12455,106.0,0,1340.0
538008115,1715102284,-33.58625,17.125834,107.0,0,1330.0
538008115,1715102343,-33.588367,17.128416,107.0,0,1340.0
538008115,1715102355,-33.588669,17.128817,107.0,0,1330.0
538008115,1715102455,-33.592083,17.133183,107.0,0,1330.0
538008115,1715102464,-33.592468,17.133667,106.0,0,1330.0
538008115,1715102654,-33.598885,17.141951,107.0,0,1340.0
538008115,1715102854,-33.605682,17.150833,107.0,0,1320.0
538008115,1715102884,-33.606731,17.152233,107.0,0,1320.0
538008115,1715103663,-33.633018,17.185949,105.0,0,1320.0
538008115,1715103785,-33.636967,17.191151,104.0,0,1310.0
538008115,1715103862,-33.639519,17.194517,104.0,0,1310.0
538008115,1715103980,-33.64315,17.199383,103.0,0,1310.0
538008115,1715104135,-33.648281,17.206232,103.0,0,1300.0
538008115,1715104357,-33.655334,17.215717,101.0,0,1320.0
538008115,1715104366,-33.655651,17.216133,102.0,0,1320.0
538008115,1715104385,-33.656265,17.216932,102.0,0,1320.0
538008115,1715104506,-33.660084,17.222082,101.0,0,1300.0
538008115,1715104652,-33.664833,17.228434,101.0,0,1310.0
538008115,1715104734,-33.667366,17.2318,103.0,0,1310.0
538008115,1715104838,-33.669601,17.234751,100.0,0,1310.0
538008115,1715104936,-33.673698,17.240299,102.0,0,1310.0
538008115,1715105009,-33.6759,17.243317,101.0,0,1300.0
538008115,1715105122,-33.679417,17.247967,101.0,0,1320.0
538008115,1715105799,-33.701283,17.27615,100.0,0,1340.0
538008115,1715105991,-33.707535,17.284218,97.0,0,1330.0
538008115,1715106315,-33.717667,17.297199,99.0,0,1310.0
538008115,1715106334,-33.718334,17.298067,98.0,0,1320.0
538008115,1715106336,-33.718334,17.298067,98.0,0,1320.0
538008115,1715106375,-33.719566,17.29965,99.0,0,1330.0
538008115,1715106377,-33.719566,17.29965,99.0,0,1330.0
538008115,1715106435,-33.721451,17.302099,99.0,0,1330.0
538008115,1715106475,-33.722782,17.303734,98.0,0,1340.0
538008115,1715106494,-33.723415,17.304483,99.0,0,1350.0
538008115,1715106554,-33.725384,17.30685,99.0,0,1350.0
538008115,1715106575,-33.726082,17.307667,99.0,0,1340.0
538008115,1715106576,-33.726082,17.307667,99.0,0,1340.0
538008115,1715106635,-33.72805,17.310101,99.0,0,1330.0
538008115,1715106636,-33.72805,17.310101,99.0,0,1330.0
538008115,1715106643,-33.728317,17.310417,98.0,0,1340.0
538008115,1715106696,-33.729916,17.312433,98.0,0,1330.0
538008115,1715106734,-33.731167,17.314034,98.0,0,1320.0
538008115,1715106735,-33.731167,17.314034,98.0,0,1320.0
538008115,1715107083,-33.742317,17.328199,99.0,0,1320.0
538008115,1715107243,-33.747501,17.334583,99.0,0,1350.0
538008115,1715107356,-33.751183,17.339001,99.0,0,1350.0
538008115,1715107454,-33.754349,17.342934,99.0,0,1330.0
538008115,1715108005,-33.772167,17.364849,99.0,0,1320.0
538008115,1715108014,-33.772499,17.36525,99.0,0,1330.0
538008115,1715108135,-33.776432,17.370234,101.0,0,1320.0
538008115,1715108226,-33.779366,17.373817,100.0,0,1340.0
538008115,1715108505,-33.7887,17.38505,100.0,0,1340.0
538008115,1715108624,-33.792633,17.389917,100.0,0,1330.0
538008115,1715108684,-33.794567,17.3923,100.0,0,1340.0
538008115,1715109264,-33.813534,17.415983,101.0,0,1320.0
538008115,1715109923,-33.834934,17.443783,102.0,0,1320.0
538008115,1715110006,-33.837551,17.447117,102.0,0,1330.0
538008115,1715110093,-33.840569,17.451017,102.0,0,1330.0
538008115,1715110162,-33.8428,17.453951,102.0,0,1310.0
538008115,1715110192,-33.843784,17.455217,102.0,0,1320.0
538008115,1715110551,-33.855667,17.470516,103.0,0,1330.0
538008115,1715110645,-33.85865,17.474417,103.0,0,1330.0
538008115,1715110726,-33.861332,17.47785,103.0,0,1330.0
538008115,1715110772,-33.862949,17.47995,103.0,0,1320.0
538008115,1715110872,-33.866219,17.484167,103.0,0,1310.0
538008115,1715111051,-33.872131,17.4918,103.0,0,1330.0
538008115,1715111076,-33.872784,17.492666,103.0,0,1320.0
538008115,1715111094,-33.873432,17.493467,103.0,0,1330.0
538008115,1715111111,-33.874119,17.494284,102.0,0,1330.0
538008115,1715111158,-33.872131,17.4918,103.0,0,1330.0
538008115,1715111413,-33.884083,17.507133,103.0,0,1300.0
538008115,1715111542,-33.888351,17.512684,102.0,0,1330.0
538008115,1715111852,-33.895016,17.521084,104.0,0,1340.0
538008115,1715112001,-33.903751,17.53195,103.0,0,1330.0
538008115,1715112042,-33.905151,17.533733,102.0,0,1330.0
538008115,1715112112,-33.907482,17.536633,102.0,0,1330.0
538008115,1715112182,-33.909767,17.539482,101.0,0,1330.0
538008115,1715112438,-33.918133,17.549749,102.0,0,1340.0
538008115,1715112533,-33.921398,17.553833,101.0,0,1330.0
538008115,1715112594,-33.923367,17.556232,101.0,0,1330.0
538008115,1715112982,-33.936466,17.572317,102.0,0,1340.0
538008115,1715113854,-33.965034,17.608883,103.0,0,1320.0
538008115,1715113993,-33.969517,17.614799,102.0,0,1330.0
538008115,1715114174,-33.975533,17.622351,102.0,0,1330.0
538008115,1715114305,-33.979851,17.627783,102.0,0,1330.0
538008115,1715114333,-33.98085,17.629032,102.0,0,1320.0
538008115,1715114484,-33.985916,17.635201,101.0,0,1340.0
538008115,1715114509,-33.986534,17.635933,103.0,0,1340.0
538008115,1715114605,-33.989948,17.640051,103.0,0,1340.0
538008115,1715114815,-33.996899,17.648666,103.0,0,1340.0
538008115,1715114952,-34.001598,17.654417,102.0,0,1350.0
538008115,1715114974,-34.002316,17.655268,102.0,0,1350.0
538008115,1715115072,-34.005634,17.6593,102.0,0,1350.0
538008115,1715115134,-34.0075,17.661882,101.0,0,1310.0
538008115,1715115217,-34.009933,17.6653,102.0,0,1290.0
538008115,1715115255,-34.011166,17.667101,102.0,0,1300.0
538008115,1715115336,-34.013584,17.670601,103.0,0,1290.0
538008115,1715115427,-34.016399,17.674601,103.0,0,1290.0
538008115,1715115442,-34.017052,17.675533,102.0,0,1300.0
538008115,1715115443,-34.017052,17.675533,102.0,0,1300.0
538008115,1715115471,-34.017918,17.67675,103.0,0,1300.0
538008115,1715115481,-34.018215,17.6772,103.0,0,1300.0
538008115,1715115482,-34.018215,17.6772,103.0,0,1300.0
538008115,1715115492,-34.018532,17.677633,103.0,0,1290.0
538008115,1715115502,-34.018883,17.678118,103.0,0,1280.0
538008115,1715115531,-34.019817,17.679417,103.0,0,1310.0
538008115,1715115536,-34.019817,17.679417,103.0,0,1310.0
538008115,1715115542,-34.0201,17.679882,103.0,0,1300.0
538008115,1715115551,-34.020401,17.680317,104.0,0,1290.0
538008115,1715115552,-34.020401,17.680317,104.0,0,1290.0
538008115,1715115562,-34.020748,17.680799,103.0,0,1290.0
538008115,1715115563,-34.020748,17.680799,103.0,0,1290.0
538008115,1715115583,-34.021366,17.681683,103.0,0,1290.0
538008115,1715115586,-34.021366,17.681683,103.0,0,1290.0
538008115,1715115591,-34.021633,17.682016,102.0,0,1300.0
538008115,1715115602,-34.021915,17.682484,103.0,0,1290.0
538008115,1715115611,-34.022232,17.682917,103.0,0,1290.0
538008115,1715115612,-34.022232,17.682917,103.0,0,1290.0
538008115,1715115622,-34.022583,17.683399,103.0,0,1290.0
538008115,1715115642,-34.023232,17.684317,103.0,0,1300.0
538008115,1715115643,-34.023232,17.684317,103.0,0,1300.0
538008115,1715115651,-34.023468,17.684683,103.0,0,1290.0
538008115,1715115661,-34.023815,17.68515,103.0,0,1290.0
538008115,1715115681,-34.024418,17.686068,103.0,0,1280.0
538008115,1715115682,-34.024418,17.686068,103.0,0,1280.0
538008115,1715115702,-34.025066,17.686983,103.0,0,1290.0
538008115,1715115703,-34.025066,17.686983,103.0,0,1290.0
538008115,1715115711,-34.025333,17.687366,103.0,0,1290.0
538008115,1715115732,-34.025951,17.688267,103.0,0,1300.0
538008115,1715115772,-34.027184,17.690033,103.0,0,1280.0
538008115,1715115773,-34.027184,17.690033,103.0,0,1280.0
538008115,1715115774,-34.027184,17.690033,103.0,0,1280.0
538008115,1715115782,-34.027466,17.6905,103.0,0,1270.0
538008115,1715115823,-34.028751,17.692301,102.0,0,1290.0
538008115,1715115842,-34.029301,17.693233,102.0,0,1270.0
538008115,1715115848,-34.029301,17.693233,102.0,0,1270.0
538008115,1715115852,-34.029598,17.693684,103.0,0,1260.0
538008115,1715115861,-34.029884,17.694082,102.0,0,1270.0
538008115,1715115862,-34.029884,17.694082,102.0,0,1270.0
538008115,1715115883,-34.030567,17.694983,102.0,0,1290.0
538008115,1715115902,-34.031132,17.695833,102.0,0,1280.0
538008115,1715115912,-34.031448,17.696283,102.0,0,1300.0
538008115,1715115921,-34.03175,17.696667,102.0,0,1310.0
538008115,1715115922,-34.03175,17.696667,102.0,0,1310.0
538008115,1715115942,-34.032452,17.697599,103.0,0,1320.0
538008115,1715115962,-34.033066,17.698418,102.0,0,1310.0
538008115,1715115963,-34.033066,17.698418,102.0,0,1310.0
538008115,1715115972,-34.033401,17.6989,103.0,0,1310.0
538008115,1715115981,-34.033718,17.699266,102.0,0,1320.0
538008115,1715116001,-34.034367,17.700083,103.0,0,1330.0
538008115,1715116022,-34.035034,17.700933,103.0,0,1330.0
538008115,1715116032,-34.035366,17.701349,102.0,0,1330.0
538008115,1715116041,-34.035702,17.70175,103.0,0,1330.0
538008115,1715116072,-34.036667,17.703016,103.0,0,1320.0
538008115,1715116085,-34.036983,17.703449,103.0,0,1330.0
538008115,1715116092,-34.037315,17.70385,103.0,0,1330.0
538008115,1715116551,-34.052383,17.72315,101.0,0,1310.0
538008115,1715116594,-34.053719,17.72485,103.0,0,1320.0
538008115,1715116744,-34.058533,17.731216,102.0,0,1310.0
538008115,1715116816,-34.060768,17.73415,103.0,0,1320.0
538008115,1715116897,-34.063416,17.737534,103.0,0,1320.0
538008115,1715117104,-34.070232,17.746283,103.0,0,1330.0
538008115,1715117224,-34.074135,17.7514,103.0,0,1310.0
538008115,1715117284,-34.07605,17.753933,102.0,0,1310.0
538008115,1715117938,-34.097633,17.781317,104.0,0,1330.0
538008115,1715118253,-34.108166,17.794718,103.0,0,1340.0
538008115,1715118332,-34.110767,17.797934,102.0,0,1340.0
538008115,1715118373,-34.112133,17.799618,103.0,0,1350.0
538008115,1715118430,-34.110767,17.797934,102.0,0,1340.0
538008115,1715118544,-34.117649,17.806667,102.0,0,1320.0
538008115,1715118563,-34.118301,17.807501,103.0,0,1320.0
538008115,1715118724,-34.123516,17.81415,101.0,0,1330.0
538008115,1715118911,-34.129517,17.821899,100.0,0,1320.0
538008115,1715119072,-34.134651,17.828432,100.0,0,1330.0
538008115,1715119155,-34.134651,17.828432,100.0,0,1330.0
538008115,1715119182,-34.138134,17.833,100.0,0,1310.0
538008115,1715119191,-34.138416,17.833366,99.0,0,1320.0
538008115,1715119221,-34.139317,17.83465,99.0,0,1300.0
538008115,1715119255,-34.140232,17.83585,98.0,0,1330.0
538008115,1715119272,-34.1409,17.8367,100.0,0,1320.0
538008115,1715119351,-34.143417,17.839899,99.0,0,1340.0
538008115,1715119546,-34.149368,17.847567,100.0,0,1340.0
538008115,1715119553,-34.149734,17.847982,100.0,0,1340.0
538008115,1715119604,-34.151367,17.850067,100.0,0,1330.0
538008115,1715119613,-34.151718,17.8505,99.0,0,1330.0
538008115,1715119636,-34.152302,17.85125,100.0,0,1330.0
538008115,1715119641,-34.152584,17.851633,100.0,0,1320.0
538008115,1715119733,-34.155468,17.85535,99.0,0,1320.0
538008115,1715119832,-34.158566,17.85935,99.0,0,1320.0
538008115,1715119901,-34.160767,17.86215,98.0,0,1340.0
538008115,1715119960,-34.162384,17.864134,98.0,0,1360.0
538008115,1715119992,-34.163631,17.865717,98.0,0,1350.0
538008115,1715120052,-34.16555,17.868151,98.0,0,1330.0
538008115,1715120213,-34.170567,17.874268,97.0,0,1320.0
538008115,1715120241,-34.171516,17.875418,97.0,0,1340.0
538008115,1715120252,-34.171867,17.875851,98.0,0,1340.0
538008115,1715120262,-34.172184,17.876249,97.0,0,1330.0
538008115,1715120352,-34.174999,17.879749,97.0,0,1320.0
538008115,1715120362,-34.17535,17.880182,97.0,0,1340.0
538008115,1715120432,-34.177448,17.882833,96.0,0,1330.0
538008115,1715120450,-34.174999,17.879749,97.0,0,1320.0
538008115,1715120475,-34.178684,17.884417,96.0,0,1320.0
538008115,1715120511,-34.179867,17.885983,96.0,0,1310.0
538008115,1715120532,-34.180485,17.886801,95.0,0,1310.0
538008115,1715120556,-34.181118,17.8876,96.0,0,1330.0
538008115,1715120603,-34.182568,17.889549,95.0,0,1320.0
538008115,1715120675,-34.184631,17.892349,95.0,0,1310.0
538008115,1715120724,-34.1861,17.894318,94.0,0,1330.0
538008115,1715120761,-34.187317,17.895832,95.0,0,1340.0
538008115,1715120781,-34.187901,17.896549,95.0,0,1330.0
538008115,1715120792,-34.188232,17.896982,95.0,0,1320.0
538008115,1715120802,-34.188534,17.897367,95.0,0,1320.0
538008115,1715120812,-34.18885,17.897751,95.0,0,1330.0
538008115,1715120855,-34.190132,17.8993,95.0,0,1340.0
538008115,1715120882,-34.191032,17.9004,95.0,0,1330.0
538008115,1715120951,-34.193184,17.903084,95.0,0,1340.0
538008115,1715121012,-34.195034,17.905434,95.0,0,1330.0
538008115,1715121031,-34.195618,17.906151,95.0,0,1340.0
538008115,1715121041,-34.1959,17.9065,95.0,0,1330.0
538008115,1715121072,-34.196835,17.907682,93.0,0,1340.0
538008115,1715121075,-34.196835,17.907682,93.0,0,1340.0
538008115,1715121090,-34.197449,17.908449,93.0,0,1320.0
538008115,1715121091,-34.197449,17.908449,93.0,0,1320.0
538008115,1715121101,-34.197765,17.908817,94.0,0,1340.0
538008115,1715121113,-34.198116,17.9093,94.0,0,1330.0
538008115,1715121131,-34.198685,17.910032,94.0,0,1330.0
538008115,1715121132,-34.198685,17.910032,94.0,0,1330.0
538008115,1715121141,-34.198967,17.910418,93.0,0,1330.0
538008115,1715121160,-34.199532,17.911167,94.0,0,1320.0
538008115,1715121173,-34.199867,17.9116,94.0,0,1330.0
538008115,1715121191,-34.200451,17.912399,94.0,0,1310.0
538008115,1715121195,-34.200451,17.912399,94.0,0,1310.0
538008115,1715121201,-34.200733,17.9128,94.0,0,1300.0
538008115,1715121202,-34.200733,17.9128,94.0,0,1300.0
538008115,1715121221,-34.201248,17.913517,94.0,0,1310.0
538008115,1715121224,-34.201248,17.913517,94.0,0,1310.0
538008115,1715121231,-34.201618,17.913982,94.0,0,1330.0
538008115,1715121233,-34.201618,17.913982,94.0,0,1330.0
538008115,1715121251,-34.202183,17.9147,94.0,0,1340.0
538008115,1715121254,-34.202183,17.9147,94.0,0,1340.0
538008115,1715121271,-34.199867,17.9116,94.0,0,1330.0
538008115,1715121291,-34.203449,17.916332,94.0,0,1320.0
538008115,1715121300,-34.203701,17.916616,95.0,0,1340.0
538008115,1715121310,-34.203999,17.917,94.0,0,1340.0
538008115,1715121321,-34.204334,17.9174,95.0,0,1330.0
538008115,1715121353,-34.205269,17.918516,95.0,0,1340.0
538008115,1715121360,-34.205532,17.918882,95.0,0,1330.0
538008115,1715121361,-34.205532,17.918882,95.0,0,1330.0
538008115,1715121371,-34.205833,17.919216,95.0,0,1330.0
538008115,1715121381,-34.206165,17.919701,94.0,0,1330.0
538008115,1715121382,-34.206165,17.919701,94.0,0,1330.0
538008115,1715121384,-34.206165,17.919701,94.0,0,1330.0
538008115,1715121392,-34.206501,17.92005,94.0,0,1350.0
538008115,1715121410,-34.207066,17.920782,95.0,0,1330.0
538008115,1715121411,-34.207066,17.920782,95.0,0,1330.0
538008115,1715121430,-34.207649,17.921568,94.0,0,1310.0
538008115,1715121441,-34.207966,17.922001,94.0,0,1320.0
538008115,1715121442,-34.207966,17.922001,94.0,0,1320.0
538008115,1715121460,-34.208584,17.922667,93.0,0,1350.0
538008115,1715121461,-34.208584,17.922667,93.0,0,1350.0
538008115,1715121470,-34.208866,17.92305,93.0,0,1340.0
538008115,1715121471,-34.208866,17.92305,93.0,0,1340.0
538008115,1715121490,-34.20945,17.923834,93.0,0,1330.0
538008115,1715121491,-34.20945,17.923834,93.0,0,1330.0
538008115,1715121512,-34.210068,17.92465,94.0,0,1310.0
538008115,1715121520,-34.210316,17.925016,94.0,0,1310.0
538008115,1715121521,-34.210316,17.925016,94.0,0,1310.0
538008115,1715121577,-34.211899,17.926983,93.0,0,1340.0
538008115,1715121592,-34.212448,17.927668,93.0,0,1330.0
538008115,1715121675,-34.214783,17.930817,94.0,0,1300.0
538008115,1715121712,-34.216049,17.932367,94.0,0,1330.0
538008115,1715121732,-34.216648,17.933117,93.0,0,1350.0
538008115,1715121743,-34.216934,17.933517,94.0,0,1330.0
538008115,1715121761,-34.217499,17.934267,94.0,0,1320.0
538008115,1715121813,-34.219051,17.936216,95.0,0,1330.0
538008115,1715121822,-34.219318,17.936567,95.0,0,1330.0
538008115,1715121845,-34.219952,17.937317,94.0,0,1350.0
538008115,1715121901,-34.221783,17.939617,95.0,0,1330.0
538008115,1715122022,-34.225399,17.944233,95.0,0,1320.0
538008115,1715122031,-34.225716,17.944584,94.0,0,1340.0
538008115,1715122101,-34.227818,17.947218,94.0,0,1350.0
538008115,1715122111,-34.228149,17.947634,94.0,0,1330.0
538008115,1715122122,-34.228432,17.948032,93.0,0,1310.0
538008115,1715122132,-34.228767,17.94845,93.0,0,1340.0
538008115,1715122151,-34.229317,17.949133,94.0,0,1330.0
538008115,1715122182,-34.230282,17.95035,95.0,0,1330.0
538008115,1715122192,-34.230583,17.950733,94.0,0,1330.0
538008115,1715122341,-34.23505,17.956568,95.0,0,1310.0
538008115,1715122413,-34.237148,17.959368,95.0,0,1310.0
538008115,1715122422,-34.237469,17.959749,95.0,0,1310.0
538008115,1715122503,-34.23975,17.962883,93.0,0,1290.0
538008115,1715122511,-34.240032,17.963284,94.0,0,1300.0
538008115,1715122522,-34.240368,17.963699,93.0,0,1310.0
538008115,1715122567,-34.241467,17.965233,94.0,0,1320.0
538008115,1715122662,-34.244434,17.969151,93.0,0,1310.0
538008115,1715122714,-34.245934,17.97105,93.0,0,1320.0
538008115,1715122722,-34.246201,17.971382,94.0,0,1330.0
538008115,1715122732,-34.246468,17.971733,94.0,0,1330.0
538008115,1715122762,-34.244434,17.969151,93.0,0,1310.0
538008115,1715122791,-34.248219,17.974117,93.0,0,1320.0
538008115,1715122964,-34.2533,17.9806,93.0,0,1330.0
538008115,1715123015,-34.254749,17.982533,93.0,0,1310.0
538008115,1715123112,-34.257702,17.986349,93.0,0,1330.0
538008115,1715123148,-34.258568,17.987467,93.0,0,1320.0
538008115,1715123211,-34.260666,17.990133,93.0,0,1320.0
538008115,1715123251,-34.261833,17.991682,93.0,0,1320.0
538008115,1715123272,-34.262451,17.992434,94.0,0,1330.0
538008115,1715123292,-34.263016,17.993233,93.0,0,1310.0
538008115,1715123342,-34.260666,17.990133,93.0,0,1320.0
538008115,1715123463,-34.268051,17.999849,94.0,0,1310.0
538008115,1715123502,-34.269169,18.001383,93.0,0,1310.0
538008115,1715123551,-34.270649,18.0033,93.0,0,1320.0
538008115,1715123631,-34.272968,18.006399,93.0,0,1320.0
538008115,1715123701,-34.275017,18.009132,93.0,0,1320.0
538008115,1715123751,-34.276482,18.011049,93.0,0,1320.0
538008115,1715123762,-34.276749,18.01145,93.0,0,1310.0
538008115,1715123769,-34.276749,18.01145,93.0,0,1310.0
538008115,1715123785,-34.277302,18.012266,93.0,0,1310.0
538008115,1715123804,-34.277882,18.01305,93.0,0,1300.0
538008115,1715123811,-34.278149,18.013399,93.0,0,1300.0
538008115,1715123853,-34.27935,18.014982,94.0,0,1320.0
538008115,1715123881,-34.280201,18.016184,94.0,0,1310.0
538008115,1715123904,-34.2808,18.016983,93.0,0,1310.0
538008115,1715123911,-34.281082,18.017366,93.0,0,1310.0
538008115,1715124032,-34.284618,18.022066,94.0,0,1310.0
538008115,1715124043,-34.284882,18.022467,94.0,0,1290.0
538008115,1715124126,-34.287216,18.0256,94.0,0,1310.0
538008115,1715124146,-34.287834,18.026382,93.0,0,1320.0
538008115,1715124152,-34.288132,18.026768,93.0,0,1320.0
538008115,1715124182,-34.289032,18.027884,94.0,0,1330.0
538008115,1715124184,-34.289032,18.027884,94.0,0,1330.0
538008115,1715124192,-34.289318,18.028233,94.0,0,1320.0
538008115,1715124201,-34.289616,18.028584,93.0,0,1330.0
538008115,1715124247,-34.290833,18.030149,94.0,0,1340.0
538008115,1715124292,-34.292316,18.032084,93.0,0,1330.0
538008115,1715124332,-34.293484,18.033632,94.0,0,1320.0
538008115,1715124352,-34.294067,18.034416,94.0,0,1330.0
538008115,1715124363,-34.294369,18.034817,94.0,0,1320.0
538008115,1715124366,-34.294369,18.034817,94.0,0,1320.0
538008115,1715124372,-34.294651,18.035151,93.0,0,1330.0
538008115,1715124392,-34.295235,18.035917,94.0,0,1310.0
538008115,1715124493,-34.298199,18.039783,93.0,0,1310.0
538008115,1715124562,-34.300251,18.042534,92.0,0,1310.0
538008115,1715124612,-34.301716,18.044434,92.0,0,1320.0
538008115,1715124628,-34.301998,18.044832,93.0,0,1310.0
538008115,1715124631,-34.30225,18.045183,93.0,0,1310.0
538008115,1715124645,-34.302582,18.045616,93.0,0,1320.0
538008115,1715124651,-34.302849,18.045967,93.0,0,1330.0
538008115,1715124672,-34.303482,18.046766,94.0,0,1330.0
538008115,1715124691,-34.304031,18.047501,93.0,0,1330.0
538008115,1715124751,-34.305767,18.04985,93.0,0,1320.0
538008115,1715124753,-34.305767,18.04985,93.0,0,1320.0
538008115,1715124771,-34.306381,18.050617,94.0,0,1340.0
538008115,1715124798,-34.304031,18.047501,93.0,0,1330.0
538008115,1715124813,-34.307533,18.052183,93.0,0,1300.0
538008115,1715124832,-34.308117,18.05295,93.0,0,1320.0
538008115,1715124853,-34.308716,18.053783,93.0,0,1310.0
538008115,1715124871,-34.30925,18.054449,93.0,0,1310.0
538008115,1715124937,-34.311031,18.05685,93.0,0,1310.0
538008115,1715124952,-34.3116,18.057632,94.0,0,1310.0
538008115,1715124973,-34.312233,18.058434,93.0,0,1320.0
538008115,1715124992,-34.312817,18.059217,94.0,0,1310.0
538008115,1715125012,-34.3134,18.05995,94.0,0,1330.0
538008115,1715125033,-34.314018,18.060749,93.0,0,1320.0
538008115,1715125094,-34.315765,18.063116,94.0,0,1310.0
538008115,1715125112,-34.316368,18.0639,94.0,0,1310.0
538008115,1715125151,-34.317501,18.065416,94.0,0,1320.0
538008115,1715125172,-34.3181,18.066183,94.0,0,1310.0
538008115,1715125211,-34.319233,18.067783,94.0,0,1310.0
538008115,1715125263,-34.320751,18.0697,94.0,0,1340.0
538008115,1715125284,-34.321365,18.070534,94.0,0,1310.0
538008115,1715125324,-34.322552,18.072033,94.0,0,1330.0
538008115,1715125411,-34.325268,18.075518,95.0,0,1330.0
538008115,1715125463,-34.326767,18.077517,94.0,0,1310.0
538008115,1715125982,-34.342365,18.097782,95.0,0,1340.0
538008115,1715126013,-34.34325,18.0989,95.0,0,1330.0
538008115,1715126152,-34.3475,18.104483,96.0,0,1330.0
538008115,1715126183,-34.348366,18.105667,96.0,0,1310.0
538008115,1715126212,-34.349281,18.106833,96.0,0,1310.0
538008115,1715126247,-34.350201,18.108084,96.0,0,1320.0
538008115,1715126393,-34.354767,18.113968,96.0,0,1320.0
538008115,1715126553,-34.359585,18.120268,94.0,0,1300.0
538008115,1715126602,-34.361099,18.122168,94.0,0,1330.0
538008115,1715126645,-34.362282,18.123751,95.0,0,1330.0
538008115,1715126764,-34.365883,18.128384,94.0,0,1330.0
538008115,1715126853,-34.368465,18.13205,95.0,0,1280.0
538008115,1715126953,-34.371166,18.136101,95.0,0,1290.0
538008115,1715126963,-34.371483,18.136551,95.0,0,1300.0
538008115,1715127073,-34.374565,18.141068,95.0,0,1280.0
538008115,1715127094,-34.375134,18.141899,95.0,0,1290.0
538008115,1715127102,-34.375381,18.14225,95.0,0,1290.0
538008115,1715127192,-34.377918,18.146032,95.0,0,1270.0
538008115,1715127271,-34.380081,18.14925,95.0,0,1270.0
538008115,1715127342,-34.382118,18.152201,95.0,0,1310.0
538008115,1715127402,-34.383751,18.154682,96.0,0,1280.0
538008115,1715127425,-34.3843,18.155451,95.0,0,1300.0
538008115,1715127472,-34.385715,18.157566,95.0,0,1300.0
538008115,1715127481,-34.385983,18.157984,96.0,0,1290.0
538008115,1715127541,-34.38765,18.16045,95.0,0,1280.0
538008115,1715127603,-34.389366,18.163,94.0,0,1290.0
538008115,1715127611,-34.389668,18.163401,95.0,0,1300.0
538008115,1715127639,-34.385983,18.157984,96.0,0,1290.0
538008115,1715127682,-34.39175,18.166233,95.0,0,1320.0
538008115,1715127769,-34.389668,18.163401,95.0,0,1300.0
538008115,1715127822,-34.396069,18.171633,96.0,0,1340.0
538008115,1715127847,-34.396599,18.17235,96.0,0,1320.0
538008115,1715127911,-34.398766,18.17515,96.0,0,1320.0
538008115,1715127982,-34.400932,18.177933,96.0,0,1330.0
538008115,1715128051,-34.403034,18.180582,96.0,0,1330.0
538008115,1715128111,-34.4049,18.182966,96.0,0,1330.0
538008115,1715128193,-34.403034,18.180582,96.0,0,1330.0
538008115,1715128202,-34.407684,18.186518,97.0,0,1330.0
538008115,1715128262,-34.40955,18.18895,97.0,0,1310.0
538008115,1715128353,-34.412231,18.192516,96.0,0,1310.0
538008115,1715128413,-34.414082,18.194883,97.0,0,1330.0
538008115,1715128433,-34.414719,18.195732,97.0,0,1320.0
538008115,1715128531,-34.417782,18.199583,97.0,0,1330.0
538008115,1715128603,-34.414719,18.195732,97.0,0,1320.0
538008115,1715128692,-34.422684,18.205982,97.0,0,1330.0
538008115,1715128733,-34.423882,18.207582,96.0,0,1310.0
538008115,1715128843,-34.427284,18.211901,97.0,0,1320.0
538008115,1715128851,-34.427582,18.212299,96.0,0,1330.0
538008115,1715128892,-34.428848,18.213917,96.0,0,1330.0
538008115,1715128893,-34.428848,18.213917,96.0,0,1330.0
538008115,1715128912,-34.429451,18.214666,97.0,0,1330.0
538008115,1715128971,-34.431316,18.2171,97.0,0,1330.0
538008115,1715129002,-34.432217,18.218233,97.0,0,1330.0
538008115,1715129052,-34.433784,18.220284,97.0,0,1320.0
538008115,1715129112,-34.435635,18.222733,97.0,0,1320.0
538008115,1715129172,-34.437466,18.225082,97.0,0,1320.0
538008115,1715129232,-34.439281,18.227484,97.0,0,1320.0
538008115,1715129284,-34.440849,18.2295,97.0,0,1320.0
538008115,1715129361,-34.443268,18.232599,97.0,0,1310.0
538008115,1715129432,-34.445484,18.235382,96.0,0,1320.0
538008115,1715129463,-34.4464,18.236517,97.0,0,1330.0
538008115,1715129503,-34.447651,18.238167,97.0,0,1320.0
538008115,1715129572,-34.449833,18.240999,97.0,0,1330.0
538008115,1715129581,-34.450085,18.241318,97.0,0,1320.0
538008115,1715129655,-34.452282,18.244133,98.0,0,1320.0
538008115,1715129692,-34.453533,18.245716,97.0,0,1330.0
538008115,1715129714,-34.454082,18.2465,98.0,0,1320.0
538008115,1715129735,-34.45475,18.247334,98.0,0,1330.0
538008115,1715129752,-34.455399,18.248133,98.0,0,1330.0
538008115,1715129796,-34.456635,18.249718,97.0,0,1330.0
538008115,1715129812,-34.457249,18.250517,97.0,0,1330.0
538008115,1715129875,-34.459148,18.252916,97.0,0,1350.0
538008115,1715129962,-34.461918,18.256433,96.0,0,1320.0
538008115,1715130017,-34.463467,18.258417,97.0,0,1330.0
538008115,1715130022,-34.463734,18.258766,96.0,0,1330.0
538008115,1715130083,-34.465584,18.2612,97.0,0,1330.0
538008115,1715130103,-34.466148,18.261984,96.0,0,1320.0
538008115,1715130152,-34.467716,18.263983,97.0,0,1330.0
538008115,1715130212,-34.469532,18.266333,97.0,0,1330.0
538008115,1715130221,-34.469868,18.266718,97.0,0,1340.0
538008115,1715130265,-34.471066,18.268368,97.0,0,1330.0
538008115,1715130281,-34.471649,18.26915,97.0,0,1320.0
538008115,1715130284,-34.471649,18.26915,97.0,0,1320.0
538008115,1715130331,-34.473202,18.271217,96.0,0,1310.0
538008115,1715130335,-34.473202,18.271217,96.0,0,1310.0
538008115,1715130341,-34.473434,18.271549,97.0,0,1310.0
538008115,1715130364,-34.474098,18.272449,96.0,0,1320.0
538008115,1715130372,-34.474384,18.272818,97.0,0,1320.0
538008115,1715130418,-34.475651,18.274433,97.0,0,1330.0
538008115,1715130463,-34.47715,18.276484,97.0,0,1330.0
538008115,1715130473,-34.477451,18.276882,98.0,0,1320.0
538008115,1715130524,-34.479015,18.27895,97.0,0,1310.0
538008115,1715130533,-34.479301,18.279383,97.0,0,1310.0
538008115,1715130593,-34.481152,18.281717,98.0,0,1330.0
538008115,1715130653,-34.483002,18.284218,98.0,0,1320.0
538008115,1715130713,-34.484818,18.286633,98.0,0,1310.0
538008115,1715130725,-34.4851,18.287001,98.0,0,1320.0
538008115,1715130778,-34.483002,18.284218,98.0,0,1320.0
538008115,1715130851,-34.489285,18.292032,96.0,0,1390.0
538008115,1715130858,-34.489285,18.292032,96.0,0,1390.0
538008115,1715130903,-34.490849,18.293934,95.0,0,1330.0
538008115,1715130953,-34.491982,18.296267,92.0,0,1180.0
538008115,1715130971,-34.492283,18.297132,93.0,0,1150.0
538008115,1715130993,-34.492668,18.298067,92.0,0,1150.0
538008115,1715131042,-34.493534,18.300501,94.0,0,1130.0
538008115,1715131065,-34.493851,18.301483,94.0,0,1120.0
538008115,1715131072,-34.494019,18.301968,93.0,0,1120.0
538008115,1715131102,-34.494518,18.303516,94.0,0,1110.0
538008115,1715131173,-34.495682,18.30695,94.0,0,1130.0
538008115,1715131223,-34.494518,18.303516,94.0,0,1110.0
538008115,1715131311,-34.498516,18.3137,96.0,0,1170.0
538008115,1715131342,-34.499134,18.315149,96.0,0,1170.0
538008115,1715131354,-34.499332,18.315651,96.0,0,1160.0
538008115,1715131391,-34.500217,18.317617,96.0,0,1180.0
538008115,1715131422,-34.500832,18.319082,97.0,0,1180.0
538008115,1715131482,-34.502068,18.322033,97.0,0,1170.0
538008115,1715131534,-34.500217,18.317617,96.0,0,1180.0
538008115,1715131623,-34.505001,18.328951,98.0,0,1170.0
538008115,1715131633,-34.505199,18.329399,98.0,0,1160.0
538008115,1715131683,-34.506302,18.331917,98.0,0,1170.0
538008115,1715131734,-34.507332,18.334417,98.0,0,1160.0
538008115,1715131762,-34.507984,18.335899,98.0,0,1170.0
538008115,1715131773,-34.508202,18.336384,98.0,0,1170.0
538008115,1715131807,-34.50885,18.3379,99.0,0,1170.0
538008115,1715131822,-34.509251,18.33885,99.0,0,1170.0
538008115,1715131856,-34.506302,18.331917,98.0,0,1170.0
538008115,1715131943,-34.511868,18.344933,100.0,0,1180.0
538008115,1715132042,-34.51395,18.350018,99.0,0,1160.0
538008115,1715132073,-34.514584,18.351534,100.0,0,1160.0
538008115,1715132111,-34.515415,18.353533,100.0,0,1160.0
538008115,1715132134,-34.515865,18.354601,101.0,0,1160.0
538008115,1715132142,-34.516083,18.355101,100.0,0,1170.0
538008115,1715132242,-34.518116,18.360216,100.0,0,1150.0
538008115,1715132302,-34.516083,18.355101,100.0,0,1170.0
538008115,1715132371,-34.520634,18.366867,101.0,0,1140.0
538008115,1715132431,-34.521782,18.369949,101.0,0,1130.0
538008115,1715132491,-34.523033,18.373117,101.0,0,1160.0
538008115,1715132502,-34.523232,18.37365,101.0,0,1150.0
538008115,1715132563,-34.524448,18.376766,101.0,0,1150.0
538008115,1715132571,-34.524651,18.377234,101.0,0,1150.0
538008115,1715132631,-34.525867,18.380432,101.0,0,1150.0
538008115,1715132712,-34.527451,18.384684,101.0,0,1140.0
538008115,1715132775,-34.528648,18.387833,101.0,0,1140.0
538008115,1715132782,-34.528851,18.38835,102.0,0,1140.0
538008115,1715132882,-34.530849,18.393551,101.0,0,1140.0
538008115,1715132953,-34.532284,18.397284,102.0,0,1140.0
538008115,1715133003,-34.533268,18.399883,102.0,0,1140.0
538008115,1715133023,-34.533649,18.4009,102.0,0,1140.0
538008115,1715133112,-34.53545,18.405733,102.0,0,1140.0
538008115,1715133163,-34.536484,18.408434,103.0,0,1140.0
538008115,1715133215,-34.537434,18.411066,103.0,0,1140.0
538008115,1715133242,-34.534866,18.40415,102.0,0,1140.0
538008115,1715133347,-34.537651,18.411716,103.0,0,1140.0
538008115,1715133503,-34.540352,18.418501,103.0,0,1150.0
538008115,1715133573,-34.544983,18.430183,104.0,0,1160.0
538008115,1715133582,-34.5452,18.430717,104.0,0,1160.0
538008115,1715133591,-34.545383,18.431183,104.0,0,1160.0
538008115,1715133633,-34.546268,18.433384,105.0,0,1160.0
538008115,1715133693,-34.547585,18.436583,105.0,0,1150.0
538008115,1715133727,-34.548168,18.438084,104.0,0,1160.0
538008115,1715133753,-34.548801,18.439751,104.0,0,1160.0
538008115,1715133828,-34.550266,18.44355,104.0,0,1150.0
538008115,1715133861,-34.551067,18.445583,105.0,0,1150.0
538008115,1715133921,-34.552319,18.448717,105.0,0,1150.0
538008115,1715133932,-34.552567,18.44935,105.0,0,1150.0
538008115,1715134004,-34.554031,18.4531,105.0,0,1140.0
538008115,1715134032,-34.554668,18.4547,104.0,0,1150.0
538008115,1715134071,-34.555485,18.456766,105.0,0,1150.0
538008115,1715134123,-34.556568,18.459482,105.0,0,1150.0
538008115,1715134141,-34.556984,18.460484,104.0,0,1160.0
538008115,1715134209,-34.555485,18.456766,105.0,0,1150.0
538008115,1715134221,-34.558681,18.464718,104.0,0,1160.0
538008115,1715134301,-34.560417,18.469,104.0,0,1170.0
538008115,1715134322,-34.560848,18.470051,105.0,0,1160.0
538008115,1715134382,-34.562134,18.473267,104.0,0,1160.0
538008115,1715134442,-34.56345,18.476517,106.0,0,1160.0
538008115,1715134512,-34.564934,18.480249,105.0,0,1150.0
538008115,1715134572,-34.5662,18.483467,105.0,0,1150.0
538008115,1715134573,-34.5662,18.483467,105.0,0,1150.0
538008115,1715134642,-34.567665,18.487183,106.0,0,1150.0
538008115,1715134653,-34.567902,18.487766,105.0,0,1150.0
538008115,1715134676,-34.568317,18.488832,105.0,0,1150.0
538008115,1715134697,-34.568718,18.489918,105.0,0,1140.0
538008115,1715134702,-34.568916,18.490383,104.0,0,1150.0
538008115,1715134822,-34.571499,18.496767,105.0,0,1170.0
538008115,1715134882,-34.572884,18.49995,104.0,0,1170.0
538008115,1715134954,-34.574432,18.503668,105.0,0,1160.0
538008115,1715134974,-34.574833,18.504667,105.0,0,1160.0
538008115,1715135002,-34.575466,18.506283,106.0,0,1150.0
538008115,1715135033,-34.572884,18.49995,104.0,0,1170.0
538008115,1715135073,-34.574184,18.503082,105.0,0,1170.0
538008115,1715135182,-34.578751,18.516251,104.0,0,1120.0
538008115,1715135242,-34.579868,18.51955,105.0,0,1110.0
538008115,1715135302,-34.580982,18.52285,105.0,0,1120.0
538008115,1715135351,-34.579868,18.51955,105.0,0,1110.0
538008115,1715135410,-34.580982,18.52285,105.0,0,1120.0
538008115,1715135474,-34.584148,18.532301,106.0,0,1110.0
538008115,1715135593,-34.586315,18.538933,106.0,0,1110.0
538008115,1715135653,-34.587433,18.542334,106.0,0,1110.0
538008115,1715135738,-34.586315,18.538933,106.0,0,1110.0
538008115,1715135792,-34.589916,18.5501,106.0,0,1110.0
538008115,1715135852,-34.590984,18.553432,106.0,0,1100.0
538008115,1715135887,-34.588848,18.546734,106.0,0,1110.0
538008115,1715136003,-34.593616,18.5618,106.0,0,1100.0
538008115,1715136022,-34.593967,18.562866,106.0,0,1110.0
538008115,1715136092,-34.595249,18.566833,106.0,0,1110.0
538008115,1715136202,-34.597218,18.572884,106.0,0,1110.0
538008115,1715136272,-34.598469,18.576851,106.0,0,1110.0
538008115,1715136332,-34.599518,18.580233,106.0,0,1100.0
538008115,1715136373,-34.597218,18.572884,106.0,0,1110.0
538008115,1715136461,-34.601749,18.587418,105.0,0,1100.0
538008115,1715136463,-34.601749,18.587418,105.0,0,1100.0
538008115,1715136481,-34.602116,18.588533,106.0,0,1100.0
538008115,1715136552,-34.603333,18.592518,106.0,0,1090.0
538008115,1715136621,-34.604519,18.5963,105.0,0,1100.0
538008115,1715136635,-34.604717,18.596901,106.0,0,1100.0
538008115,1715136692,-34.605751,18.6003,105.0,0,1100.0
538008115,1715136862,-34.608685,18.609783,105.0,0,1110.0
538008115,1715136922,-34.609699,18.613083,106.0,0,1100.0
538008115,1715137052,-34.611965,18.620399,106.0,0,1100.0
538008115,1715137162,-34.613918,18.626516,105.0,0,1110.0
538008115,1715137381,-34.617668,18.63875,104.0,0,1100.0
538008115,1715137811,-34.625168,18.662701,105.0,0,1100.0
538008115,1715138014,-34.628834,18.673683,106.0,0,1130.0
538008115,1715138165,-34.631851,18.68195,106.0,0,1130.0
538008115,1715138173,-34.632015,18.682432,105.0,0,1130.0
538008115,1715138253,-34.633598,18.686783,106.0,0,1130.0
538008115,1715138313,-34.634766,18.690001,105.0,0,1130.0
538008115,1715138714,-34.6427,18.711901,105.0,0,1140.0
538008115,1715139056,-34.649368,18.730383,105.0,0,1140.0
538008115,1715139134,-34.650932,18.734667,105.0,0,1140.0
538008115,1715139263,-34.653534,18.7418,105.0,0,1130.0
538008115,1715139415,-34.656433,18.749968,105.0,0,1130.0
538008115,1715139664,-34.661167,18.763582,104.0,0,1120.0
538008115,1715140146,-34.670334,18.789766,104.0,0,1130.0
538008115,1715140283,-34.67305,18.797318,105.0,0,1120.0
538008115,1715140454,-34.676201,18.80665,104.0,0,1120.0
538008115,1715140563,-34.678284,18.81255,104.0,0,1130.0
538008115,1715140876,-34.684448,18.829268,103.0,0,1130.0
538008115,1715140884,-34.68465,18.829866,103.0,0,1130.0
538008115,1715140951,-34.686031,18.833584,104.0,0,1130.0
538008115,1715141306,-34.693184,18.8524,104.0,0,1140.0
538008115,1715141436,-34.6959,18.85935,105.0,0,1140.0
538008115,1715141711,-34.701881,18.874283,105.0,0,1150.0
538008115,1715141733,-34.702282,18.875366,105.0,0,1140.0
538008115,1715141775,-34.703152,18.87755,105.0,0,1150.0
538008115,1715141863,-34.705017,18.882299,104.0,0,1150.0
538008115,1715141953,-34.706982,18.887083,104.0,0,1160.0
538008115,1715142083,-34.709648,18.893917,103.0,0,1130.0
538008115,1715142233,-34.712532,18.901899,103.0,0,1120.0
538008115,1715142296,-34.713749,18.905117,103.0,0,1140.0
538008115,1715142492,-34.717335,18.9158,102.0,0,1110.0
538008115,1715142575,-34.718765,18.920183,102.0,0,1110.0
538008115,1715143092,-34.727917,18.94805,102.0,0,1110.0
538008115,1715143263,-34.730831,18.95715,102.0,0,1100.0
538008115,1715143452,-34.734234,18.967318,102.0,0,1130.0
538008115,1715143652,-34.737865,18.97805,103.0,0,1120.0
538008115,1715143911,-34.74255,18.991983,103.0,0,1110.0
538008115,1715144021,-34.744499,18.99795,103.0,0,1110.0
538008115,1715144201,-34.74765,19.007767,103.0,0,1110.0
538008115,1715144284,-34.749134,19.012234,103.0,0,1110.0
538008115,1715144352,-34.750317,19.01605,103.0,0,1110.0
538008115,1715144412,-34.751385,19.01935,104.0,0,1120.0
538008115,1715145004,-34.761799,19.051451,104.0,0,1130.0
538008115,1715145171,-34.764851,19.060749,104.0,0,1110.0
538008115,1715145297,-34.767017,19.067301,104.0,0,1110.0
538008115,1715145364,-34.76825,19.07115,104.0,0,1110.0
538008115,1715145573,-34.772068,19.082582,104.0,0,1120.0
538008115,1715145596,-34.772415,19.083616,104.0,0,1120.0
538008115,1715145762,-34.775482,19.092966,104.0,0,1110.0
538008115,1715145802,-34.776184,19.09515,104.0,0,1110.0
538008115,1715145823,-34.776531,19.096184,104.0,0,1120.0
538008115,1715145843,-34.776917,19.097334,104.0,0,1110.0
538008115,1715146043,-34.780499,19.108299,104.0,0,1120.0
538008115,1715146113,-34.78175,19.11215,104.0,0,1110.0
538008115,1715146295,-34.784931,19.122032,105.0,0,1110.0
538008115,1715146353,-34.78595,19.125282,104.0,0,1100.0
538008115,1715146394,-34.786667,19.127466,105.0,0,1110.0
538008115,1715146513,-34.788818,19.134083,104.0,0,1110.0
538008115,1715146566,-34.789734,19.136868,105.0,0,1110.0
538008115,1715146633,-34.790966,19.140617,105.0,0,1110.0
538008115,1715146671,-34.791718,19.1429,105.0,0,1120.0
538008115,1715146895,-34.795601,19.155001,105.0,0,1110.0
538008115,1715146936,-34.796284,19.157217,104.0,0,1100.0
538008115,1715147004,-34.797531,19.1611,104.0,0,1100.0
538008115,1715147012,-34.797718,19.161667,104.0,0,1110.0
538008115,1715147403,-34.805248,19.182817,105.0,0,1150.0
538008115,1715147515,-34.807468,19.18865,104.0,0,1130.0
538008115,1715147782,-34.812832,19.203117,104.0,0,1130.0
538008115,1715147839,-34.813866,19.205868,103.0,0,1140.0
538008115,1715147963,-34.816448,19.212833,105.0,0,1130.0
538008115,1715147983,-34.816849,19.213917,105.0,0,1140.0
538008115,1715148075,-34.818619,19.218817,105.0,0,1130.0
538008115,1715148153,-34.820168,19.2232,105.0,0,1120.0
538008115,1715148375,-34.824383,19.235382,104.0,0,1120.0
538008115,1715148435,-34.825516,19.2386,105.0,0,1120.0
538008115,1715148513,-34.827049,19.242968,104.0,0,1120.0
538008115,1715148545,-34.827618,19.2446,104.0,0,1120.0
538008115,1715148673,-34.83025,19.25165,104.0,0,1150.0
538008115,1715149025,-34.837601,19.270517,104.0,0,1170.0
538008115,1715149155,-34.840698,19.277233,106.0,0,1190.0
538008115,1715149185,-34.841385,19.278799,104.0,0,1180.0
538008115,1715149246,-34.842766,19.28195,104.0,0,1180.0
538008115,1715149417,-34.846516,19.291018,105.0,0,1140.0
538008115,1715149586,-34.849533,19.300367,105.0,0,1090.0
538008115,1715149775,-34.853199,19.310766,104.0,0,1140.0
538008115,1715149783,-34.853382,19.311317,104.0,0,1140.0
538008115,1715149922,-34.856068,19.319,104.0,0,1130.0
538008115,1715150233,-34.862148,19.335882,104.0,0,1150.0
538008115,1715150594,-34.869232,19.355316,104.0,0,1120.0
538008115,1715150965,-34.876251,19.375683,105.0,0,1130.0
538008115,1715151063,-34.878151,19.381149,105.0,0,1130.0
538008115,1715151285,-34.882549,19.393118,105.0,0,1130.0
538008115,1715151488,-34.886417,19.404066,105.0,0,1120.0
538008115,1715151585,-34.888416,19.409451,105.0,0,1130.0
538008115,1715151621,-34.889217,19.411551,105.0,0,1140.0
538008115,1715151787,-34.892517,19.420267,105.0,0,1140.0
538008115,1715151894,-34.894585,19.426317,105.0,0,1120.0
538008115,1715152115,-34.898682,19.438482,105.0,0,1110.0
538008115,1715152234,-34.900902,19.445017,105.0,0,1120.0
538008115,1715152295,-34.902035,19.448366,104.0,0,1120.0
538008115,1715152475,-34.904652,19.458483,105.0,0,1050.0
538008115,1715152574,-34.906082,19.464233,105.0,0,1070.0
538008115,1715152605,-34.906517,19.46595,106.0,0,1060.0
538008115,1715152665,-34.907383,19.469383,105.0,0,1070.0
538008115,1715152876,-34.910267,19.481367,105.0,0,1060.0
538008115,1715152932,-34.911167,19.484716,104.0,0,1080.0
538008115,1715152977,-34.911816,19.487066,104.0,0,1070.0
538008115,1715153105,-34.914082,19.494301,104.0,0,1120.0
538008115,1715153125,-34.914433,19.49535,105.0,0,1120.0
538008115,1715153281,-34.917217,19.504267,105.0,0,1080.0
538008115,1715153292,-34.917381,19.504883,105.0,0,1070.0
538008115,1715153297,-34.917381,19.504883,105.0,0,1070.0
538008115,1715153301,-34.917519,19.5054,105.0,0,1070.0
538008115,1715153302,-34.917519,19.5054,105.0,0,1070.0
538008115,1715153311,-34.917667,19.505966,106.0,0,1070.0
538008115,1715153312,-34.917667,19.505966,106.0,0,1070.0
538008115,1715153321,-34.917831,19.506582,106.0,0,1070.0
538008115,1715153331,-34.917969,19.507099,106.0,0,1070.0
538008115,1715153361,-34.918434,19.508867,105.0,0,1070.0
538008115,1715153362,-34.918434,19.508867,105.0,0,1070.0
538008115,1715153371,-34.918598,19.509451,105.0,0,1080.0
538008115,1715153372,-34.918598,19.509451,105.0,0,1080.0
538008115,1715153373,-34.918598,19.509451,105.0,0,1080.0
538008115,1715153381,-34.918751,19.510017,106.0,0,1070.0
538008115,1715153382,-34.918751,19.510017,106.0,0,1070.0
538008115,1715153391,-34.918884,19.510532,105.0,0,1080.0
538008115,1715153422,-34.919334,19.512234,105.0,0,1070.0
538008115,1715153431,-34.919483,19.5128,105.0,0,1080.0
538008115,1715153441,-34.919632,19.513384,105.0,0,1070.0
538008115,1715153442,-34.919632,19.513384,105.0,0,1070.0
538008115,1715153451,-34.919785,19.51395,105.0,0,1080.0
538008115,1715153461,-34.919933,19.514584,105.0,0,1070.0
538008115,1715153462,-34.919933,19.514584,105.0,0,1070.0
538008115,1715153472,-34.920116,19.515133,106.0,0,1070.0
538008115,1715153491,-34.920399,19.5163,106.0,0,1070.0
538008115,1715153492,-34.920399,19.5163,106.0,0,1070.0
538008115,1715153501,-34.920551,19.516867,106.0,0,1070.0
538008115,1715153512,-34.9207,19.517433,105.0,0,1070.0
538008115,1715153521,-34.920868,19.518,105.0,0,1080.0
538008115,1715153522,-34.920868,19.518,105.0,0,1080.0
538008115,1715153541,-34.921165,19.51915,106.0,0,1080.0
538008115,1715153561,-34.921467,19.52025,107.0,0,1060.0
538008115,1715153572,-34.921665,19.520884,107.0,0,1080.0
538008115,1715153575,-34.921665,19.520884,107.0,0,1080.0
538008115,1715153612,-34.922298,19.523268,105.0,0,1070.0
538008115,1715153632,-34.922585,19.524418,106.0,0,1070.0
538008115,1715153662,-34.923035,19.526068,106.0,0,1070.0
538008115,1715153672,-34.923183,19.526649,106.0,0,1080.0
538008115,1715153681,-34.923302,19.527184,106.0,0,1060.0
538008115,1715153692,-34.923485,19.5278,106.0,0,1060.0
538008115,1715153700,-34.923599,19.528267,106.0,0,1070.0
538008115,1715153732,-34.924133,19.530117,106.0,0,1080.0
538008115,1715153741,-34.924282,19.530617,105.0,0,1080.0
538008115,1715153752,-34.924484,19.531282,106.0,0,1090.0
538008115,1715153915,-34.927368,19.540333,106.0,0,1110.0
538008115,1715153925,-34.927502,19.540783,107.0,0,1100.0
538008115,1715153982,-34.928581,19.544184,106.0,0,1100.0
538008115,1715154133,-34.931232,19.55275,106.0,0,1100.0
538008115,1715154475,-34.937717,19.571899,107.0,0,1110.0
538008115,1715154534,-34.9389,19.575382,107.0,0,1110.0
538008115,1715154593,-34.940033,19.578699,107.0,0,1120.0
538008115,1715154686,-34.941818,19.583834,107.0,0,1130.0
538008115,1715154979,-34.947552,19.600233,107.0,0,1140.0
538008115,1715155037,-34.948833,19.603483,107.0,0,1150.0
538008115,1715155234,-34.953781,19.6141,107.0,0,1210.0
538008115,1715155346,-34.956333,19.619967,107.0,0,1160.0
538008115,1715156534,-34.98325,19.685484,108.0,0,1170.0
538008115,1715156643,-34.985882,19.69165,109.0,0,1160.0
538008115,1715156772,-34.988785,19.698717,108.0,0,1160.0
538008115,1715156925,-34.992085,19.707117,109.0,0,1150.0
538008115,1715157056,-34.994732,19.71455,110.0,0,1130.0
538008115,1715157093,-34.995602,19.71685,110.0,0,1120.0
538008115,1715157154,-34.996868,19.720266,110.0,0,1140.0
538008115,1715157277,-34.999168,19.7272,110.0,0,1110.0
538008115,1715157333,-35.000267,19.73065,108.0,0,1110.0
538008115,1715157493,-35.003235,19.739799,109.0,0,1120.0
538008115,1715157573,-35.004818,19.744499,110.0,0,1110.0
538008115,1715157653,-35.006283,19.749018,109.0,0,1110.0
538008115,1715157694,-35.007084,19.75145,109.0,0,1110.0
538008115,1715157916,-35.011234,19.764267,109.0,0,1120.0
538008115,1715158108,-35.015099,19.775118,110.0,0,1130.0
538008115,1715158194,-35.016933,19.780251,110.0,0,1130.0
538008115,1715158413,-35.021317,19.792816,109.0,0,1130.0
538008115,1715158684,-35.02705,19.808067,109.0,0,1140.0
538008115,1715158762,-35.028767,19.812634,110.0,0,1140.0
538008115,1715158802,-35.029598,19.81485,110.0,0,1140.0
538008115,1715158812,-35.0298,19.815416,110.0,0,1130.0
538008115,1715158832,-35.030216,19.816566,110.0,0,1140.0
538008115,1715158841,-35.030418,19.817066,110.0,0,1140.0
538008115,1715158862,-35.030869,19.818251,110.0,0,1140.0
538008115,1715158872,-35.031101,19.818817,110.0,0,1140.0
538008115,1715158882,-35.0313,19.819384,110.0,0,1140.0
538008115,1715158892,-35.031532,19.82,110.0,0,1140.0
538008115,1715158901,-35.0317,19.82045,110.0,0,1130.0
538008115,1715158912,-35.031982,19.821117,110.0,0,1150.0
538008115,1715158922,-35.032215,19.821667,110.0,0,1150.0
538008115,1715158932,-35.032398,19.822184,110.0,0,1150.0
538008115,1715158960,-35.033001,19.823833,109.0,0,1140.0
538008115,1715158961,-35.033001,19.823833,109.0,0,1140.0
538008115,1715158972,-35.033249,19.82445,110.0,0,1160.0
538008115,1715158990,-35.033669,19.825518,109.0,0,1140.0
538008115,1715158991,-35.033669,19.825518,109.0,0,1140.0
538008115,1715159020,-35.034248,19.827217,110.0,0,1130.0
538008115,1715159021,-35.034248,19.827217,110.0,0,1130.0
538008115,1715159032,-35.034485,19.82785,110.0,0,1130.0
538008115,1715159050,-35.034866,19.828934,109.0,0,1120.0
538008115,1715159051,-35.034866,19.828934,109.0,0,1120.0
538008115,1715159062,-35.035118,19.829617,109.0,0,1140.0
538008115,1715159071,-35.035267,19.830133,109.0,0,1130.0
538008115,1715159080,-35.035484,19.830633,110.0,0,1130.0
538008115,1715159081,-35.035484,19.830633,110.0,0,1130.0
538008115,1715159092,-35.035702,19.831249,109.0,0,1140.0
538008115,1715159110,-35.036098,19.832317,109.0,0,1130.0
538008115,1715159111,-35.036098,19.832317,109.0,0,1130.0
538008115,1715159115,-35.036098,19.832317,109.0,0,1130.0
538008115,1715159122,-35.036316,19.832951,109.0,0,1130.0
538008115,1715159131,-35.036484,19.83345,109.0,0,1130.0
538008115,1715159137,-35.036484,19.83345,109.0,0,1130.0
538008115,1715159140,-35.036682,19.834017,109.0,0,1120.0
538008115,1715159141,-35.036682,19.834017,109.0,0,1120.0
538008115,1715159150,-35.0369,19.834583,109.0,0,1140.0
538008115,1715159151,-35.0369,19.834583,109.0,0,1140.0
538008115,1715159161,-35.037083,19.83515,109.0,0,1130.0
538008115,1715159170,-35.037266,19.835716,108.0,0,1130.0
538008115,1715159171,-35.037266,19.835716,108.0,0,1130.0
538008115,1715159180,-35.037434,19.836233,108.0,0,1130.0
538008115,1715159191,-35.037682,19.836817,108.0,0,1120.0
538008115,1715159200,-35.037899,19.837383,108.0,0,1130.0
538008115,1715159210,-35.038052,19.837967,107.0,0,1110.0
538008115,1715159211,-35.038052,19.837967,107.0,0,1110.0
538008115,1715159221,-35.038265,19.838583,108.0,0,1120.0
538008115,1715159230,-35.038448,19.8391,108.0,0,1120.0
538008115,1715159231,-35.038448,19.8391,108.0,0,1120.0
538008115,1715159233,-35.038448,19.8391,108.0,0,1120.0
538008115,1715159240,-35.038651,19.839649,108.0,0,1120.0
538008115,1715159251,-35.038849,19.840267,108.0,0,1120.0
538008115,1715159260,-35.039001,19.840782,108.0,0,1110.0
538008115,1715159261,-35.039001,19.840782,108.0,0,1110.0
538008115,1715159270,-35.039185,19.841351,108.0,0,1110.0
538008115,1715159271,-35.039185,19.841351,108.0,0,1110.0
538008115,1715159281,-35.039383,19.8419,107.0,0,1120.0
538008115,1715159290,-35.039581,19.842466,107.0,0,1120.0
538008115,1715159291,-35.039581,19.842466,107.0,0,1120.0
538008115,1715159300,-35.039749,19.842951,107.0,0,1120.0
538008115,1715159320,-35.040134,19.844151,107.0,0,1120.0
538008115,1715159321,-35.040134,19.844151,107.0,0,1120.0
538008115,1715159330,-35.040298,19.844633,107.0,0,1120.0
538008115,1715159331,-35.040298,19.844633,107.0,0,1120.0
538008115,1715159502,-35.043518,19.854033,106.0,0,1120.0
538008115,1715159516,-35.043732,19.854683,105.0,0,1120.0
538008115,1715159563,-35.044632,19.857384,105.0,0,1120.0
538008115,1715159594,-35.045235,19.859068,105.0,0,1120.0
538008115,1715159616,-35.045567,19.860067,104.0,0,1110.0
538008115,1715159793,-35.048866,19.869783,103.0,0,1130.0
538008115,1715159853,-35.04995,19.873068,103.0,0,1110.0
538008115,1715159913,-35.051018,19.876301,102.0,0,1120.0
538008115,1715160622,-35.063766,19.914167,102.0,0,1110.0
538008115,1715160795,-35.066715,19.9233,102.0,0,1120.0
538008115,1715161266,-35.071667,19.950251,104.0,0,970.0
538008115,1715161293,-35.071869,19.952,104.0,0,970.0
538008115,1715161324,-35.072048,19.953833,104.0,0,970.0
538008115,1715161467,-35.072983,19.962032,104.0,0,990.0
538008115,1715161712,-35.074783,19.976717,106.0,0,980.0
538008115,1715161993,-35.076698,19.993433,106.0,0,970.0
538008115,1715162152,-35.077816,20.002983,106.0,0,980.0
538008115,1715162262,-35.078568,20.0096,106.0,0,970.0
538008115,1715162383,-35.079483,20.016867,106.0,0,990.0
538008115,1715162444,-35.079967,20.020416,106.0,0,990.0
538008115,1715162668,-35.081848,20.033667,106.0,0,990.0
538008115,1715163013,-35.084732,20.054733,107.0,0,1000.0
538008115,1715163124,-35.085632,20.061216,107.0,0,990.0
538008115,1715163256,-35.086735,20.069099,107.0,0,980.0
538008115,1715163304,-35.087151,20.0721,106.0,0,990.0
538008115,1715163363,-35.087666,20.075733,107.0,0,1000.0
538008115,1715163505,-35.088833,20.084183,107.0,0,1000.0
538008115,1715163545,-35.089134,20.086651,107.0,0,980.0
538008115,1715163647,-35.089966,20.092667,107.0,0,1000.0
538008115,1715163657,-35.090015,20.093218,107.0,0,980.0
538008115,1715163796,-35.091202,20.1017,107.0,0,990.0
538008115,1715164053,-35.093399,20.117332,106.0,0,1000.0
538008115,1715164153,-35.094284,20.123318,106.0,0,990.0
538008115,1715164197,-35.094666,20.125767,106.0,0,1000.0
538008115,1715164233,-35.095016,20.128099,106.0,0,1000.0
538008115,1715164279,-35.095402,20.130484,106.0,0,1010.0
538008115,1715164393,-35.096451,20.1376,106.0,0,1010.0
538008115,1715164452,-35.096951,20.141199,106.0,0,1000.0
538008115,1715164493,-35.097301,20.1436,106.0,0,1000.0
538008115,1715164513,-35.097485,20.1448,106.0,0,990.0
538008115,1715164575,-35.098049,20.148399,107.0,0,1000.0
538008115,1715164695,-35.099083,20.155634,107.0,0,990.0
538008115,1715164764,-35.099682,20.15995,108.0,0,990.0
538008115,1715164953,-35.101349,20.171368,108.0,0,990.0
538008115,1715165055,-35.102268,20.177467,108.0,0,1000.0
538008115,1715165127,-35.102852,20.1817,107.0,0,1000.0
538008115,1715165282,-35.104198,20.191267,107.0,0,1000.0
538008115,1715165464,-35.105682,20.202133,108.0,0,970.0
538008115,1715165545,-35.1064,20.206984,107.0,0,990.0
538008115,1715165615,-35.106983,20.211201,107.0,0,990.0
538008115,1715165634,-35.107151,20.212351,107.0,0,1000.0
538008115,1715165725,-35.107948,20.21785,108.0,0,990.0
538008115,1715165744,-35.108116,20.219049,107.0,0,990.0
538008115,1715165805,-35.108582,20.222668,108.0,0,970.0
538008115,1715166168,-35.111252,20.244467,107.0,0,990.0
538008115,1715166272,-35.112267,20.251118,107.0,0,1020.0
538008115,1715166337,-35.112865,20.254766,107.0,0,1010.0
538008115,1715166438,-35.113834,20.260767,107.0,0,1000.0
538008115,1715166472,-35.114201,20.263083,107.0,0,1010.0
538008115,1715166517,-35.114582,20.265533,106.0,0,1020.0
538008115,1715166576,-35.11515,20.269051,106.0,0,1010.0
538008115,1715166676,-35.1161,20.275,106.0,0,1000.0
538008115,1715166954,-35.118732,20.291668,106.0,0,1020.0
538008115,1715167098,-35.119865,20.3001,105.0,0,990.0
538008115,1715167330,-35.121799,20.31385,107.0,0,1000.0
538008115,1715167355,-35.122051,20.315582,106.0,0,1010.0
538008115,1715167436,-35.122749,20.320333,106.0,0,990.0
538008115,1715167445,-35.122849,20.320984,106.0,0,1010.0
538008115,1715167464,-35.123001,20.322067,106.0,0,1000.0
538008115,1715167567,-35.123833,20.328217,106.0,0,990.0
538008115,1715167635,-35.124367,20.332216,106.0,0,980.0
538008115,1715167694,-35.124866,20.33585,106.0,0,990.0
538008115,1715167812,-35.125851,20.342934,106.0,0,1000.0
538008115,1715167824,-35.12595,20.343651,105.0,0,980.0
538008115,1715167917,-35.126682,20.348917,105.0,0,990.0
538008115,1715168033,-35.127731,20.356016,105.0,0,990.0
538008115,1715168036,-35.127731,20.356016,105.0,0,990.0
538008115,1715168063,-35.127983,20.3578,105.0,0,990.0
538008115,1715168147,-35.128616,20.362583,105.0,0,980.0
538008115,1715168207,-35.129082,20.366133,105.0,0,1000.0
538008115,1715168562,-35.132099,20.387234,105.0,0,1000.0
538008115,1715168813,-35.134201,20.401983,103.0,0,1010.0
538008115,1715168885,-35.134834,20.40605,103.0,0,1000.0
538008115,1715168933,-35.13525,20.409,104.0,0,1000.0
538008115,1715169056,-35.136299,20.416033,104.0,0,990.0
538008115,1715169131,-35.136967,20.420532,104.0,0,1000.0
538008115,1715169203,-35.137585,20.424801,103.0,0,990.0
538008115,1715169243,-35.137932,20.427082,104.0,0,1000.0
538008115,1715169373,-35.138985,20.434601,103.0,0,1000.0
538008115,1715169406,-35.139267,20.436417,103.0,0,1000.0
538008115,1715169668,-35.141533,20.451483,103.0,0,1010.0
538008115,1715169793,-35.142651,20.45895,103.0,0,1000.0
538008115,1715170008,-35.144268,20.471216,103.0,0,990.0
538008115,1715170177,-35.145649,20.481068,104.0,0,980.0
538008115,1715170221,-35.146034,20.483833,103.0,0,990.0
538008115,1715170254,-35.146267,20.485701,102.0,0,980.0
538008115,1715170303,-35.146667,20.488466,102.0,0,1000.0
538008115,1715170374,-35.147251,20.49255,103.0,0,990.0
538008115,1715170438,-35.147781,20.49605,103.0,0,1000.0
538008115,1715170583,-35.148918,20.504683,103.0,0,1000.0
538008115,1715170647,-35.149349,20.508167,102.0,0,980.0
538008115,1715170883,-35.151382,20.522066,104.0,0,990.0
538008115,1715171096,-35.153,20.534283,103.0,0,980.0
538008115,1715171194,-35.153816,20.54015,104.0,0,1000.0
538008115,1715171285,-35.154533,20.545383,103.0,0,1000.0
538008115,1715171306,-35.154667,20.546551,104.0,0,980.0
538008115,1715171343,-35.155018,20.548866,103.0,0,1010.0
538008115,1715171376,-35.155285,20.5506,104.0,0,1000.0
538008115,1715171408,-35.155602,20.552299,103.0,0,1000.0
538008115,1715171456,-35.155983,20.555134,102.0,0,970.0
538008115,1715171464,-35.156067,20.555767,102.0,0,990.0
538008115,1715171535,-35.156601,20.559616,101.0,0,1000.0
538008115,1715171563,-35.156883,20.561317,102.0,0,1000.0
538008115,1715171614,-35.157349,20.564266,101.0,0,1000.0
538008115,1715171723,-35.158367,20.570333,101.0,0,1020.0
538008115,1715171736,-35.158482,20.57095,102.0,0,1020.0
538008115,1715171792,-35.158981,20.574417,101.0,0,1000.0
538008115,1715171883,-35.159733,20.579384,101.0,0,1000.0
538008115,1715171993,-35.160568,20.585133,101.0,0,990.0
538008115,1715172176,-35.162216,20.595783,100.0,0,1000.0
538008115,1715172334,-35.163467,20.604683,100.0,0,980.0
538008115,1715172392,-35.163933,20.608133,101.0,0,980.0
538008115,1715172575,-35.16515,20.6182,100.0,0,980.0
538008115,1715173015,-35.168385,20.642866,100.0,0,970.0
538008115,1715173133,-35.169315,20.649584,100.0,0,990.0
538008115,1715173214,-35.169918,20.654034,100.0,0,990.0
538008115,1715173316,-35.1707,20.659718,101.0,0,980.0
538008115,1715173334,-35.170818,20.660801,100.0,0,980.0
538008115,1715173448,-35.17165,20.667133,101.0,0,990.0
538008115,1715173454,-35.171684,20.667583,100.0,0,970.0
538008115,1715173576,-35.172585,20.674417,101.0,0,980.0
538008115,1715173694,-35.1735,20.68115,101.0,0,1000.0
538008115,1715173843,-35.174099,20.689716,99.0,0,900.0
538008115,1715173915,-35.174,20.693716,100.0,0,870.0
538008115,1715173963,-35.173866,20.696501,100.0,0,860.0
538008115,1715174054,-35.173431,20.701668,100.0,0,840.0
538008115,1715174164,-35.173035,20.708017,101.0,0,850.0
538008115,1715174277,-35.172634,20.714199,101.0,0,850.0
538008115,1715174614,-35.171501,20.733883,103.0,0,860.0
538008115,1715174817,-35.170769,20.745501,102.0,0,850.0
538008115,1715174953,-35.170334,20.753599,101.0,0,870.0
538008115,1715175232,-35.169434,20.769817,102.0,0,870.0
538008115,1715175402,-35.168865,20.7791,102.0,0,860.0
538008115,1715175412,-35.168816,20.780132,101.0,0,860.0
538008115,1715175558,-35.16835,20.7883,101.0,0,860.0
538008115,1715175695,-35.167751,20.796301,102.0,0,840.0
538008115,1715175812,-35.167351,20.803101,101.0,0,850.0
538008115,1715175833,-35.167267,20.804367,101.0,0,860.0
538008115,1715175876,-35.167118,20.806601,101.0,0,850.0
538008115,1715175926,-35.167,20.809483,102.0,0,860.0
538008115,1715176175,-35.166065,20.823933,102.0,0,840.0
538008115,1715176284,-35.1656,20.83025,101.0,0,840.0
538008115,1715176425,-35.165051,20.838234,100.0,0,850.0
538008115,1715176523,-35.164635,20.84395,100.0,0,840.0
538008115,1715176545,-35.164551,20.845051,101.0,0,840.0
538008115,1715176653,-35.16415,20.8514,101.0,0,860.0
538008115,1715176794,-35.163567,20.8594,101.0,0,850.0
538008115,1715176883,-35.163166,20.864532,100.0,0,840.0
538008115,1715177254,-35.161518,20.88575,101.0,0,840.0
538008115,1715177263,-35.161499,20.886267,101.0,0,850.0
538008115,1715177384,-35.161083,20.893167,102.0,0,850.0
538008115,1715177406,-35.161018,20.894333,102.0,0,850.0
538008115,1715177546,-35.160366,20.9025,102.0,0,840.0
538008115,1715177587,-35.160198,20.904783,102.0,0,850.0
538008115,1715177644,-35.159931,20.908234,103.0,0,840.0
538008115,1715177697,-35.159698,20.911133,103.0,0,830.0
538008115,1715177806,-35.159199,20.917517,102.0,0,850.0
538008115,1715177922,-35.158669,20.9245,102.0,0,830.0
538008115,1715177994,-35.158401,20.92865,103.0,0,850.0
538008115,1715178164,-35.157684,20.938551,103.0,0,850.0
538008115,1715178256,-35.157249,20.943884,104.0,0,850.0
538008115,1715178275,-35.15715,20.945049,104.0,0,840.0
538008115,1715178295,-35.157032,20.946182,104.0,0,840.0
538008115,1715178396,-35.156567,20.952118,104.0,0,840.0
538008115,1715178493,-35.156082,20.95805,105.0,0,850.0
538008115,1715178625,-35.155518,20.965717,104.0,0,850.0
538008115,1715178805,-35.154652,20.976351,104.0,0,840.0
538008115,1715178835,-35.154484,20.978132,105.0,0,830.0
538008115,1715179284,-35.152431,21.004868,106.0,0,840.0
538008115,1715179456,-35.151649,21.015118,106.0,0,840.0
538008115,1715180064,-35.148117,21.051434,105.0,0,830.0
538008115,1715180465,-35.145649,21.075268,106.0,0,810.0
538008115,1715180583,-35.144917,21.082483,106.0,0,830.0
538008115,1715180715,-35.144115,21.090233,106.0,0,820.0
538008115,1715181073,-35.141869,21.11165,106.0,0,820.0
538008115,1715181187,-35.141201,21.11825,106.0,0,830.0
538008115,1715181556,-35.138901,21.140249,106.0,0,820.0
538008115,1715181623,-35.138451,21.144484,106.0,0,820.0
538008115,1715181993,-35.136131,21.166517,107.0,0,820.0
538008115,1715182184,-35.134968,21.177933,106.0,0,820.0
538008115,1715182208,-35.13485,21.179182,106.0,0,830.0
538008115,1715182365,-35.133835,21.188683,107.0,0,820.0
538008115,1715182525,-35.132832,21.198351,106.0,0,820.0
538008115,1715182875,-35.13065,21.219334,106.0,0,820.0
538008115,1715182955,-35.1301,21.224051,106.0,0,810.0
538008115,1715183075,-35.129318,21.231216,104.0,0,820.0
538008115,1715183272,-35.127949,21.243134,105.0,0,810.0
538008115,1715183441,-35.126968,21.253283,106.0,0,830.0
538008115,1715183515,-35.126534,21.257401,106.0,0,830.0
538008115,1715183527,-35.126484,21.258051,106.0,0,820.0
538008115,1715183607,-35.125984,21.262882,106.0,0,820.0
538008115,1715184336,-35.121132,21.306433,106.0,0,820.0
538008115,1715184485,-35.120132,21.31535,106.0,0,810.0
538008115,1715184544,-35.119717,21.318951,106.0,0,820.0
538008115,1715184596,-35.119385,21.322001,106.0,0,820.0
538008115,1715184693,-35.118698,21.327999,107.0,0,810.0
538008115,1715184773,-35.118168,21.332783,107.0,0,810.0
538008115,1715184967,-35.116867,21.344168,108.0,0,810.0
538008115,1715185066,-35.116165,21.3503,107.0,0,820.0
538008115,1715185189,-35.115368,21.35745,107.0,0,820.0
538008115,1715185614,-35.112133,21.3832,106.0,0,820.0
538008115,1715186063,-35.11145,21.41025,105.0,0,850.0
538008115,1715186118,-35.111183,21.413349,106.0,0,840.0
538008115,1715186127,-35.111168,21.413883,106.0,0,840.0
538008115,1715186215,-35.110683,21.419317,107.0,0,830.0
538008115,1715186315,-35.110134,21.425333,106.0,0,840.0
538008115,1715186345,-35.109982,21.427168,107.0,0,850.0
538008115,1715186487,-35.109402,21.435633,107.0,0,840.0
538008115,1715186565,-35.10915,21.440617,107.0,0,860.0
538008115,1715186744,-35.108768,21.4515,107.0,0,870.0
538008115,1715186836,-35.108517,21.457033,108.0,0,860.0
538008115,1715186934,-35.108299,21.463234,108.0,0,880.0
538008115,1715187054,-35.10815,21.4706,107.0,0,890.0
538008115,1715187084,-35.10815,21.472433,107.0,0,890.0
538008115,1715187244,-35.10815,21.482149,108.0,0,900.0
538008115,1715187296,-35.108082,21.48535,108.0,0,880.0
538008115,1715187793,-35.107765,21.516199,109.0,0,890.0
538008115,1715187853,-35.1077,21.51985,109.0,0,890.0
538008115,1715187955,-35.107601,21.526133,109.0,0,890.0
538008115,1715188095,-35.107433,21.534883,109.0,0,880.0
538008115,1715188176,-35.107368,21.5397,109.0,0,890.0
538008115,1715188332,-35.107166,21.549583,108.0,0,860.0
538008115,1715188446,-35.106815,21.5564,109.0,0,860.0
538008115,1715188554,-35.106434,21.563232,109.0,0,850.0
538008115,1715188686,-35.105885,21.571167,108.0,0,850.0
538008115,1715188696,-35.105865,21.571716,108.0,0,850.0
538008115,1715188745,-35.105682,21.574783,109.0,0,860.0
538008115,1715188752,-35.105652,21.575399,108.0,0,850.0
538008115,1715188914,-35.105118,21.585251,109.0,0,860.0
538008115,1715189016,-35.104698,21.591383,109.0,0,850.0
538008115,1715189084,-35.104366,21.595682,108.0,0,840.0
538008115,1715189153,-35.104149,21.600067,108.0,0,850.0
538008115,1715189206,-35.104015,21.602983,108.0,0,860.0
538008115,1715189214,-35.103966,21.603666,108.0,0,850.0
538008115,1715189356,-35.103382,21.612267,108.0,0,850.0
538008115,1715189378,-35.103298,21.613434,108.0,0,850.0
538008115,1715189540,-35.102634,21.623333,108.0,0,850.0
538008115,1715190113,-35.100368,21.6588,108.0,0,850.0
538008115,1715190206,-35.099983,21.664433,108.0,0,850.0
538008115,1715190476,-35.099731,21.680918,108.0,0,920.0
538008115,1715190633,-35.099968,21.690767,108.0,0,910.0
538008115,1715190666,-35.099998,21.692533,108.0,0,910.0
538008115,1715190724,-35.100033,21.696217,108.0,0,900.0
538008115,1715190886,-35.100101,21.706051,109.0,0,900.0
538008115,1715191187,-35.100449,21.7246,109.0,0,920.0
538008115,1715191795,-35.099567,21.7624,110.0,0,870.0
538008115,1715191816,-35.099468,21.763718,110.0,0,860.0
538008115,1715191836,-35.099449,21.765017,110.0,0,870.0
538008115,1715191854,-35.0994,21.766167,110.0,0,860.0
538008115,1715191896,-35.099316,21.768717,109.0,0,880.0
538008115,1715191957,-35.099167,21.772467,109.0,0,870.0
538008115,1715192017,-35.099098,21.776283,109.0,0,890.0
538008115,1715192076,-35.099201,21.779934,110.0,0,920.0
538008115,1715192467,-35.099785,21.804317,111.0,0,900.0
538008115,1715192624,-35.099934,21.814367,111.0,0,910.0
538008115,1715192686,-35.099998,21.818068,111.0,0,910.0
538008115,1715192801,-35.100132,21.825033,111.0,0,900.0
538008115,1715192853,-35.10025,21.828751,111.0,0,920.0
538008115,1715193065,-35.100368,21.841917,109.0,0,870.0
538008115,1715193103,-35.100315,21.844334,109.0,0,890.0
538008115,1715193122,-35.1003,21.845633,109.0,0,890.0
538008115,1715193765,-35.101017,21.885317,109.0,0,890.0
538008115,1715194095,-35.101002,21.905718,109.0,0,890.0
538008115,1715194117,-35.101017,21.907066,109.0,0,890.0
538008115,1715194213,-35.101067,21.913151,109.0,0,900.0
538008115,1715194326,-35.101234,21.920033,110.0,0,910.0
538008115,1715194595,-35.101418,21.936733,109.0,0,910.0
538008115,1715194624,-35.101482,21.938601,110.0,0,920.0
538008115,1715194746,-35.10165,21.946051,109.0,0,900.0
538008115,1715194956,-35.101933,21.959084,110.0,0,910.0
538008115,1715195006,-35.102032,21.962151,110.0,0,930.0
538008115,1715195136,-35.1022,21.970266,110.0,0,900.0
538008115,1715195203,-35.102283,21.974567,110.0,0,910.0
538008115,1715195424,-35.1026,21.988317,110.0,0,910.0
538008115,1715195484,-35.102684,21.992117,110.0,0,910.0
538008115,1715195753,-35.103001,22.008949,110.0,0,900.0
538008115,1715195963,-35.103401,22.022118,111.0,0,910.0
538008115,1715196528,-35.101768,22.056732,108.0,0,770.0
538008115,1715196596,-35.101067,22.060932,108.0,0,770.0
538008115,1715196625,-35.100765,22.0627,109.0,0,780.0
538008115,1715196953,-35.097733,22.082466,107.0,0,780.0
538008115,1715197193,-35.095001,22.096649,105.0,0,740.0
538008115,1715197313,-35.093681,22.103582,105.0,0,770.0
538008115,1715197383,-35.093082,22.107616,103.0,0,790.0
538008115,1715197546,-35.091648,22.116899,102.0,0,780.0
538008115,1715197695,-35.090351,22.125517,102.0,0,790.0
538008115,1715197755,-35.089832,22.128967,102.0,0,790.0
538008115,1715198043,-35.087215,22.145468,101.0,0,780.0
538008115,1715198065,-35.087032,22.146549,101.0,0,780.0
538008115,1715198135,-35.086369,22.150566,102.0,0,780.0
538008115,1715198265,-35.085182,22.157967,101.0,0,790.0
538008115,1715198325,-35.084633,22.161367,101.0,0,780.0
538008115,1715198387,-35.084068,22.164818,101.0,0,780.0
538008115,1715198663,-35.081516,22.180651,103.0,0,810.0
538008115,1715198677,-35.081432,22.181284,102.0,0,800.0
538008115,1715198756,-35.080898,22.185867,101.0,0,810.0
538008115,1715198878,-35.080101,22.192751,101.0,0,830.0
538008115,1715198934,-35.079681,22.196182,101.0,0,810.0
538008115,1715199245,-35.077,22.213949,103.0,0,780.0
538008115,1715199355,-35.07605,22.2202,102.0,0,790.0
538008115,1715199407,-35.075649,22.223083,103.0,0,790.0
538008115,1715199437,-35.075417,22.224751,102.0,0,790.0
538008115,1715199566,-35.074284,22.232218,103.0,0,790.0
538008115,1715199766,-35.072666,22.243732,103.0,0,810.0
538008115,1715199792,-35.072418,22.245518,103.0,0,800.0
538008115,1715199801,-35.072334,22.246082,103.0,0,790.0
538008115,1715199802,-35.072334,22.246082,103.0,0,790.0
538008115,1715199812,-35.072266,22.246668,103.0,0,800.0
538008115,1715199820,-35.072182,22.247168,102.0,0,800.0
538008115,1715199821,-35.072182,22.247168,102.0,0,800.0
538008115,1715199851,-35.071949,22.248899,102.0,0,790.0
538008115,1715199852,-35.071949,22.248899,102.0,0,790.0
538008115,1715199872,-35.071751,22.250168,102.0,0,790.0
538008115,1715199880,-35.071682,22.250616,103.0,0,780.0
538008115,1715199881,-35.071682,22.250616,103.0,0,780.0
538008115,1715199886,-35.071682,22.250616,103.0,0,780.0
538008115,1715199890,-35.071617,22.2512,103.0,0,800.0
538008115,1715199891,-35.071617,22.2512,103.0,0,800.0
538008115,1715199921,-35.071335,22.252983,103.0,0,790.0
538008115,1715199932,-35.071251,22.25355,102.0,0,790.0
538008115,1715199941,-35.071182,22.254066,102.0,0,800.0
538008115,1715200010,-35.070633,22.258066,102.0,0,800.0
538008115,1715200021,-35.070549,22.258682,102.0,0,800.0
538008115,1715200022,-35.070549,22.258682,102.0,0,800.0
538008115,1715200051,-35.070301,22.260418,103.0,0,800.0
538008115,1715200052,-35.070301,22.260418,103.0,0,800.0
538008115,1715200070,-35.070148,22.261482,102.0,0,800.0
538008115,1715200071,-35.070148,22.261482,102.0,0,800.0
538008115,1715200081,-35.070049,22.262117,102.0,0,790.0
538008115,1715200082,-35.070049,22.262117,102.0,0,790.0
538008115,1715200091,-35.069965,22.262684,102.0,0,800.0
538008115,1715200101,-35.069866,22.26325,102.0,0,800.0
538008115,1715200102,-35.069866,22.26325,102.0,0,800.0
538008115,1715200111,-35.069801,22.263832,102.0,0,790.0
538008115,1715200112,-35.069801,22.263832,102.0,0,790.0
538008115,1715200121,-35.069733,22.264351,102.0,0,800.0
538008115,1715200130,-35.069633,22.264851,102.0,0,780.0
538008115,1715200131,-35.069633,22.264851,102.0,0,780.0
538008115,1715200141,-35.069569,22.265551,103.0,0,800.0
538008115,1715200142,-35.069569,22.265551,103.0,0,800.0
538008115,1715200151,-35.069485,22.266117,102.0,0,800.0
538008115,1715200152,-35.069485,22.266117,102.0,0,800.0
538008115,1715200161,-35.069401,22.266701,103.0,0,800.0
538008115,1715200171,-35.069317,22.267267,103.0,0,800.0
538008115,1715200181,-35.069233,22.267851,103.0,0,800.0
538008115,1715200221,-35.068916,22.270132,103.0,0,800.0
538008115,1715200301,-35.068283,22.274733,103.0,0,800.0
538008115,1715200306,-35.068283,22.274733,103.0,0,800.0
538008115,1715200311,-35.068199,22.275316,103.0,0,800.0
538008115,1715200312,-35.068199,22.275316,103.0,0,800.0
538008115,1715200331,-35.068031,22.276466,103.0,0,800.0
538008115,1715200332,-35.068031,22.276466,103.0,0,800.0
538008115,1715200341,-35.067951,22.277033,103.0,0,800.0
538008115,1715200401,-35.067417,22.280466,102.0,0,780.0
538008115,1715200402,-35.067417,22.280466,102.0,0,780.0
538008115,1715200421,-35.067284,22.281616,103.0,0,800.0
538008115,1715200431,-35.067165,22.282133,103.0,0,780.0
538008115,1715200432,-35.067165,22.282133,103.0,0,780.0
538008115,1715200441,-35.067101,22.2827,103.0,0,790.0
538008115,1715200442,-35.067101,22.2827,103.0,0,790.0
538008115,1715200445,-35.067101,22.2827,103.0,0,790.0
538008115,1715200576,-35.066082,22.289667,103.0,0,800.0
538008115,1715200946,-35.062901,22.311583,103.0,0,800.0
538008115,1715201023,-35.062183,22.316084,104.0,0,790.0
538008115,1715201184,-35.060833,22.325399,104.0,0,810.0
538008115,1715201236,-35.060482,22.3284,104.0,0,820.0
538008115,1715201317,-35.059933,22.333082,104.0,0,810.0
538008115,1715201415,-35.059349,22.338966,105.0,0,840.0
538008115,1715201464,-35.0592,22.341949,104.0,0,870.0
538008115,1715201586,-35.05925,22.3491,105.0,0,920.0
538008115,1715201594,-35.059299,22.349684,105.0,0,930.0
538008115,1715201616,-35.059334,22.350849,104.0,0,920.0
538008115,1715202633,-35.058048,22.4116,105.0,0,880.0
538008115,1715202652,-35.058018,22.4128,105.0,0,870.0
538008115,1715202795,-35.057652,22.421167,104.0,0,860.0
538008115,1715202965,-35.057384,22.431232,105.0,0,880.0
538008115,1715203083,-35.057201,22.438334,105.0,0,870.0
538008115,1715203213,-35.05695,22.446033,105.0,0,880.0
538008115,1715203327,-35.056751,22.452482,105.0,0,880.0
538008115,1715203413,-35.056583,22.457884,105.0,0,880.0
538008115,1715203533,-35.056435,22.465017,105.0,0,890.0
538008115,1715203603,-35.056381,22.469049,105.0,0,890.0
538008115,1715203854,-35.056019,22.483932,104.0,0,880.0
538008115,1715203902,-35.055901,22.48675,104.0,0,870.0
538008115,1715203975,-35.055832,22.490967,103.0,0,890.0
538008115,1715204002,-35.055817,22.492683,104.0,0,890.0
538008115,1715204157,-35.055717,22.501551,103.0,0,880.0
538008115,1715204354,-35.055267,22.512083,103.0,0,860.0
538008115,1715204443,-35.054981,22.518551,104.0,0,870.0
538008115,1715204503,-35.054832,22.521999,104.0,0,870.0
538008115,1715204785,-35.054134,22.538383,104.0,0,860.0
538008115,1715204813,-35.054066,22.540016,104.0,0,860.0
538008115,1715204833,-35.053982,22.541233,103.0,0,850.0
538008115,1715204883,-35.053848,22.544216,104.0,0,860.0
538008115,1715204946,-35.053665,22.547716,103.0,0,850.0
538008115,1715205074,-35.053333,22.555283,104.0,0,860.0
538008115,1715205173,-35.05315,22.561132,104.0,0,870.0
538008115,1715205253,-35.053032,22.565817,104.0,0,880.0
538008115,1715205333,-35.052849,22.570482,103.0,0,870.0
538008115,1715205401,-35.052715,22.574568,103.0,0,860.0
538008115,1715205402,-35.052715,22.574568,103.0,0,860.0
538008115,1715205410,-35.052715,22.57515,104.0,0,880.0
538008115,1715205421,-35.0527,22.575733,103.0,0,870.0
538008115,1715205422,-35.0527,22.575733,103.0,0,870.0
538008115,1715205430,-35.052666,22.5763,103.0,0,870.0
538008115,1715205431,-35.052666,22.5763,103.0,0,870.0
538008115,1715205450,-35.052616,22.577482,103.0,0,870.0
538008115,1715205461,-35.052601,22.578117,103.0,0,860.0
538008115,1715205462,-35.052601,22.578117,103.0,0,860.0
538008115,1715205470,-35.052601,22.57865,103.0,0,870.0
538008115,1715205471,-35.052601,22.57865,103.0,0,870.0
538008115,1715205481,-35.052567,22.579283,103.0,0,870.0
538008115,1715205484,-35.052567,22.579283,103.0,0,870.0
538008115,1715205491,-35.052567,22.579817,103.0,0,880.0
538008115,1715205510,-35.052517,22.580917,103.0,0,870.0
538008115,1715205521,-35.052502,22.581617,103.0,0,870.0
538008115,1715205522,-35.052502,22.581617,103.0,0,870.0
538008115,1715205528,-35.052502,22.581617,103.0,0,870.0
538008115,1715205541,-35.052448,22.582783,103.0,0,870.0
538008115,1715205542,-35.052448,22.582783,103.0,0,870.0
538008115,1715205552,-35.052448,22.583366,103.0,0,880.0
538008115,1715205561,-35.052433,22.583883,103.0,0,880.0
538008115,1715205562,-35.052433,22.583883,103.0,0,880.0
538008115,1715205570,-35.052433,22.584417,104.0,0,880.0
538008115,1715205581,-35.052399,22.585068,104.0,0,870.0
538008115,1715205582,-35.052399,22.585068,104.0,0,870.0
538008115,1715205601,-35.052383,22.586283,104.0,0,880.0
538008115,1715205612,-35.052349,22.586884,103.0,0,870.0
538008115,1715205621,-35.052334,22.58745,104.0,0,870.0
538008115,1715205622,-35.052334,22.58745,104.0,0,870.0
538008115,1715205630,-35.052299,22.587982,103.0,0,860.0
538008115,1715205641,-35.052299,22.588633,103.0,0,870.0
538008115,1715205642,-35.052299,22.588633,103.0,0,870.0
538008115,1715205651,-35.052299,22.589149,103.0,0,880.0
538008115,1715205661,-35.052284,22.5898,103.0,0,880.0
538008115,1715205662,-35.052284,22.5898,103.0,0,880.0
538008115,1715205681,-35.05225,22.5909,104.0,0,880.0
538008115,1715205690,-35.052235,22.591482,103.0,0,880.0
538008115,1715205691,-35.052235,22.591482,103.0,0,880.0
538008115,1715205693,-35.052235,22.591482,103.0,0,880.0
538008115,1715205701,-35.052235,22.592068,104.0,0,880.0
538008115,1715205711,-35.052216,22.592649,104.0,0,880.0
538008115,1715205721,-35.052181,22.593233,103.0,0,870.0
538008115,1715205722,-35.052181,22.593233,103.0,0,870.0
538008115,1715205732,-35.052166,22.593884,103.0,0,870.0
538008115,1715205750,-35.052151,22.594982,104.0,0,890.0
538008115,1715205751,-35.052151,22.594982,104.0,0,890.0
538008115,1715205753,-35.052151,22.594982,104.0,0,890.0
538008115,1715205772,-35.052101,22.596268,104.0,0,870.0
538008115,1715205792,-35.052067,22.597383,103.0,0,870.0
538008115,1715205801,-35.052067,22.597967,103.0,0,870.0
538008115,1715205802,-35.052067,22.597967,103.0,0,870.0
538008115,1715205810,-35.052052,22.598499,103.0,0,880.0
538008115,1715205811,-35.052052,22.598499,103.0,0,880.0
538008115,1715205870,-35.051949,22.60195,103.0,0,870.0
538008115,1715205871,-35.051949,22.60195,103.0,0,870.0
538008115,1715205892,-35.051933,22.6033,103.0,0,880.0
538008115,1715205921,-35.051868,22.605,104.0,0,860.0
538008115,1715205956,-35.051819,22.6068,103.0,0,870.0
538008115,1715205975,-35.051785,22.607866,103.0,0,860.0
538008115,1715205983,-35.051731,22.6085,103.0,0,860.0
538008115,1715206089,-35.051533,22.614384,103.0,0,870.0
538008115,1715206163,-35.05135,22.618982,103.0,0,860.0
538008115,1715206212,-35.051266,22.621817,103.0,0,860.0
538008115,1715206328,-35.051102,22.62825,103.0,0,880.0
538008115,1715206333,-35.051083,22.628782,102.0,0,870.0
538008115,1715206453,-35.050884,22.635767,102.0,0,860.0
538008115,1715206843,-35.050282,22.658251,102.0,0,890.0
538008115,1715206939,-35.050217,22.661734,102.0,0,890.0
538008115,1715207233,-35.049732,22.680866,103.0,0,890.0
538008115,1715207425,-35.049534,22.691917,102.0,0,890.0
538008115,1715207603,-35.0494,22.702368,102.0,0,880.0
538008115,1715207845,-35.049168,22.716217,102.0,0,890.0
538008115,1715208045,-35.04895,22.72765,102.0,0,880.0
538008115,1715208055,-35.048916,22.728283,101.0,0,870.0
538008115,1715208094,-35.048866,22.730516,102.0,0,880.0
538008115,1715208163,-35.048801,22.734568,102.0,0,880.0
538008115,1715208202,-35.048752,22.736883,102.0,0,870.0
538008115,1715208344,-35.048618,22.744967,101.0,0,890.0
538008115,1715208375,-35.04855,22.746683,102.0,0,880.0
538008115,1715208433,-35.0485,22.750134,102.0,0,870.0
538008115,1715208464,-35.048485,22.751867,102.0,0,890.0
538008115,1715208537,-35.048431,22.755966,103.0,0,880.0
538008115,1715208539,-35.048431,22.755966,103.0,0,880.0
538008115,1715208654,-35.048283,22.762899,102.0,0,870.0
538008115,1715208664,-35.048248,22.763416,103.0,0,870.0
538008115,1715208834,-35.047832,22.7733,103.0,0,860.0
538008115,1715208876,-35.047749,22.775499,102.0,0,870.0
538008115,1715209023,-35.047482,22.784218,103.0,0,880.0
538008115,1715209134,-35.047199,22.790701,102.0,0,870.0
538008115,1715209244,-35.046967,22.797016,101.0,0,870.0
538008115,1715209365,-35.046719,22.803984,103.0,0,860.0
538008115,1715209534,-35.046398,22.813967,103.0,0,880.0
538008115,1715209653,-35.046165,22.820967,104.0,0,860.0
538008115,1715209734,-35.046082,22.825718,103.0,0,880.0
538008115,1715209846,-35.045967,22.832184,104.0,0,880.0
538008115,1715209884,-35.045933,22.834534,104.0,0,880.0
538008115,1715209939,-35.045818,22.837482,103.0,0,870.0
538008115,1715210024,-35.045715,22.842768,104.0,0,880.0
538008115,1715210053,-35.045685,22.844534,104.0,0,880.0
538008115,1715210204,-35.045582,22.85335,104.0,0,900.0
538008115,1715210533,-35.044983,22.872766,105.0,0,870.0
538008115,1715210573,-35.044918,22.875116,104.0,0,870.0
538008115,1715210773,-35.044582,22.886932,105.0,0,870.0
538008115,1715210914,-35.044285,22.895218,105.0,0,870.0
538008115,1715210924,-35.044266,22.895849,105.0,0,880.0
538008115,1715211194,-35.043751,22.91185,105.0,0,880.0
538008115,1715211213,-35.043716,22.912983,105.0,0,880.0
538008115,1715211287,-35.043598,22.917168,104.0,0,870.0
538008115,1715211343,-35.043533,22.920767,104.0,0,890.0
538008115,1715211645,-35.042999,22.9384,105.0,0,880.0
538008115,1715211674,-35.042934,22.940184,105.0,0,880.0
538008115,1715211773,-35.042801,22.946033,105.0,0,880.0
538008115,1715211853,-35.042667,22.950817,104.0,0,880.0
538008115,1715212305,-35.041634,22.977467,105.0,0,870.0
538008115,1715212561,-35.041168,22.992867,105.0,0,880.0
538008115,1715212805,-35.040634,23.00705,106.0,0,870.0
538008115,1715212957,-35.040333,23.01615,105.0,0,880.0
538008115,1715213015,-35.040249,23.0198,106.0,0,880.0
538008115,1715213134,-35.040115,23.026882,105.0,0,880.0
538008115,1715213142,-35.040115,23.027399,106.0,0,870.0
538008115,1715213235,-35.040016,23.032784,105.0,0,890.0
538008115,1715213333,-35.039917,23.038782,105.0,0,890.0
538008115,1715213477,-35.039768,23.04705,105.0,0,880.0
538008115,1715213514,-35.039665,23.049467,105.0,0,870.0
538008115,1715213626,-35.039516,23.056101,105.0,0,890.0
538008115,1715213684,-35.039398,23.059616,105.0,0,870.0
538008115,1715213846,-35.039219,23.069099,105.0,0,870.0
538008115,1715213954,-35.038982,23.075583,105.0,0,870.0
538008115,1715214043,-35.038784,23.080933,105.0,0,870.0
538008115,1715214212,-35.038467,23.091066,105.0,0,870.0
538008115,1715214232,-35.038448,23.092318,106.0,0,880.0
538008115,1715214356,-35.038181,23.099417,106.0,0,880.0
538008115,1715214423,-35.038067,23.103582,106.0,0,880.0
538008115,1715214491,-35.037899,23.1077,105.0,0,860.0
538008115,1715214596,-35.037731,23.113733,106.0,0,880.0
538008115,1715214653,-35.037617,23.117317,106.0,0,880.0
538008115,1715214744,-35.037468,23.1227,106.0,0,870.0
538008115,1715214762,-35.037434,23.123966,106.0,0,880.0
538008115,1715214847,-35.037266,23.12875,106.0,0,870.0
538008115,1715214970,-35.037033,23.135883,106.0,0,880.0
538008115,1715215046,-35.03685,23.140766,106.0,0,880.0
538008115,1715215103,-35.036751,23.144367,106.0,0,870.0
538008115,1715215194,-35.036568,23.149717,106.0,0,870.0
538008115,1715215312,-35.036331,23.156933,107.0,0,880.0
538008115,1715215334,-35.036282,23.158199,106.0,0,870.0
538008115,1715215468,-35.036068,23.166033,107.0,0,880.0
538008115,1715215538,-35.035915,23.170218,107.0,0,880.0
538008115,1715215546,-35.035915,23.170816,107.0,0,880.0
538008115,1715215584,-35.035816,23.1733,107.0,0,870.0
538008115,1715215613,-35.035751,23.1751,107.0,0,880.0
538008115,1715215707,-35.0355,23.180483,107.0,0,870.0
538008115,1715215733,-35.035435,23.182301,108.0,0,870.0
538008115,1715215823,-35.035149,23.187817,107.0,0,860.0
538008115,1715216047,-35.034668,23.201134,107.0,0,880.0
538008115,1715216162,-35.034416,23.208332,107.0,0,870.0
538008115,1715216354,-35.034,23.2199,108.0,0,880.0
538008115,1715216424,-35.033867,23.224216,107.0,0,870.0
538008115,1715217049,-35.032982,23.26215,108.0,0,880.0
538008115,1715217095,-35.032967,23.265217,108.0,0,890.0
538008115,1715217302,-35.032749,23.277967,108.0,0,870.0
538008115,1715217363,-35.032635,23.281549,108.0,0,890.0
538008115,1715217635,-35.032051,23.29805,107.0,0,860.0
538008115,1715217764,-35.0317,23.305799,106.0,0,850.0
538008115,1715217862,-35.031502,23.311817,105.0,0,880.0
538008115,1715217941,-35.0313,23.316584,106.0,0,870.0
538008115,1715218473,-35.030334,23.34795,103.0,0,870.0
538008115,1715218607,-35.030132,23.355568,103.0,0,880.0
538008115,1715218743,-35.029984,23.363733,103.0,0,880.0
538008115,1715218908,-35.029781,23.373068,103.0,0,880.0
538008115,1715218942,-35.029716,23.375401,103.0,0,880.0
538008115,1715219094,-35.029518,23.384117,103.0,0,870.0
538008115,1715219142,-35.029434,23.387033,103.0,0,880.0
538008115,1715219213,-35.029331,23.391132,103.0,0,890.0
538008115,1715219252,-35.029251,23.393534,103.0,0,870.0
538008115,1715219494,-35.028801,23.407516,103.0,0,880.0
538008115,1715219633,-35.028568,23.415583,102.0,0,870.0
538008115,1715219794,-35.028332,23.424784,102.0,0,880.0
538008115,1715219803,-35.028301,23.425417,102.0,0,880.0
538008115,1715219903,-35.028198,23.431133,101.0,0,890.0
538008115,1715219923,-35.028198,23.432283,101.0,0,880.0
538008115,1715220245,-35.027966,23.450382,99.0,0,880.0
538008115,1715220386,-35.027649,23.45825,98.0,0,860.0
538008115,1715220395,-35.027634,23.458817,98.0,0,870.0
538008115,1715220473,-35.0275,23.463266,98.0,0,880.0
538008115,1715220493,-35.027485,23.464268,98.0,0,890.0
538008115,1715220544,-35.027416,23.467167,98.0,0,880.0
538008115,1715220665,-35.027233,23.473833,98.0,0,870.0
538008115,1715220745,-35.0271,23.478268,98.0,0,870.0
538008115,1715220754,-35.027065,23.478817,98.0,0,870.0
538008115,1715220863,-35.026882,23.484934,98.0,0,880.0
538008115,1715221083,-35.026451,23.497066,97.0,0,880.0
538008115,1715221104,-35.026432,23.498217,98.0,0,880.0
538008115,1715222174,-35.024567,23.557383,97.0,0,870.0
538008115,1715222223,-35.024502,23.560133,97.0,0,880.0
538008115,1715222493,-35.023933,23.575083,97.0,0,860.0
538008115,1715222525,-35.023834,23.576782,97.0,0,860.0
538008115,1715222597,-35.023716,23.580584,97.0,0,870.0
538008115,1715223341,-35.022049,23.621883,97.0,0,860.0
538008115,1715223664,-35.021435,23.639732,98.0,0,870.0
538008115,1715224093,-35.020699,23.663532,97.0,0,870.0
538008115,1715224162,-35.020618,23.667383,97.0,0,890.0
538008115,1715224293,-35.020416,23.674667,98.0,0,880.0
538008115,1715224493,-35.020218,23.685749,97.0,0,880.0
538008115,1715224755,-35.019951,23.700167,97.0,0,880.0
538008115,1715224925,-35.019634,23.70945,97.0,0,860.0
538008115,1715225035,-35.019466,23.715517,97.0,0,880.0
538008115,1715225362,-35.019081,23.7335,97.0,0,890.0
538008115,1715225762,-35.018833,23.755432,97.0,0,870.0
538008115,1715225793,-35.018784,23.757017,97.0,0,880.0
538008115,1715225956,-35.018581,23.76585,97.0,0,880.0
538008115,1715226067,-35.018452,23.771799,96.0,0,880.0
538008115,1715226135,-35.018349,23.7756,96.0,0,880.0
538008115,1715226312,-35.018131,23.785418,96.0,0,870.0
538008115,1715226435,-35.017933,23.791866,96.0,0,880.0
538008115,1715226533,-35.017818,23.797333,96.0,0,890.0
538008115,1715226703,-35.017551,23.806618,96.0,0,880.0
538008115,1715226747,-35.017517,23.80875,96.0,0,880.0
538008115,1715226762,-35.017467,23.809883,96.0,0,870.0
538008115,1715226773,-35.017483,23.810417,96.0,0,880.0
538008115,1715226906,-35.017216,23.817316,96.0,0,880.0
538008115,1715227038,-35.017117,23.824516,96.0,0,900.0
538008115,1715227203,-35.017067,23.833717,97.0,0,870.0
538008115,1715227492,-35.016731,23.849518,96.0,0,870.0
538008115,1715227614,-35.016666,23.85605,96.0,0,890.0
538008115,1715227843,-35.016548,23.868601,95.0,0,880.0
538008115,1715227903,-35.016499,23.871817,95.0,0,880.0
538008115,1715228059,-35.01635,23.878233,94.0,0,900.0
538008115,1715228085,-35.016369,23.881416,94.0,0,910.0
538008115,1715228405,-35.0163,23.898216,93.0,0,890.0
538008115,1715228503,-35.016216,23.903334,90.0,0,890.0
538008115,1715228573,-35.016117,23.906918,90.0,0,860.0
538008115,1715228746,-35.015732,23.915632,90.0,0,870.0
538008115,1715228863,-35.015583,23.9217,90.0,0,860.0
538008115,1715229063,-35.015133,23.93185,90.0,0,850.0
538008115,1715229383,-35.014198,23.948133,90.0,0,880.0
538008115,1715229833,-35.013451,23.971251,89.0,0,900.0
538008115,1715229852,-35.013416,23.972233,89.0,0,880.0
538008115,1715230226,-35.013016,23.991016,89.0,0,870.0
538008115,1715230522,-35.012718,24.005833,85.0,0,890.0
538008115,1715230584,-35.012669,24.008833,85.0,0,870.0
538008115,1715230694,-35.012531,24.014299,86.0,0,890.0
538008115,1715230755,-35.012451,24.017183,85.0,0,880.0
538008115,1715230874,-35.012383,24.022984,84.0,0,880.0
538008115,1715231027,-35.012367,24.030216,84.0,0,900.0
538008115,1715231404,-35.012749,24.048332,82.0,0,910.0
538008115,1715231544,-35.012966,24.054934,82.0,0,930.0
538008115,1715232037,-35.013683,24.077499,79.0,0,910.0
538008115,1715232343,-35.013515,24.091333,78.0,0,880.0
538008115,1715232394,-35.013515,24.093634,78.0,0,900.0
538008115,1715232575,-35.013233,24.101618,77.0,0,850.0
538008115,1715232697,-35.012718,24.106882,77.0,0,820.0
538008115,1715232701,-35.012718,24.107283,77.0,0,840.0
538008115,1715232774,-35.012318,24.110332,76.0,0,820.0
538008115,1715232815,-35.012115,24.112066,76.0,0,820.0
538008115,1715232926,-35.011581,24.116867,77.0,0,830.0
538008115,1715233065,-35.011116,24.123167,78.0,0,850.0
538008115,1715233474,-35.009182,24.141451,79.0,0,810.0
538008115,1715233544,-35.00885,24.144533,78.0,0,820.0
538008115,1715233573,-35.008717,24.145918,78.0,0,830.0
538008115,1715233987,-35.00835,24.164133,77.0,0,890.0
538008115,1715234234,-35.007683,24.175133,76.0,0,840.0
538008115,1715234322,-35.0075,24.179033,76.0,0,870.0
538008115,1715234584,-35.007168,24.190517,77.0,0,850.0
538008115,1715234656,-35.007034,24.193567,76.0,0,860.0
538008115,1715234693,-35.006966,24.195267,76.0,0,870.0
538008115,1715234695,-35.006966,24.195267,76.0,0,870.0
538008115,1715234715,-35.006866,24.196167,75.0,0,840.0
538008115,1715234892,-35.006634,24.204033,77.0,0,880.0
538008115,1715234934,-35.006584,24.205799,77.0,0,870.0
538008115,1715235195,-35.005951,24.217318,78.0,0,880.0
538008115,1715235253,-35.005867,24.220051,78.0,0,890.0
538008115,1715235264,-35.005833,24.220501,78.0,0,870.0
538008115,1715235344,-35.005733,24.224051,77.0,0,860.0
538008115,1715235662,-35.005718,24.238317,79.0,0,910.0
538008115,1715235703,-35.005684,24.24015,79.0,0,880.0
538008115,1715235763,-35.005684,24.242849,79.0,0,890.0
538008115,1715235823,-35.0056,24.245483,78.0,0,860.0
538008115,1715235995,-35.005318,24.253283,79.0,0,870.0
538008115,1715236154,-35.004868,24.2605,80.0,0,850.0
538008115,1715236253,-35.0047,24.265017,81.0,0,870.0
538008115,1715236335,-35.004635,24.2687,80.0,0,890.0
538008115,1715236406,-35.004581,24.2719,80.0,0,890.0
538008115,1715236624,-35.004349,24.282034,80.0,0,880.0
538008115,1715236762,-35.004234,24.2885,81.0,0,870.0
538008115,1715236869,-35.004166,24.293083,80.0,0,890.0
538008115,1715237066,-35.00375,24.302299,80.0,0,880.0
538008115,1715237138,-35.003666,24.305517,81.0,0,890.0
538008115,1715237312,-35.003433,24.313833,82.0,0,880.0
538008115,1715237344,-35.003418,24.315283,81.0,0,890.0
538008115,1715237437,-35.003201,24.319418,83.0,0,850.0
538008115,1715237581,-35.002899,24.32645,83.0,0,900.0
538008115,1715237591,-35.002899,24.326933,83.0,0,890.0
538008115,1715237611,-35.002899,24.327883,83.0,0,890.0
538008115,1715237613,-35.002899,24.327883,83.0,0,890.0
538008115,1715237631,-35.002918,24.328817,83.0,0,890.0
538008115,1715237651,-35.002884,24.329817,83.0,0,870.0
538008115,1715237671,-35.002899,24.330767,83.0,0,900.0
538008115,1715237673,-35.002899,24.330767,83.0,0,900.0
538008115,1715237691,-35.002918,24.331667,83.0,0,900.0
538008115,1715237791,-35.002949,24.336451,83.0,0,910.0
538008115,1715237811,-35.002949,24.337418,83.0,0,900.0
538008115,1715237820,-35.002949,24.337851,83.0,0,910.0
538008115,1715237851,-35.002934,24.339317,84.0,0,900.0
538008115,1715237852,-35.002934,24.339317,84.0,0,900.0
538008115,1715237871,-35.002918,24.340218,83.0,0,890.0
538008115,1715237873,-35.002918,24.340218,83.0,0,890.0
538008115,1715237880,-35.002918,24.340633,84.0,0,900.0
538008115,1715237891,-35.002884,24.34115,84.0,0,880.0
538008115,1715237901,-35.002884,24.341633,83.0,0,880.0
538008115,1715237911,-35.002918,24.342117,84.0,0,910.0
538008115,1715237917,-35.002918,24.342117,84.0,0,910.0
538008115,1715237921,-35.002884,24.342533,84.0,0,890.0
538008115,1715237931,-35.002899,24.343067,83.0,0,900.0
538008115,1715237961,-35.002934,24.344549,84.0,0,910.0
538008115,1715237971,-35.002918,24.345034,83.0,0,910.0
538008115,1715237981,-35.002934,24.345449,84.0,0,900.0
538008115,1715237983,-35.002934,24.345449,84.0,0,900.0
538008115,1715237991,-35.002934,24.345934,84.0,0,910.0
538008115,1715238001,-35.002918,24.346416,84.0,0,890.0
538008115,1715238041,-35.002918,24.348333,83.0,0,900.0
538008115,1715238071,-35.002899,24.349783,85.0,0,890.0
538008115,1715238072,-35.002899,24.349783,85.0,0,890.0
538008115,1715238092,-35.002869,24.350834,83.0,0,890.0
538008115,1715238133,-35.002834,24.352699,84.0,0,870.0
538008115,1715238233,-35.002632,24.357468,84.0,0,860.0
538008115,1715238282,-35.002548,24.359818,84.0,0,880.0
538008115,1715238373,-35.002434,24.364134,84.0,0,880.0
538008115,1715238494,-35.002399,24.369867,84.0,0,890.0
538008115,1715238612,-35.0023,24.375633,84.0,0,880.0
538008115,1715238692,-35.002251,24.379467,84.0,0,880.0
538008115,1715238833,-35.001732,24.386101,84.0,0,850.0
538008115,1715239255,-35.001717,24.406067,84.0,0,890.0
538008115,1715239443,-35.001598,24.415117,84.0,0,880.0
538008115,1715239506,-35.001583,24.417982,84.0,0,890.0
538008115,1715239526,-35.001583,24.418983,85.0,0,890.0
538008115,1715239535,-35.001568,24.419468,84.0,0,880.0
538008115,1715239565,-35.001549,24.420851,84.0,0,870.0
538008115,1715239896,-35.000633,24.436783,86.0,0,860.0
538008115,1715239965,-35.000332,24.440083,86.0,0,820.0
538008115,1715240074,-34.999718,24.445499,84.0,0,820.0
538008115,1715240503,-34.998199,24.466118,84.0,0,860.0
538008115,1715240612,-34.998051,24.471483,85.0,0,870.0
538008115,1715240737,-34.998016,24.477301,86.0,0,900.0
538008115,1715240886,-34.997967,24.4846,86.0,0,860.0
538008115,1715241183,-34.997749,24.499268,87.0,0,880.0
538008115,1715241461,-34.997368,24.513033,86.0,0,870.0
538008115,1715241524,-34.997398,24.516018,87.0,0,900.0
538008115,1715241725,-34.997349,24.525967,88.0,0,870.0
538008115,1715241732,-34.997349,24.526501,88.0,0,890.0
538008115,1715241976,-34.996601,24.538401,87.0,0,850.0
538008115,1715242083,-34.996319,24.543966,89.0,0,860.0
538008115,1715242638,-34.994949,24.571733,88.0,0,860.0
538008115,1715242653,-34.9949,24.572733,88.0,0,870.0
538008115,1715242714,-34.994835,24.575783,89.0,0,880.0
538008115,1715242733,-34.994801,24.576817,89.0,0,870.0
538008115,1715242845,-34.994682,24.582399,89.0,0,890.0
538008115,1715243091,-34.994484,24.595083,90.0,0,890.0
538008115,1715243111,-34.994434,24.596149,88.0,0,870.0
538008115,1715243115,-34.994434,24.596149,88.0,0,870.0
538008115,1715243151,-34.9944,24.598133,89.0,0,890.0
538008115,1715243171,-34.9944,24.599199,89.0,0,900.0
538008115,1715243172,-34.9944,24.599199,89.0,0,900.0
538008115,1715243202,-34.9944,24.600733,89.0,0,890.0
538008115,1715243232,-34.99445,24.602266,89.0,0,910.0
538008115,1715243240,-34.99445,24.602783,89.0,0,900.0
538008115,1715243262,-34.99445,24.603849,90.0,0,910.0
538008115,1715243322,-34.994499,24.606867,89.0,0,900.0
538008115,1715243331,-34.994499,24.607332,89.0,0,900.0
538008115,1715243341,-34.994499,24.607834,90.0,0,900.0
538008115,1715243342,-34.994499,24.607834,90.0,0,900.0
538008115,1715243371,-34.994534,24.609367,90.0,0,910.0
538008115,1715243382,-34.994583,24.609983,90.0,0,930.0
538008115,1715243480,-34.994652,24.615049,91.0,0,900.0
538008115,1715243511,-34.994652,24.6166,92.0,0,890.0
538008115,1715243520,-34.994652,24.617117,92.0,0,900.0
538008115,1715243521,-34.994652,24.617117,92.0,0,900.0
538008115,1715243531,-34.994633,24.617683,92.0,0,890.0
538008115,1715243532,-34.994633,24.617683,92.0,0,890.0
538008115,1715243541,-34.994617,24.618217,92.0,0,880.0
538008115,1715243551,-34.994617,24.618732,90.0,0,880.0
538008115,1715243552,-34.994617,24.618732,90.0,0,880.0
538008115,1715243560,-34.994598,24.6192,90.0,0,870.0
538008115,1715243571,-34.994598,24.619766,91.0,0,880.0
538008115,1715243580,-34.994598,24.620251,91.0,0,890.0
538008115,1715243581,-34.994598,24.620251,91.0,0,890.0
538008115,1715243587,-34.994598,24.620251,91.0,0,890.0
538008115,1715243591,-34.994583,24.620817,91.0,0,890.0
538008115,1715243592,-34.994583,24.620817,91.0,0,890.0
538008115,1715243600,-34.994583,24.621283,91.0,0,890.0
538008115,1715243601,-34.994583,24.621283,91.0,0,890.0
538008115,1715243640,-34.994568,24.623367,91.0,0,900.0
538008115,1715243641,-34.994568,24.623367,91.0,0,900.0
538008115,1715243651,-34.994583,24.623882,91.0,0,900.0
538008115,1715243652,-34.994583,24.623882,91.0,0,900.0
538008115,1715243661,-34.994568,24.624399,92.0,0,890.0
538008115,1715243671,-34.994583,24.624916,92.0,0,900.0
538008115,1715243672,-34.994583,24.624916,92.0,0,900.0
538008115,1715243691,-34.994583,24.626017,92.0,0,900.0
538008115,1715243692,-34.994583,24.626017,92.0,0,900.0
538008115,1715243697,-34.994583,24.626017,92.0,0,900.0
538008115,1715243700,-34.994617,24.626534,91.0,0,910.0
538008115,1715243711,-34.994583,24.627068,91.0,0,890.0
538008115,1715243844,-34.994469,24.633867,91.0,0,880.0
538008115,1715244024,-34.994366,24.643299,91.0,0,900.0
538008115,1715244188,-34.994301,24.651751,93.0,0,870.0
538008115,1715244273,-34.994267,24.656483,94.0,0,890.0
538008115,1715244464,-34.993832,24.666634,93.0,0,880.0
538008115,1715244985,-34.992802,24.694117,94.0,0,880.0
538008115,1715245175,-34.992451,24.704283,94.0,0,870.0
538008115,1715245734,-34.991367,24.734234,94.0,0,890.0
538008115,1715245745,-34.991348,24.734768,95.0,0,880.0
538008115,1715245805,-34.991283,24.738016,94.0,0,880.0
538008115,1715245824,-34.991249,24.739149,95.0,0,870.0
538008115,1715246126,-34.990967,24.755417,95.0,0,870.0
538008115,1715246366,-34.990734,24.768583,97.0,0,870.0
538008115,1715246372,-34.990734,24.769083,97.0,0,880.0
538008115,1715246704,-34.989948,24.787399,97.0,0,870.0
538008115,1715246826,-34.989819,24.793934,97.0,0,890.0
538008115,1715246955,-34.989666,24.801117,97.0,0,870.0
538008115,1715246993,-34.989552,24.803333,97.0,0,860.0
538008115,1715247212,-34.988934,24.815399,96.0,0,860.0
538008115,1715247274,-34.988834,24.818617,97.0,0,870.0
538008115,1715247346,-34.988651,24.822533,95.0,0,870.0
538008115,1715247364,-34.988583,24.823584,96.0,0,870.0
538008115,1715247475,-34.9883,24.829651,96.0,0,850.0
538008115,1715247502,-34.988216,24.831301,96.0,0,860.0
538008115,1715248273,-34.987434,24.873983,98.0,0,880.0
538008115,1715248555,-34.987232,24.889566,99.0,0,880.0
538008115,1715248591,-34.987251,24.8918,98.0,0,900.0
538008115,1715248824,-34.986965,24.904633,97.0,0,880.0
538008115,1715249001,-34.9869,24.914568,97.0,0,880.0
538008115,1715249544,-34.986084,24.944668,98.0,0,860.0
538008115,1715249850,-34.985699,24.961483,99.0,0,880.0
538008115,1715250075,-34.985298,24.974449,99.0,0,860.0
538008115,1715250083,-34.985298,24.975018,99.0,0,880.0
538008115,1715250106,-34.985268,24.976151,99.0,0,880.0
538008115,1715250187,-34.985134,24.980783,100.0,0,870.0
538008115,1715250245,-34.985065,24.983549,99.0,0,880.0
538008115,1715250406,-34.984852,24.993151,100.0,0,880.0
538008115,1715250786,-34.98415,25.014717,99.0,0,860.0
538008115,1715250853,-34.984001,25.018818,99.0,0,880.0
538008115,1715250964,-34.983768,25.024982,99.0,0,860.0
538008115,1715250974,-34.983734,25.025618,99.0,0,860.0
538008115,1715251064,-34.983566,25.030666,100.0,0,880.0
538008115,1715251113,-34.983467,25.033518,100.0,0,880.0
538008115,1715251173,-34.983383,25.036867,99.0,0,880.0
538008115,1715251511,-34.982666,25.056299,100.0,0,850.0
538008115,1715251586,-34.982449,25.060432,101.0,0,870.0
538008115,1715251704,-34.982101,25.067301,101.0,0,860.0
538008115,1715251813,-34.9818,25.073517,101.0,0,860.0
538008115,1715251941,-34.981499,25.08045,101.0,0,870.0
538008115,1715252003,-34.981316,25.084618,103.0,0,860.0
538008115,1715252095,-34.981049,25.089849,102.0,0,850.0
538008115,1715252418,-34.980133,25.108549,103.0,0,860.0
538008115,1715252584,-34.979649,25.118584,104.0,0,860.0
538008115,1715252717,-34.979282,25.126249,104.0,0,870.0
538008115,1715252733,-34.979267,25.127382,104.0,0,870.0
538008115,1715253003,-34.978966,25.14345,105.0,0,900.0
538008115,1715253164,-34.978931,25.153049,106.0,0,890.0
538008115,1715253284,-34.978882,25.160282,106.0,0,890.0
538008115,1715253344,-34.978867,25.163918,106.0,0,900.0
538008115,1715253436,-34.978851,25.169367,107.0,0,890.0
538008115,1715253465,-34.978867,25.171167,107.0,0,890.0
538008115,1715253535,-34.978832,25.175501,107.0,0,880.0
538008115,1715253625,-34.978668,25.18095,107.0,0,870.0
538008115,1715253646,-34.978634,25.182117,108.0,0,870.0
538008115,1715253767,-34.978382,25.189417,108.0,0,870.0
538008115,1715253938,-34.9781,25.1999,108.0,0,880.0
538008115,1715254022,-34.977901,25.2054,109.0,0,870.0
538008115,1715254093,-34.977768,25.209682,108.0,0,870.0
538008115,1715254176,-34.977566,25.214684,108.0,0,870.0
538008115,1715254264,-34.977432,25.2202,109.0,0,890.0
538008115,1715254424,-34.977268,25.230167,110.0,0,890.0
538008115,1715254517,-34.977165,25.235783,110.0,0,880.0
538008115,1715254592,-34.977032,25.240732,111.0,0,870.0
538008115,1715254596,-34.977032,25.240732,111.0,0,870.0
538008115,1715254634,-34.976982,25.243299,111.0,0,880.0
538008115,1715254713,-34.976868,25.248318,112.0,0,880.0
538008115,1715254744,-34.976784,25.250151,111.0,0,870.0
538008115,1715254766,-34.976768,25.2514,111.0,0,880.0
538008115,1715254873,-34.97665,25.258383,111.0,0,880.0
538008115,1715254883,-34.976665,25.258949,111.0,0,890.0
538008115,1715255198,-34.976433,25.278534,111.0,0,880.0
538008115,1715255245,-34.976318,25.281567,111.0,0,870.0
538008115,1715255289,-34.97625,25.2841,111.0,0,880.0
538008115,1715255322,-34.976185,25.286682,112.0,0,880.0
538008115,1715255504,-34.975849,25.298166,112.0,0,870.0
538008115,1715255711,-34.975601,25.311333,112.0,0,880.0
538008115,1715255806,-34.975517,25.317232,112.0,0,880.0
538008115,1715255813,-34.975498,25.31785,113.0,0,880.0
538008115,1715255876,-34.975384,25.321632,113.0,0,880.0
538008115,1715256076,-34.974998,25.334316,113.0,0,870.0
538008115,1715256093,-34.974949,25.335649,113.0,0,870.0
538008115,1715256324,-34.974632,25.350283,114.0,0,880.0
538008115,1715256468,-34.974483,25.35935,113.0,0,880.0
538008115,1715256635,-34.9743,25.370268,114.0,0,880.0
538008115,1715256867,-34.974083,25.38505,114.0,0,890.0
538008115,1715256914,-34.974033,25.388283,114.0,0,880.0
538008115,1715256932,-34.973999,25.3895,114.0,0,870.0
538008115,1715256982,-34.973949,25.392717,113.0,0,870.0
538008115,1715257556,-34.973133,25.428949,112.0,0,870.0
538008115,1715257754,-34.972782,25.441566,112.0,0,880.0
538008115,1715257785,-34.972733,25.443466,110.0,0,880.0
538008115,1715257944,-34.972466,25.453466,110.0,0,880.0
538008115,1715258014,-34.972382,25.45785,110.0,0,880.0
538008115,1715258045,-34.972351,25.459667,110.0,0,880.0
538008115,1715258134,-34.972267,25.465349,109.0,0,880.0
538008115,1715258517,-34.971367,25.488899,109.0,0,870.0
538008115,1715258986,-34.970318,25.518066,108.0,0,880.0
538008115,1715259067,-34.970184,25.522984,108.0,0,880.0
538008115,1715259214,-34.969898,25.532133,107.0,0,860.0
538008115,1715259232,-34.969868,25.5333,107.0,0,870.0
538008115,1715259424,-34.969616,25.545151,108.0,0,880.0
538008115,1715259494,-34.969517,25.549383,107.0,0,880.0
538008115,1715259544,-34.969452,25.55245,107.0,0,880.0
538008115,1715259584,-34.969418,25.554882,108.0,0,880.0
538008115,1715259664,-34.969284,25.559784,107.0,0,880.0
538008115,1715260016,-34.968884,25.58115,106.0,0,880.0
538008115,1715260127,-34.9688,25.587667,106.0,0,880.0
538008115,1715260263,-34.968666,25.596184,105.0,0,880.0
538008115,1715260405,-34.968498,25.604517,104.0,0,880.0
538008115,1715260419,-34.968498,25.605167,104.0,0,890.0
538008115,1715260536,-34.968399,25.612301,104.0,0,890.0
538008115,1715260617,-34.968399,25.616966,104.0,0,900.0
538008115,1715260882,-34.968418,25.632851,103.0,0,900.0
538008115,1715261073,-34.968285,25.644016,102.0,0,890.0
538008115,1715261283,-34.967999,25.656099,99.0,0,850.0
538008115,1715261544,-34.967182,25.670782,99.0,0,860.0
538008115,1715261625,-34.966969,25.675234,99.0,0,860.0
538008115,1715261845,-34.966534,25.687683,98.0,0,870.0
538008115,1715261905,-34.9664,25.691017,98.0,0,870.0
538008115,1715262089,-34.966202,25.701067,97.0,0,900.0
538008115,1715262163,-34.966282,25.705467,97.0,0,920.0
538008115,1715262272,-34.966499,25.711533,97.0,0,930.0
538008115,1715262536,-34.967182,25.725651,95.0,0,940.0
538008115,1715262596,-34.967335,25.728933,94.0,0,920.0
538008115,1715262712,-34.967766,25.7353,94.0,0,960.0
538008115,1715262775,-34.968132,25.738567,94.0,0,980.0
538008115,1715262912,-34.969215,25.746,95.0,0,1010.0
538008115,1715263015,-34.969616,25.750933,85.0,0,890.0
538008115,1715263192,-34.968552,25.758917,77.0,0,790.0
538008115,1715263217,-34.968433,25.759899,76.0,0,800.0
538008115,1715263256,-34.968231,25.761583,78.0,0,810.0
538008115,1715263886,-34.965584,25.789301,75.0,0,800.0
538008115,1715263906,-34.965466,25.790051,75.0,0,790.0
538008115,1715264886,-34.960548,25.832466,77.0,0,840.0
538008115,1715264975,-34.960232,25.836517,78.0,0,860.0
538008115,1715264996,-34.960201,25.837433,78.0,0,870.0
538008115,1715265276,-34.959667,25.85,78.0,0,880.0
538008115,1715265315,-34.959618,25.851816,79.0,0,870.0
538008115,1715265345,-34.959568,25.853184,80.0,0,870.0
538008115,1715265394,-34.959518,25.855482,79.0,0,880.0
538008115,1715265415,-34.959484,25.8563,79.0,0,880.0
538008115,1715265455,-34.959381,25.8582,79.0,0,860.0
538008115,1715265634,-34.959049,25.866266,80.0,0,880.0
538008115,1715265718,-34.9589,25.869949,78.0,0,880.0
538008115,1715265792,-34.958733,25.873501,79.0,0,850.0
538008115,1715265985,-34.9585,25.882183,79.0,0,880.0
538008115,1715266237,-34.958035,25.893551,80.0,0,860.0
538008115,1715266383,-34.957699,25.900284,79.0,0,880.0
538008115,1715266526,-34.9575,25.906767,80.0,0,860.0
538008115,1715266595,-34.957432,25.909967,80.0,0,890.0
538008115,1715266703,-34.957298,25.915051,81.0,0,880.0
538008115,1715266763,-34.957199,25.917784,80.0,0,870.0
538008115,1715266845,-34.957115,25.921499,81.0,0,880.0
538008115,1715267164,-34.956367,25.936382,80.0,0,850.0
538008115,1715267294,-34.956032,25.9424,81.0,0,870.0
538008115,1715267313,-34.955967,25.943317,81.0,0,860.0
538008115,1715267355,-34.955883,25.945183,81.0,0,870.0
538008115,1715267404,-34.955769,25.9475,81.0,0,870.0
538008115,1715267515,-34.955482,25.952583,81.0,0,870.0
538008115,1715267656,-34.955349,25.959118,82.0,0,880.0
538008115,1715267717,-34.955318,25.96195,82.0,0,890.0
538008115,1715267854,-34.955132,25.968451,82.0,0,870.0
538008115,1715267917,-34.955051,25.971268,83.0,0,870.0
538008115,1715267934,-34.955051,25.972218,82.0,0,890.0
538008115,1715268186,-34.954716,25.984133,82.0,0,870.0
538008115,1715268202,-34.954681,25.985033,82.0,0,870.0
538008115,1715268244,-34.954651,25.986917,83.0,0,880.0
538008115,1715268906,-34.953732,26.017834,82.0,0,880.0
538008115,1715268985,-34.953617,26.021633,82.0,0,880.0
538008115,1715269077,-34.953449,26.025967,82.0,0,870.0
538008115,1715269195,-34.9533,26.031549,82.0,0,870.0
538008115,1715269226,-34.953201,26.032967,82.0,0,860.0
538008115,1715269295,-34.953018,26.036266,82.0,0,860.0
538008115,1715269414,-34.95285,26.041849,82.0,0,860.0
538008115,1715269936,-34.95195,26.065983,82.0,0,890.0
538008115,1715269956,-34.95195,26.066816,81.0,0,880.0
538008115,1715270096,-34.951832,26.073467,81.0,0,890.0
538008115,1715270497,-34.951431,26.092167,81.0,0,880.0
538008115,1715270965,-34.950718,26.114166,82.0,0,860.0
538008115,1715271077,-34.950516,26.1194,82.0,0,860.0
538008115,1715271189,-34.950268,26.124582,82.0,0,860.0
538008115,1715271205,-34.950218,26.125532,82.0,0,860.0
538008115,1715271276,-34.950031,26.128799,82.0,0,870.0
538008115,1715271358,-34.949867,26.132549,81.0,0,870.0
538008115,1715271458,-34.949615,26.137182,81.0,0,870.0
538008115,1715271469,-34.949615,26.1376,82.0,0,870.0
538008115,1715271578,-34.949635,26.142866,82.0,0,910.0
538008115,1715271634,-34.949669,26.145683,82.0,0,900.0
538008115,1715271694,-34.949699,26.148518,82.0,0,900.0
538008115,1715271754,-34.949669,26.151318,82.0,0,890.0
538008115,1715272234,-34.949417,26.173782,83.0,0,890.0
538008115,1715272406,-34.949532,26.181816,82.0,0,910.0
538008115,1715272453,-34.949566,26.184116,82.0,0,920.0
538008115,1715272563,-34.949848,26.189383,82.0,0,950.0
538008115,1715272624,-34.950031,26.192118,81.0,0,940.0
538008115,1715272693,-34.950233,26.195267,80.0,0,940.0
538008115,1715273085,-34.951267,26.2132,79.0,0,910.0
538008115,1715273175,-34.951302,26.216284,79.0,0,890.0
538008115,1715273186,-34.951267,26.217716,78.0,0,880.0
538008115,1715273223,-34.951199,26.219433,76.0,0,870.0
538008115,1715273234,-34.951183,26.219883,77.0,0,860.0
538008115,1715273373,-34.950901,26.226101,77.0,0,880.0
538008115,1715273464,-34.950699,26.23015,77.0,0,870.0
538008115,1715273516,-34.950584,26.232384,78.0,0,860.0
538008115,1715273594,-34.950352,26.235916,78.0,0,850.0
538008115,1715273602,-34.950333,26.236317,78.0,0,860.0
538008115,1715273636,-34.950249,26.237783,78.0,0,850.0
538008115,1715273715,-34.949982,26.241283,78.0,0,830.0
538008115,1715273754,-34.949848,26.243067,78.0,0,840.0
538008115,1715273814,-34.94965,26.24575,78.0,0,840.0
538008115,1715273826,-34.9496,26.24625,78.0,0,840.0
538008115,1715274792,-34.947399,26.290016,78.0,0,870.0
538008115,1715274923,-34.947117,26.295767,77.0,0,850.0
538008115,1715275074,-34.946899,26.302401,77.0,0,890.0
538008115,1715275106,-34.94685,26.303734,76.0,0,870.0
538008115,1715275125,-34.946835,26.304684,75.0,0,880.0
538008115,1715275184,-34.946751,26.307301,77.0,0,860.0
538008115,1715275285,-34.946667,26.311716,76.0,0,880.0
538008115,1715275382,-34.946568,26.315983,76.0,0,890.0
538008115,1715275523,-34.946518,26.322218,76.0,0,890.0
538008115,1715275935,-34.946049,26.340282,76.0,0,870.0
538008115,1715276133,-34.945801,26.349167,77.0,0,860.0
538008115,1715276293,-34.945469,26.356268,77.0,0,860.0
538008115,1715276364,-34.945332,26.3594,77.0,0,860.0
538008115,1715276834,-34.94445,26.380417,79.0,0,860.0
538008115,1715276843,-34.94445,26.380833,79.0,0,870.0
538008115,1715276903,-34.944283,26.383499,77.0,0,860.0
538008115,1715277098,-34.943748,26.392151,79.0,0,840.0
538008115,1715277123,-34.943668,26.393417,79.0,0,850.0
538008115,1715277173,-34.943535,26.395683,79.0,0,850.0
538008115,1715277175,-34.943535,26.395683,79.0,0,850.0
538008115,1715277215,-34.943417,26.397533,79.0,0,860.0
538008115,1715277234,-34.943382,26.398399,79.0,0,860.0
538008115,1715277319,-34.943115,26.402067,79.0,0,850.0
538008115,1715277403,-34.942799,26.406116,80.0,0,830.0
538008115,1715277452,-34.942616,26.408434,79.0,0,820.0
538008115,1715277463,-34.942616,26.408867,80.0,0,850.0
538008115,1715277592,-34.942184,26.414783,79.0,0,850.0
538008115,1715277654,-34.942032,26.417482,80.0,0,860.0
538008115,1715277716,-34.941917,26.41995,79.0,0,880.0
538008115,1715278052,-34.941551,26.4359,81.0,0,870.0
538008115,1715278385,-34.941319,26.4513,81.0,0,880.0
538008115,1715278455,-34.941235,26.454582,82.0,0,890.0
538008115,1715278553,-34.941132,26.459284,83.0,0,870.0
538008115,1715278565,-34.941151,26.459766,82.0,0,890.0
538008115,1715278756,-34.940884,26.468718,82.0,0,890.0
538008115,1715279014,-34.940533,26.480883,82.0,0,880.0
538008115,1715279164,-34.9403,26.487949,82.0,0,860.0
538008115,1715279366,-34.939949,26.497351,82.0,0,860.0
538008115,1715279465,-34.939835,26.501984,82.0,0,880.0
538008115,1715279524,-34.939716,26.50485,82.0,0,860.0
538008115,1715279634,-34.939468,26.51,82.0,0,850.0
538008115,1715279706,-34.939316,26.51335,82.0,0,850.0
538008115,1715279746,-34.939182,26.515217,82.0,0,850.0
538008115,1715279866,-34.93895,26.520884,83.0,0,870.0
538008115,1715280054,-34.938766,26.52985,82.0,0,890.0
538008115,1715280203,-34.938732,26.536917,82.0,0,890.0
538008115,1715280344,-34.938667,26.543467,82.0,0,890.0
538008115,1715281414,-34.937733,26.593367,81.0,0,880.0
538008115,1715281476,-34.937683,26.596233,81.0,0,890.0
538008115,1715281574,-34.93755,26.6008,82.0,0,870.0
538008115,1715281976,-34.937218,26.619516,81.0,0,860.0
538008115,1715282126,-34.937,26.626499,81.0,0,870.0
538008115,1715282163,-34.936951,26.628267,80.0,0,880.0
538008115,1715282515,-34.936634,26.644567,81.0,0,890.0
538008115,1715282624,-34.93655,26.649668,81.0,0,860.0
538008115,1715282634,-34.936535,26.650167,81.0,0,870.0
538008115,1715282696,-34.936481,26.652849,82.0,0,880.0
538008115,1715282742,-34.936401,26.655283,82.0,0,860.0
538008115,1715283034,-34.936066,26.6688,82.0,0,880.0
538008115,1715283137,-34.935917,26.673517,82.0,0,880.0
538008115,1715283174,-34.935867,26.675301,82.0,0,870.0
538008115,1715283195,-34.935833,26.676283,81.0,0,880.0
538008115,1715283214,-34.935799,26.677217,82.0,0,870.0
538008115,1715283302,-34.935665,26.680983,81.0,0,870.0
538008115,1715283374,-34.935516,26.6847,81.0,0,870.0
538008115,1715283444,-34.935349,26.687983,82.0,0,860.0
538008115,1715283515,-34.935184,26.691282,82.0,0,850.0
538008115,1715283573,-34.935101,26.694033,82.0,0,870.0
538008115,1715283706,-34.934883,26.700184,81.0,0,870.0
538008115,1715283713,-34.934834,26.700632,80.0,0,860.0
538008115,1715283754,-34.934799,26.702433,81.0,0,880.0
538008115,1715283814,-34.93465,26.705217,81.0,0,860.0
538008115,1715283862,-34.934601,26.707483,81.0,0,870.0
538008115,1715283986,-34.934383,26.713066,81.0,0,880.0
538008115,1715284181,-34.934067,26.722418,82.0,0,870.0
538008115,1715284193,-34.934052,26.723034,82.0,0,870.0
538008115,1715284194,-34.934052,26.723034,82.0,0,870.0
538008115,1715284212,-34.934017,26.723883,83.0,0,870.0
538008115,1715284216,-34.934017,26.723883,83.0,0,870.0
538008115,1715284222,-34.933998,26.7244,82.0,0,890.0
538008115,1715284232,-34.933998,26.724833,82.0,0,880.0
538008115,1715284252,-34.933983,26.725767,82.0,0,880.0
538008115,1715284263,-34.933998,26.726282,83.0,0,890.0
538008115,1715284272,-34.933983,26.726717,82.0,0,880.0
538008115,1715284292,-34.933983,26.727667,82.0,0,890.0
538008115,1715284332,-34.933933,26.729532,82.0,0,880.0
538008115,1715284342,-34.933933,26.730066,82.0,0,880.0
538008115,1715284355,-34.933899,26.730482,82.0,0,870.0
538008115,1715284392,-34.933884,26.732367,83.0,0,870.0
538008115,1715284405,-34.933899,26.732834,82.0,0,900.0
538008115,1715284420,-34.933849,26.733316,82.0,0,880.0
538008115,1715284422,-34.933849,26.733784,83.0,0,870.0
538008115,1715284443,-34.933849,26.7348,82.0,0,890.0
538008115,1715284452,-34.933834,26.735216,82.0,0,890.0
538008115,1715284513,-34.9338,26.7381,82.0,0,890.0
538008115,1715284522,-34.933784,26.738518,83.0,0,870.0
538008115,1715284533,-34.933784,26.7391,83.0,0,870.0
538008115,1715284542,-34.933784,26.739483,82.0,0,890.0
538008115,1715284573,-34.933735,26.74095,82.0,0,890.0
538008115,1715284602,-34.933681,26.74225,82.0,0,880.0
538008115,1715284611,-34.933666,26.742718,82.0,0,880.0
538008115,1715284612,-34.933666,26.742718,82.0,0,880.0
538008115,1715284614,-34.933666,26.742718,82.0,0,880.0
538008115,1715284653,-34.933601,26.744766,83.0,0,860.0
538008115,1715284687,-34.933582,26.746134,83.0,0,870.0
538008115,1715284693,-34.933567,26.746599,83.0,0,880.0
538008115,1715284742,-34.933483,26.748934,83.0,0,880.0
538008115,1715284791,-34.933399,26.751232,83.0,0,870.0
538008115,1715284802,-34.933399,26.751801,83.0,0,870.0
538008115,1715284824,-34.933384,26.75275,83.0,0,880.0
538008115,1715284979,-34.933266,26.758467,83.0,0,870.0
538008115,1715285386,-34.932549,26.7792,81.0,0,890.0
538008115,1715285453,-34.932484,26.782482,82.0,0,880.0
538008115,1715285514,-34.932434,26.785316,82.0,0,880.0
538008115,1715285574,-34.932316,26.788134,82.0,0,860.0
538008115,1715285614,-34.932217,26.790016,82.0,0,860.0
538008115,1715285974,-34.932083,26.807199,84.0,0,900.0
538008115,1715286622,-34.931915,26.838333,84.0,0,890.0
538008115,1715287033,-34.931801,26.858084,83.0,0,910.0
538008115,1715287143,-34.931648,26.863283,82.0,0,870.0
538008115,1715287206,-34.931484,26.8661,82.0,0,850.0
538008115,1715287333,-34.931198,26.872116,83.0,0,870.0
538008115,1715287566,-34.930634,26.882868,81.0,0,850.0
538008115,1715287573,-34.930618,26.883284,81.0,0,850.0
538008115,1715287605,-34.930534,26.884701,81.0,0,860.0
538008115,1715287673,-34.930332,26.887951,81.0,0,860.0
538008115,1715287683,-34.930302,26.888399,81.0,0,840.0
538008115,1715287693,-34.930283,26.888832,81.0,0,850.0
538008115,1715287753,-34.930119,26.891582,81.0,0,860.0
538008115,1715287828,-34.929932,26.894951,81.0,0,860.0
538008115,1715288083,-34.929417,26.9069,81.0,0,880.0
538008115,1715288094,-34.929382,26.907368,81.0,0,880.0
538008115,1715288203,-34.929218,26.912466,81.0,0,870.0
538008115,1715288306,-34.929066,26.917168,81.0,0,870.0
538008115,1715288312,-34.929066,26.917583,81.0,0,880.0
538008115,1715288344,-34.929016,26.918966,81.0,0,880.0
538008115,1715288462,-34.928799,26.924583,82.0,0,870.0
538008115,1715288524,-34.928665,26.927349,81.0,0,860.0
538008115,1715288573,-34.9286,26.929716,81.0,0,870.0
538008115,1715288732,-34.928349,26.937134,81.0,0,860.0
538008115,1715288744,-34.928349,26.937651,82.0,0,870.0
538008115,1715288834,-34.92815,26.941784,81.0,0,870.0
538008115,1715289002,-34.927818,26.949734,82.0,0,880.0
538008115,1715289126,-34.927582,26.955366,82.0,0,870.0
538008115,1715289182,-34.927448,26.958099,81.0,0,860.0
538008115,1715289332,-34.927132,26.965067,81.0,0,870.0
538008115,1715289411,-34.927082,26.968767,82.0,0,900.0
538008115,1715289465,-34.927082,26.971149,82.0,0,910.0
538008115,1715289473,-34.927052,26.971634,81.0,0,890.0
538008115,1715289557,-34.927052,26.975332,82.0,0,900.0
538008115,1715289564,-34.927067,26.975849,82.0,0,890.0
538008115,1715289724,-34.927032,26.983418,82.0,0,900.0
538008115,1715289752,-34.926998,26.984818,82.0,0,880.0
538008115,1715289761,-34.927032,26.985233,82.0,0,900.0
538008115,1715289762,-34.927032,26.985233,82.0,0,900.0
538008115,1715289772,-34.926983,26.985701,81.0,0,880.0
538008115,1715289792,-34.926983,26.986668,82.0,0,880.0
538008115,1715289802,-34.926949,26.987133,81.0,0,880.0
538008115,1715289812,-34.926949,26.987583,82.0,0,890.0
538008115,1715289821,-34.926933,26.988068,82.0,0,880.0
538008115,1715289822,-34.926933,26.988068,82.0,0,880.0
538008115,1715289832,-34.926933,26.988533,82.0,0,890.0
538008115,1715289852,-34.926918,26.989468,82.0,0,880.0
538008115,1715289871,-34.926868,26.990383,82.0,0,870.0
538008115,1715289892,-34.926868,26.991367,82.0,0,890.0
538008115,1715289902,-34.926849,26.991833,82.0,0,880.0
538008115,1715289905,-34.926849,26.991833,82.0,0,880.0
538008115,1715289912,-34.926868,26.9923,82.0,0,890.0
538008115,1715289941,-34.926849,26.9937,82.0,0,900.0
538008115,1715289952,-34.926819,26.99415,81.0,0,880.0
538008115,1715289961,-34.926834,26.994617,82.0,0,890.0
538008115,1715289972,-34.926834,26.9951,81.0,0,890.0
538008115,1715289975,-34.926834,26.9951,81.0,0,890.0
538008115,1715289982,-34.926819,26.99555,81.0,0,870.0
538008115,1715289991,-34.926819,26.996017,82.0,0,880.0
538008115,1715290012,-34.9268,26.996933,81.0,0,880.0
538008115,1715290021,-34.926765,26.997351,82.0,0,880.0
538008115,1715290042,-34.92675,26.998367,82.0,0,900.0
538008115,1715290061,-34.926765,26.999268,82.0,0,900.0
538008115,1715290081,-34.926731,27.000233,81.0,0,890.0
538008115,1715290092,-34.926731,27.00075,81.0,0,890.0
538008115,1715290096,-34.926731,27.00075,81.0,0,890.0
538008115,1715290102,-34.926716,27.001167,82.0,0,880.0
538008115,1715290141,-34.926682,27.003033,81.0,0,880.0
538008115,1715290144,-34.926682,27.003033,81.0,0,880.0
538008115,1715290161,-34.926666,27.003967,81.0,0,880.0
538008115,1715290177,-34.926651,27.004433,81.0,0,890.0
538008115,1715290212,-34.926582,27.006283,81.0,0,880.0
538008115,1715290221,-34.926601,27.006718,81.0,0,890.0
538008115,1715290252,-34.926567,27.008183,81.0,0,890.0
538008115,1715290255,-34.926567,27.008183,81.0,0,890.0
538008115,1715290261,-34.926567,27.0086,81.0,0,890.0
538008115,1715290272,-34.926567,27.009083,81.0,0,900.0
538008115,1715290274,-34.926567,27.009083,81.0,0,900.0
538008115,1715290313,-34.926552,27.010933,81.0,0,890.0
538008115,1715290332,-34.926567,27.01185,81.0,0,900.0
538008115,1715290513,-34.926399,27.020184,81.0,0,870.0
538008115,1715290566,-34.926369,27.022551,81.0,0,890.0
538008115,1715290707,-34.926167,27.029066,81.0,0,870.0
538008115,1715290914,-34.925983,27.038717,81.0,0,860.0
538008115,1715290952,-34.925983,27.040533,81.0,0,890.0
538008115,1715291106,-34.925865,27.047533,82.0,0,880.0
538008115,1715291164,-34.9258,27.050333,82.0,0,890.0
538008115,1715291264,-34.925617,27.054983,81.0,0,850.0
538008115,1715291394,-34.9254,27.061001,81.0,0,880.0
538008115,1715291577,-34.925152,27.069366,81.0,0,870.0
538008115,1715291626,-34.925049,27.071699,82.0,0,870.0
538008115,1715291928,-34.924549,27.085751,82.0,0,870.0
538008115,1715292032,-34.924301,27.0907,81.0,0,860.0
538008115,1715292186,-34.924068,27.0977,81.0,0,870.0
538008115,1715292266,-34.923931,27.101433,81.0,0,870.0
538008115,1715292287,-34.923866,27.10235,80.0,0,840.0
538008115,1715292433,-34.923584,27.1092,80.0,0,860.0
538008115,1715292493,-34.923466,27.111917,81.0,0,860.0
538008115,1715292584,-34.923351,27.11615,80.0,0,880.0
538008115,1715292597,-34.923317,27.1166,80.0,0,870.0
538008115,1715292603,-34.923302,27.117067,81.0,0,870.0
538008115,1715292665,-34.923248,27.119867,80.0,0,870.0
538008115,1715292717,-34.923199,27.122066,79.0,0,860.0
538008115,1715292815,-34.923149,27.12665,80.0,0,870.0
538008115,1715292904,-34.923065,27.130783,80.0,0,860.0
538008115,1715292913,-34.923084,27.13125,81.0,0,880.0
538008115,1715293132,-34.922832,27.141399,81.0,0,870.0
538008115,1715293133,-34.922832,27.141399,81.0,0,870.0
538008115,1715293173,-34.922783,27.1432,80.0,0,880.0
538008115,1715293234,-34.922718,27.145901,80.0,0,880.0
538008115,1715293322,-34.922585,27.150066,80.0,0,890.0
538008115,1715293395,-34.92255,27.153334,81.0,0,890.0
538008115,1715293495,-34.922401,27.157917,80.0,0,880.0
538008115,1715293544,-34.922298,27.160133,79.0,0,850.0
538008115,1715293673,-34.921982,27.1661,80.0,0,850.0
538008115,1715293683,-34.922001,27.166468,80.0,0,870.0
538008115,1715293815,-34.921684,27.172518,81.0,0,860.0
538008115,1715293846,-34.9216,27.173849,80.0,0,850.0
538008115,1715294012,-34.921165,27.18165,82.0,0,850.0
538008115,1715294057,-34.921051,27.183533,81.0,0,840.0
538008115,1715294113,-34.920898,27.186234,82.0,0,870.0
538008115,1715294175,-34.920799,27.188999,81.0,0,870.0
538008115,1715294234,-34.9207,27.19175,81.0,0,860.0
538008115,1715294306,-34.920582,27.195017,81.0,0,840.0
538008115,1715294387,-34.920467,27.198717,82.0,0,880.0
538008115,1715294486,-34.9203,27.203367,82.0,0,870.0
538008115,1715294544,-34.920166,27.206083,81.0,0,860.0
538008115,1715294724,-34.919918,27.214399,81.0,0,880.0
538008115,1715294784,-34.919819,27.21715,80.0,0,870.0
538008115,1715295432,-34.919151,27.247084,81.0,0,900.0
538008115,1715295522,-34.919083,27.251167,81.0,0,890.0
538008115,1715295538,-34.919067,27.251751,81.0,0,890.0
538008115,1715295612,-34.918949,27.255283,80.0,0,870.0
538008115,1715295764,-34.918781,27.262117,80.0,0,870.0
538008115,1715295863,-34.918701,27.266783,81.0,0,900.0
538008115,1715296046,-34.918499,27.27495,81.0,0,890.0
538008115,1715296288,-34.918232,27.285967,79.0,0,860.0
538008115,1715296732,-34.917633,27.306566,80.0,0,860.0
538008115,1715297054,-34.917267,27.321333,81.0,0,870.0
538008115,1715297153,-34.917099,27.326017,81.0,0,870.0
538008115,1715297522,-34.916466,27.343283,82.0,0,880.0
538008115,1715297805,-34.916,27.356434,82.0,0,900.0
538008115,1715297933,-34.915916,27.362499,82.0,0,890.0
538008115,1715298016,-34.915867,27.3664,83.0,0,880.0
538008115,1715298054,-34.915817,27.36825,84.0,0,890.0
538008115,1715298514,-34.915268,27.390333,85.0,0,880.0
538008115,1715298525,-34.915234,27.390766,86.0,0,880.0
538008115,1715298534,-34.915234,27.391251,85.0,0,880.0
538008115,1715298614,-34.915169,27.395218,85.0,0,880.0
538008115,1715298644,-34.915134,27.396584,85.0,0,880.0
538008115,1715298697,-34.9151,27.399017,85.0,0,890.0
538008115,1715298784,-34.915066,27.4034,85.0,0,890.0
538008115,1715298857,-34.914967,27.406918,85.0,0,890.0
538008115,1715298874,-34.914951,27.40785,86.0,0,880.0
538008115,1715299026,-34.914734,27.415182,86.0,0,880.0
538008115,1715299182,-34.914581,27.422951,85.0,0,880.0
538008115,1715299346,-34.914467,27.430767,86.0,0,880.0
538008115,1715299393,-34.914398,27.433167,86.0,0,880.0
538008115,1715299437,-34.914349,27.435118,85.0,0,870.0
538008115,1715299574,-34.9142,27.441883,87.0,0,880.0
538008115,1715299742,-34.914001,27.450233,87.0,0,880.0
538008115,1715299845,-34.913898,27.455282,86.0,0,880.0
538008115,1715299918,-34.913769,27.458782,87.0,0,870.0
538008115,1715299966,-34.9137,27.461218,87.0,0,870.0
538008115,1715300085,-34.913532,27.467167,87.0,0,870.0
538008115,1715300235,-34.913368,27.474684,87.0,0,860.0
538008115,1715300255,-34.913334,27.475634,88.0,0,870.0
538008115,1715300266,-34.913334,27.476133,88.0,0,870.0
538008115,1715300344,-34.9132,27.480133,89.0,0,880.0
538008115,1715300405,-34.913132,27.483067,89.0,0,880.0
538008115,1715300498,-34.912998,27.487568,88.0,0,880.0
538008115,1715300524,-34.912968,27.489067,88.0,0,870.0
538008115,1715300542,-34.912949,27.490067,89.0,0,880.0
538008115,1715300582,-34.912899,27.492067,89.0,0,880.0
538008115,1715300726,-34.912731,27.499117,88.0,0,890.0
538008115,1715300977,-34.912418,27.511784,88.0,0,880.0
538008115,1715300984,-34.912434,27.512283,88.0,0,880.0
538008115,1715301222,-34.912083,27.52445,89.0,0,880.0
538008115,1715301362,-34.9119,27.531601,90.0,0,890.0
538008115,1715301382,-34.911865,27.532618,90.0,0,860.0
538008115,1715301513,-34.911682,27.539284,90.0,0,880.0
538008115,1715301525,-34.911701,27.539801,90.0,0,890.0
538008115,1715301598,-34.911652,27.543501,91.0,0,880.0
538008115,1715301602,-34.911633,27.543966,91.0,0,890.0
538008115,1715301674,-34.911598,27.547501,90.0,0,890.0
538008115,1715301723,-34.911617,27.550133,90.0,0,890.0
538008115,1715301955,-34.911018,27.561701,89.0,0,810.0
538008115,1715302085,-34.910183,27.568317,90.0,0,830.0
538008115,1715302151,-34.909985,27.571833,90.0,0,860.0
538008115,1715302303,-34.909668,27.579468,90.0,0,860.0
538008115,1715302405,-34.909466,27.584682,90.0,0,870.0
538008115,1715302793,-34.9086,27.604782,91.0,0,860.0
538008115,1715302993,-34.908382,27.61515,91.0,0,880.0
538008115,1715303137,-34.908199,27.622351,92.0,0,890.0
538008115,1715303158,-34.908184,27.623432,91.0,0,880.0
538008115,1715303242,-34.908031,27.628082,91.0,0,870.0
538008115,1715303334,-34.907848,27.632784,92.0,0,880.0
538008115,1715303446,-34.907665,27.638533,93.0,0,870.0
538008115,1715303504,-34.9076,27.6416,92.0,0,880.0
538008115,1715303552,-34.907516,27.644283,93.0,0,870.0
538008115,1715303578,-34.907501,27.645384,91.0,0,890.0
538008115,1715303685,-34.907368,27.651051,93.0,0,880.0
538008115,1715303734,-34.907284,27.6537,93.0,0,870.0
538008115,1715303812,-34.907166,27.657917,93.0,0,870.0
538008115,1715303934,-34.906952,27.664267,92.0,0,860.0
538008115,1715304177,-34.906467,27.67705,94.0,0,870.0
538008115,1715304275,-34.906284,27.682283,94.0,0,880.0
538008115,1715304296,-34.906216,27.683451,93.0,0,860.0
538008115,1715304406,-34.906082,27.689234,93.0,0,880.0
538008115,1715304443,-34.906033,27.691418,94.0,0,880.0
538008115,1715304876,-34.905251,27.714184,95.0,0,880.0
538008115,1715305133,-34.9048,27.728067,94.0,0,870.0
538008115,1715305193,-34.904751,27.731268,95.0,0,880.0
538008115,1715305336,-34.904617,27.738783,95.0,0,880.0
538008115,1715305353,-34.904598,27.739901,95.0,0,880.0
538008115,1715305443,-34.904499,27.744682,95.0,0,880.0
538008115,1715305637,-34.904202,27.754932,96.0,0,880.0
538008115,1715305887,-34.903934,27.768534,97.0,0,890.0
538008115,1715305913,-34.9039,27.770067,96.0,0,890.0
538008115,1715306402,-34.903316,27.796949,96.0,0,880.0
538008115,1715306572,-34.903084,27.80625,97.0,0,880.0
538008115,1715306735,-34.902851,27.815001,97.0,0,870.0
538008115,1715306775,-34.902748,27.817249,97.0,0,870.0
538008115,1715306863,-34.902569,27.822201,97.0,0,870.0
538008115,1715308333,-34.8997,27.903618,99.0,0,870.0
538008115,1715308555,-34.899166,27.915899,100.0,0,880.0
538008115,1715308585,-34.899082,27.917633,99.0,0,870.0
538008115,1715309096,-34.897934,27.946417,100.0,0,870.0
538008115,1715309473,-34.896915,27.967983,100.0,0,860.0
538008115,1715309504,-34.896832,27.969749,100.0,0,860.0
538008115,1715309882,-34.895802,27.991182,100.0,0,870.0
538008115,1715310157,-34.894917,28.006651,102.0,0,860.0
538008115,1715310343,-34.894417,28.017532,101.0,0,880.0
538008115,1715310628,-34.8941,28.0336,102.0,0,880.0
538008115,1715310692,-34.893982,28.037683,102.0,0,880.0
538008115,1715310713,-34.893982,28.038782,102.0,0,880.0
538008115,1715310903,-34.893719,28.049749,103.0,0,870.0
538008115,1715311105,-34.893501,28.061434,103.0,0,900.0
538008115,1715311223,-34.893517,28.068399,104.0,0,890.0
538008115,1715311645,-34.893383,28.093033,104.0,0,900.0
538008115,1715311845,-34.893333,28.10495,105.0,0,880.0
538008115,1715311872,-34.893349,28.106768,105.0,0,890.0
538008115,1715312016,-34.893269,28.115168,105.0,0,880.0
538008115,1715312824,-34.892982,28.163616,107.0,0,890.0
538008115,1715312922,-34.892899,28.169767,107.0,0,900.0
538008115,1715313055,-34.892735,28.177633,107.0,0,870.0
538008115,1715313235,-34.892502,28.188717,108.0,0,890.0
538008115,1715313264,-34.892448,28.190634,108.0,0,880.0
538008115,1715313568,-34.892101,28.209,108.0,0,890.0
538008115,1715314072,-34.891533,28.240299,109.0,0,860.0
538008115,1715314342,-34.8908,28.257017,108.0,0,860.0
538008115,1715314513,-34.890316,28.267584,110.0,0,860.0
538008115,1715314532,-34.890251,28.268833,110.0,0,860.0
538008115,1715314837,-34.889351,28.287666,111.0,0,860.0
538008115,1715314883,-34.889198,28.290833,111.0,0,860.0
538008115,1715315092,-34.888515,28.304068,111.0,0,850.0
538008115,1715315275,-34.887867,28.315483,112.0,0,850.0
538008115,1715315853,-34.886185,28.352583,113.0,0,870.0
538008115,1715315965,-34.885983,28.359699,112.0,0,890.0
538008115,1715316985,-34.884998,28.426434,116.0,0,880.0
538008115,1715317076,-34.884949,28.4324,116.0,0,890.0
538008115,1715317205,-34.884869,28.440983,117.0,0,890.0
538008115,1715317273,-34.884815,28.44565,117.0,0,880.0
538008115,1715317305,-34.884815,28.447701,117.0,0,890.0
538008115,1715317394,-34.884766,28.453617,117.0,0,890.0
538008115,1715318013,-34.884266,28.495333,118.0,0,890.0
538008115,1715318183,-34.884068,28.506767,118.0,0,880.0
538008115,1715318681,-34.882717,28.540751,120.0,0,870.0
538008115,1715318972,-34.881916,28.560551,121.0,0,870.0
538008115,1715319063,-34.881649,28.566767,120.0,0,870.0
538008115,1715319126,-34.8815,28.570883,120.0,0,870.0
538008115,1715319213,-34.881268,28.576982,121.0,0,870.0
538008115,1715319273,-34.881119,28.5811,120.0,0,870.0
538008115,1715319343,-34.880951,28.585983,121.0,0,880.0
538008115,1715319552,-34.880402,28.600384,121.0,0,880.0
538008115,1715319637,-34.880348,28.605949,121.0,0,890.0
538008115,1715319644,-34.880333,28.606632,121.0,0,890.0
538008115,1715319693,-34.880299,28.610018,121.0,0,890.0
538008115,1715319745,-34.880283,28.613434,121.0,0,890.0
538008115,1715319803,-34.880219,28.617567,121.0,0,880.0
538008115,1715319832,-34.880199,28.619699,121.0,0,880.0
538008115,1715320126,-34.879917,28.639717,122.0,0,890.0
538008115,1715320382,-34.87875,28.6576,121.0,0,770.0
538008115,1715320412,-34.8783,28.659616,121.0,0,750.0
538008115,1715320453,-34.877533,28.662117,120.0,0,690.0
538008115,1715320573,-34.874851,28.669666,122.0,0,650.0
538008115,1715320632,-34.873451,28.67345,123.0,0,650.0
538008115,1715320667,-34.872734,28.675417,123.0,0,650.0
538008115,1715320763,-34.870518,28.6817,123.0,0,660.0
538008115,1715320915,-34.867065,28.6915,124.0,0,670.0
538008115,1715321104,-34.862732,28.703733,125.0,0,670.0
538008115,1715321182,-34.860882,28.708851,125.0,0,660.0
538008115,1715321274,-34.858768,28.714832,126.0,0,660.0
538008115,1715321981,-34.842266,28.761267,127.0,0,660.0
538008115,1715321991,-34.842033,28.761932,127.0,0,660.0
538008115,1715322002,-34.841782,28.762568,127.0,0,650.0
538008115,1715322011,-34.841583,28.763166,128.0,0,660.0
538008115,1715322051,-34.840618,28.7658,128.0,0,660.0
538008115,1715322071,-34.840134,28.767134,126.0,0,660.0
538008115,1715322092,-34.839649,28.768499,127.0,0,660.0
538008115,1715322111,-34.839218,28.769733,127.0,0,660.0
538008115,1715322131,-34.838734,28.771133,127.0,0,660.0
538008115,1715322152,-34.838249,28.772467,127.0,0,660.0
538008115,1715322161,-34.838032,28.773067,128.0,0,660.0
538008115,1715322171,-34.837784,28.773783,127.0,0,660.0
538008115,1715322182,-34.837551,28.774433,128.0,0,660.0
538008115,1715322212,-34.836849,28.776417,128.0,0,660.0
538008115,1715322221,-34.836632,28.777,127.0,0,660.0
538008115,1715322231,-34.836399,28.777666,128.0,0,660.0
538008115,1715322262,-34.835651,28.779734,127.0,0,660.0
538008115,1715322272,-34.835449,28.780333,128.0,0,660.0
538008115,1715322291,-34.834969,28.781668,128.0,0,660.0
538008115,1715322301,-34.834702,28.7824,128.0,0,660.0
538008115,1715322322,-34.834217,28.783716,128.0,0,650.0
538008115,1715322332,-34.833984,28.784384,128.0,0,660.0
538008115,1715322361,-34.833282,28.786301,128.0,0,650.0
538008115,1715322382,-34.832783,28.787666,128.0,0,660.0
538008115,1715322392,-34.832535,28.788334,127.0,0,660.0
538008115,1715322401,-34.832317,28.788918,128.0,0,660.0
538008115,1715322411,-34.8321,28.789516,128.0,0,660.0
538008115,1715325952,-34.747818,29.030117,132.0,0,670.0
538008115,1715326142,-34.743252,29.043301,133.0,0,670.0
538008115,1715326635,-34.731419,29.077583,133.0,0,670.0
538008115,1715327043,-34.7216,29.106434,134.0,0,670.0
538008115,1715327212,-34.717468,29.118401,135.0,0,670.0
538008115,1715327411,-34.712532,29.132401,135.0,0,660.0
538008115,1715327451,-34.711517,29.1353,135.0,0,670.0
538008115,1715327471,-34.711033,29.1367,136.0,0,660.0
538008115,1715327511,-34.710068,29.139517,136.0,0,670.0
538008115,1715327531,-34.709583,29.140917,135.0,0,670.0
538008115,1715327591,-34.708134,29.145149,136.0,0,670.0
538008115,1715327592,-34.708134,29.145149,136.0,0,670.0
538008115,1715327620,-34.707417,29.1472,136.0,0,670.0
538008115,1715327632,-34.707169,29.147984,135.0,0,670.0
538008115,1715327661,-34.706467,29.150034,136.0,0,670.0
538008115,1715327711,-34.705269,29.153566,135.0,0,670.0
538008115,1715327731,-34.704765,29.15505,135.0,0,670.0
538008115,1715327741,-34.704552,29.155684,136.0,0,670.0
538008115,1715327781,-34.703583,29.158518,135.0,0,670.0
538008115,1715327800,-34.703083,29.159933,135.0,0,670.0
538008115,1715327801,-34.703083,29.159933,135.0,0,670.0
538008115,1715327831,-34.702332,29.162132,136.0,0,670.0
538008115,1715327851,-34.701881,29.163483,135.0,0,670.0
538008115,1715327870,-34.701416,29.164818,135.0,0,670.0
538008115,1715327901,-34.700634,29.166983,136.0,0,660.0
538008115,1715327911,-34.700417,29.1677,135.0,0,670.0
538008115,1715327920,-34.70015,29.1684,135.0,0,670.0
538008115,1715327921,-34.70015,29.1684,135.0,0,670.0
538008115,1715327941,-34.699684,29.169817,135.0,0,670.0
538008115,1715327961,-34.6992,29.171217,136.0,0,670.0
538008115,1715328050,-34.697018,29.177567,136.0,0,670.0
538008115,1715328051,-34.697018,29.177567,136.0,0,670.0
538008115,1715328061,-34.696766,29.178284,136.0,0,670.0
538008115,1715328072,-34.696499,29.17905,135.0,0,670.0
538008115,1715328274,-34.691715,29.193283,136.0,0,670.0
538008115,1715329213,-34.6684,29.259018,135.0,0,660.0
538008115,1715329303,-34.666183,29.265284,134.0,0,660.0
538008115,1715329483,-34.661568,29.277733,134.0,0,640.0
538008115,1715329615,-34.658115,29.286766,135.0,0,650.0
538008115,1715329975,-34.6488,29.311617,135.0,0,650.0
538008115,1715330077,-34.646217,29.318632,135.0,0,660.0
538008115,1715330255,-34.641701,29.331182,134.0,0,660.0
538008115,1715330395,-34.638218,29.340883,134.0,0,660.0
538008115,1715330475,-34.636185,29.346518,134.0,0,660.0
538008115,1715330696,-34.63065,29.3619,134.0,0,660.0
538008115,1715331052,-34.621666,29.387068,134.0,0,670.0
538008115,1715331145,-34.6194,29.393267,134.0,0,660.0
538008115,1715331245,-34.616882,29.400351,135.0,0,660.0
538008115,1715331276,-34.61615,29.402451,134.0,0,670.0
538008115,1715331425,-34.61235,29.412901,134.0,0,650.0
538008115,1715331594,-34.608051,29.424683,133.0,0,650.0
538008115,1715331865,-34.601234,29.44335,134.0,0,650.0
538008115,1715331873,-34.600983,29.444017,134.0,0,650.0
538008115,1715331925,-34.599731,29.447399,133.0,0,650.0
538008115,1715332197,-34.593033,29.466183,134.0,0,670.0
538008115,1715332313,-34.590069,29.474501,135.0,0,660.0
538008115,1715332436,-34.587032,29.4828,134.0,0,650.0
538008115,1715332533,-34.584518,29.4897,135.0,0,660.0
538008115,1715332653,-34.581501,29.497999,134.0,0,660.0
538008115,1715332703,-34.5802,29.501499,134.0,0,650.0
538008115,1715333300,-34.565048,29.542618,134.0,0,650.0
538008115,1715333333,-34.564232,29.5448,134.0,0,660.0
538008115,1715333395,-34.562717,29.548918,134.0,0,650.0
538008115,1715333459,-34.56115,29.553017,134.0,0,650.0
538008115,1715333525,-34.559368,29.557734,133.0,0,650.0
538008115,1715333896,-34.549732,29.582951,133.0,0,650.0
538008115,1715333904,-34.549549,29.583483,133.0,0,650.0
538008115,1715334062,-34.545349,29.594351,134.0,0,640.0
538008115,1715334212,-34.541367,29.604467,133.0,0,640.0
538008115,1715334367,-34.537399,29.614683,133.0,0,640.0
538008115,1715334454,-34.535034,29.620684,133.0,0,640.0
538008115,1715334462,-34.534733,29.621433,134.0,0,640.0
538008115,1715334477,-34.534451,29.622168,133.0,0,630.0
538008115,1715334516,-34.533432,29.624718,133.0,0,630.0
538008115,1715334523,-34.533134,29.625532,133.0,0,640.0
538008115,1715334874,-34.523682,29.649099,132.0,0,630.0
538008115,1715335015,-34.519882,29.658382,132.0,0,630.0
538008115,1715335156,-34.516102,29.667767,132.0,0,640.0
538008115,1715335213,-34.514435,29.671766,133.0,0,630.0
538008115,1715335415,-34.508934,29.685034,132.0,0,630.0
538008115,1715335482,-34.507015,29.689699,132.0,0,630.0
538008115,1715335569,-34.504784,29.695084,132.0,0,630.0
538008115,1715335956,-34.493801,29.720917,132.0,0,620.0
538008115,1715336053,-34.491001,29.727449,132.0,0,620.0
538008115,1715336073,-34.490398,29.728832,131.0,0,620.0
538008115,1715336293,-34.4842,29.743217,132.0,0,620.0
538008115,1715336323,-34.483299,29.745251,132.0,0,610.0
538008115,1715336433,-34.480118,29.75255,132.0,0,620.0
538008115,1715336444,-34.479851,29.753134,132.0,0,610.0
538008115,1715336603,-34.475231,29.76375,132.0,0,610.0
538008115,1715336673,-34.473202,29.768351,132.0,0,610.0
538008115,1715336811,-34.469131,29.777451,132.0,0,610.0
538008115,1715336879,-34.467365,29.781384,132.0,0,610.0
538008115,1715336973,-34.464382,29.787983,132.0,0,600.0
538008115,1715337074,-34.461399,29.794434,131.0,0,610.0
538008115,1715337135,-34.459618,29.798332,132.0,0,610.0
538008115,1715337434,-34.45155,29.818466,131.0,0,670.0
538008115,1715337572,-34.448284,29.827967,131.0,0,670.0
538008115,1715337655,-34.44635,29.833418,131.0,0,660.0
538008115,1715337845,-34.441666,29.846434,131.0,0,660.0
538008115,1715337893,-34.440434,29.84985,131.0,0,650.0
538008115,1715337908,-34.440182,29.850533,132.0,0,660.0
538008115,1715337965,-34.438717,29.854616,130.0,0,660.0
538008115,1715338202,-34.433384,29.871082,130.0,0,710.0
538008115,1715338324,-34.431,29.879482,131.0,0,710.0
538008115,1715338495,-34.427551,29.891333,131.0,0,700.0
538008115,1715338513,-34.427132,29.892733,131.0,0,700.0
538008115,1715338645,-34.424416,29.90185,131.0,0,700.0
538008115,1715338875,-34.419651,29.91785,131.0,0,700.0
538008115,1715338983,-34.417332,29.925632,132.0,0,700.0
538008115,1715339053,-34.415867,29.93055,131.0,0,700.0
538008115,1715339064,-34.415634,29.931316,132.0,0,700.0
538008115,1715339120,-34.414581,29.934767,132.0,0,690.0
538008115,1715339137,-34.414165,29.936251,133.0,0,700.0
538008115,1715339288,-34.410999,29.946733,132.0,0,690.0
538008115,1715339367,-34.409267,29.952467,133.0,0,700.0
538008115,1715339374,-34.409065,29.9531,132.0,0,690.0
538008115,1715339506,-34.4063,29.962217,133.0,0,690.0
538008115,1715339517,-34.406033,29.962982,133.0,0,690.0
538008115,1715339836,-34.399052,29.9856,134.0,0,700.0
538008115,1715339894,-34.397751,29.989782,133.0,0,690.0
538008115,1715340016,-34.395134,29.998383,134.0,0,690.0
538008115,1715340112,-34.392948,30.005484,133.0,0,690.0
538008115,1715340166,-34.391884,30.00905,133.0,0,690.0
538008115,1715340229,-34.390583,30.013317,134.0,0,700.0
538008115,1715340303,-34.388882,30.018917,134.0,0,690.0
538008115,1715340313,-34.388649,30.019632,133.0,0,690.0
538008115,1715340403,-34.3867,30.026117,134.0,0,700.0
538008115,1715340434,-34.386066,30.028183,134.0,0,700.0
538008115,1715340565,-34.383366,30.037399,133.0,0,700.0
538008115,1715341014,-34.375317,30.069082,127.0,0,740.0
538008115,1715341214,-34.372383,30.082733,124.0,0,750.0
538008115,1715341244,-34.371948,30.084766,124.0,0,750.0
538008115,1715341256,-34.371799,30.085501,123.0,0,750.0
538008115,1715341294,-34.37125,30.088051,123.0,0,750.0
538008115,1715341314,-34.370934,30.089533,122.0,0,750.0
538008115,1715341722,-34.364216,30.116117,118.0,0,640.0
538008115,1715341776,-34.362934,30.119267,119.0,0,630.0
538008115,1715341875,-34.360466,30.125067,118.0,0,630.0
538008115,1715341922,-34.359299,30.127968,118.0,0,640.0
538008115,1715342162,-34.353767,30.142599,119.0,0,660.0
538008115,1715342286,-34.351082,30.14995,119.0,0,660.0
538008115,1715342355,-34.349548,30.15415,119.0,0,660.0
538008115,1715342385,-34.348831,30.156166,119.0,0,670.0
538008115,1715342395,-34.348652,30.156651,119.0,0,660.0
538008115,1715342436,-34.347801,30.159166,118.0,0,670.0
538008115,1715342474,-34.346966,30.1616,119.0,0,670.0
538008115,1715342545,-34.345467,30.165951,119.0,0,670.0
538008115,1715342595,-34.344418,30.169033,119.0,0,670.0
538008115,1715342682,-34.342533,30.17445,119.0,0,670.0
538008115,1715342784,-34.340366,30.180683,119.0,0,660.0
538008115,1715342926,-34.337418,30.189318,119.0,0,670.0
538008115,1715343283,-34.32975,30.21155,119.0,0,660.0
538008115,1715343366,-34.327969,30.216534,119.0,0,660.0
538008115,1715343423,-34.326668,30.220234,119.0,0,670.0
538008115,1715343453,-34.325966,30.222151,120.0,0,670.0
538008115,1715343847,-34.317665,30.246468,119.0,0,670.0
538008115,1715343905,-34.316418,30.25025,120.0,0,670.0
538008115,1715343914,-34.316181,30.250933,121.0,0,670.0
538008115,1715343947,-34.315567,30.252783,120.0,0,680.0
538008115,1715344059,-34.313133,30.259649,120.0,0,650.0
538008115,1715344124,-34.311466,30.263918,119.0,0,650.0
538008115,1715344227,-34.309082,30.270067,121.0,0,650.0
538008115,1715344247,-34.308601,30.271299,121.0,0,650.0
538008115,1715344389,-34.305283,30.279984,121.0,0,640.0
538008115,1715344524,-34.301968,30.28875,122.0,0,650.0
538008115,1715344655,-34.298931,30.296867,121.0,0,650.0
538008115,1715344726,-34.297298,30.301167,121.0,0,650.0
538008115,1715344935,-34.292332,30.314383,121.0,0,650.0
538008115,1715344964,-34.291634,30.316267,122.0,0,650.0
538008115,1715344995,-34.290932,30.31815,121.0,0,650.0
538008115,1715345023,-34.290234,30.319967,122.0,0,650.0
538008115,1715345066,-34.289333,30.322416,122.0,0,660.0
538008115,1715345166,-34.287048,30.328899,122.0,0,670.0
538008115,1715345497,-34.279549,30.349751,122.0,0,650.0
538008115,1715345667,-34.2756,30.360518,123.0,0,650.0
538008115,1715345786,-34.272816,30.368183,123.0,0,660.0
538008115,1715345866,-34.271015,30.37335,123.0,0,670.0
538008115,1715345915,-34.269966,30.37635,123.0,0,670.0
538008115,1715346043,-34.267101,30.384832,122.0,0,670.0
538008115,1715346365,-34.25985,30.404934,122.0,0,660.0
538008115,1715346425,-34.258469,30.408701,122.0,0,660.0
538008115,1715346535,-34.255867,30.415684,121.0,0,650.0
538008115,1715346684,-34.252335,30.424982,121.0,0,640.0
538008115,1715347004,-34.244568,30.44495,122.0,0,650.0
538008115,1715347065,-34.243118,30.448633,122.0,0,640.0
538008115,1715347075,-34.242867,30.449249,122.0,0,640.0
538008115,1715347164,-34.240685,30.454849,122.0,0,650.0
538008115,1715347184,-34.24015,30.456167,122.0,0,640.0
538008115,1715347316,-34.237019,30.464184,121.0,0,640.0
538008115,1715347445,-34.233799,30.472183,122.0,0,630.0
538008115,1715347463,-34.233299,30.473417,122.0,0,630.0
538008115,1715347555,-34.230984,30.478901,122.0,0,630.0
538008115,1715347964,-34.221634,30.504633,121.0,0,670.0
538008115,1715348114,-34.218418,30.514116,122.0,0,670.0
538008115,1715348125,-34.218182,30.514816,122.0,0,680.0
538008115,1715348188,-34.216949,30.518551,121.0,0,680.0
538008115,1715348398,-34.212433,30.531733,121.0,0,670.0
538008115,1715348764,-34.203949,30.554733,120.0,0,660.0
538008115,1715348954,-34.199818,30.566633,120.0,0,670.0
538008115,1715349105,-34.196533,30.575983,119.0,0,660.0
538008115,1715349184,-34.194752,30.581017,119.0,0,670.0
538008115,1715349276,-34.192783,30.586617,119.0,0,660.0
538008115,1715349333,-34.191483,30.590334,119.0,0,670.0
538008115,1715349377,-34.190601,30.592867,119.0,0,660.0
538008115,1715349754,-34.182251,30.6161,118.0,0,660.0
538008115,1715349774,-34.181816,30.617317,118.0,0,660.0
538008115,1715349935,-34.17815,30.627033,118.0,0,650.0
538008115,1715349993,-34.176765,30.63065,117.0,0,650.0
538008115,1715350064,-34.175133,30.634933,117.0,0,640.0
538008115,1715350193,-34.172134,30.642683,117.0,0,650.0
538008115,1715350246,-34.170967,30.645767,117.0,0,660.0
538008115,1715350344,-34.168652,30.651716,117.0,0,640.0
538008115,1715350406,-34.167252,30.655317,117.0,0,640.0
538008115,1715350629,-34.162033,30.668501,117.0,0,630.0
538008115,1715350657,-34.161316,30.670218,117.0,0,630.0
538008115,1715350666,-34.161098,30.67075,117.0,0,630.0
538008115,1715350754,-34.158966,30.67625,116.0,0,650.0
538008115,1715350874,-34.156467,30.683468,115.0,0,670.0
538008115,1715350932,-34.155266,30.687134,116.0,0,690.0
538008115,1715351074,-34.152451,30.695583,115.0,0,670.0
538008115,1715351154,-34.150768,30.7005,115.0,0,670.0
538008115,1715351286,-34.148067,30.708233,115.0,0,670.0
538008115,1715351336,-34.147034,30.711233,115.0,0,670.0
538008115,1715351493,-34.143848,30.720984,115.0,0,680.0
538008115,1715351543,-34.142849,30.724016,115.0,0,680.0
538008115,1715351726,-34.139484,30.735001,115.0,0,710.0
538008115,1715351756,-34.138985,30.736851,115.0,0,710.0
538008115,1715351849,-34.137417,30.742382,115.0,0,710.0
538008115,1715352048,-34.133801,30.754551,115.0,0,680.0
538008115,1715352121,-34.132435,30.758783,115.0,0,680.0
538008115,1715352335,-34.128166,30.771917,114.0,0,690.0
538008115,1715352873,-34.117352,30.804382,115.0,0,660.0
538008115,1715353233,-34.109531,30.825733,115.0,0,650.0
538008115,1715353264,-34.108883,30.827534,115.0,0,650.0
538008115,1715353413,-34.105568,30.836468,114.0,0,650.0
538008115,1715353453,-34.104698,30.838833,114.0,0,660.0
538008115,1715353533,-34.102951,30.843483,115.0,0,650.0
538008115,1715353553,-34.102501,30.84465,115.0,0,650.0
538008115,1715353574,-34.102051,30.8459,115.0,0,660.0
538008115,1715353653,-34.100368,30.850634,114.0,0,670.0
538008115,1715353714,-34.099167,30.8542,113.0,0,670.0
538008115,1715353825,-34.096966,30.860683,113.0,0,670.0
538008115,1715353854,-34.096367,30.862417,112.0,0,670.0
538008115,1715353893,-34.095531,30.864834,112.0,0,670.0
538008115,1715353914,-34.095135,30.865999,112.0,0,670.0
538008115,1715354324,-34.087833,30.890017,109.0,0,730.0
538008115,1715354426,-34.086449,30.89595,109.0,0,740.0
538008115,1715354594,-34.083801,30.905933,109.0,0,690.0
538008115,1715354884,-34.077583,30.922033,109.0,0,640.0
538008115,1715354993,-34.075249,30.928118,109.0,0,650.0
538008115,1715355057,-34.074001,30.9314,109.0,0,650.0
538008115,1715355253,-34.069782,30.942583,110.0,0,660.0
538008115,1715355364,-34.067566,30.948883,110.0,0,670.0
538008115,1715355474,-34.06535,30.955168,109.0,0,670.0
538008115,1715355535,-34.064152,30.958599,109.0,0,660.0
538008115,1715355606,-34.062752,30.9625,109.0,0,660.0
538008115,1715355616,-34.062569,30.963017,108.0,0,660.0
538008115,1715355716,-34.060482,30.968718,109.0,0,660.0
538008115,1715355926,-34.055916,30.980284,108.0,0,640.0
538008115,1715356036,-34.053516,30.986366,108.0,0,640.0
538008115,1715356043,-34.053299,30.986917,108.0,0,640.0
538008115,1715356065,-34.052849,30.988083,108.0,0,640.0
538008115,1715356096,-34.05225,30.989634,108.0,0,650.0
538008115,1715356154,-34.050919,30.993017,108.0,0,650.0
538008115,1715356166,-34.050682,30.993616,108.0,0,640.0
538008115,1715356276,-34.048317,30.999567,108.0,0,640.0
538008115,1715356637,-34.040417,31.019417,107.0,0,630.0
538008115,1715357006,-34.032566,31.039618,106.0,0,670.0
538008115,1715357065,-34.031448,31.04295,106.0,0,670.0
538008115,1715357138,-34.030117,31.04685,106.0,0,670.0
538008115,1715357206,-34.028782,31.05065,106.0,0,670.0
538008115,1715357275,-34.027382,31.054632,106.0,0,670.0
538008115,1715357283,-34.027184,31.055134,105.0,0,670.0
538008115,1715357407,-34.024849,31.061716,107.0,0,660.0
538008115,1715357452,-34.023849,31.064533,106.0,0,660.0
538008115,1715357574,-34.021549,31.071117,106.0,0,670.0
538008115,1715357726,-34.018616,31.07935,105.0,0,660.0
538008115,1715357756,-34.018032,31.080982,106.0,0,670.0
538008115,1715357815,-34.016869,31.084299,105.0,0,670.0
538008115,1715357834,-34.016533,31.085283,105.0,0,660.0
538008115,1715357856,-34.016151,31.086384,106.0,0,670.0
538008115,1715358035,-34.01265,31.096333,105.0,0,660.0
538008115,1715358076,-34.011917,31.098482,105.0,0,670.0
538008115,1715358144,-34.010582,31.102318,105.0,0,670.0
538008115,1715358204,-34.009399,31.1056,105.0,0,670.0
538008115,1715358223,-34.009033,31.106632,106.0,0,670.0
538008115,1715358277,-34.008018,31.109533,106.0,0,660.0
538008115,1715358323,-34.007069,31.11215,106.0,0,660.0
538008115,1715358346,-34.006683,31.113167,106.0,0,660.0
538008115,1715358365,-34.006268,31.114367,106.0,0,660.0
538008115,1715358486,-34.003918,31.120899,106.0,0,660.0
538008115,1715358657,-34.000549,31.13015,106.0,0,660.0
538008115,1715358714,-33.999382,31.133383,106.0,0,660.0
538008115,1715358848,-33.996868,31.140467,106.0,0,660.0
538008115,1715358889,-33.996082,31.142668,106.0,0,660.0
538008115,1715358923,-33.9953,31.144833,106.0,0,660.0
538008115,1715358934,-33.995098,31.145384,106.0,0,670.0
538008115,1715359024,-33.993301,31.150267,105.0,0,660.0
538008115,1715359033,-33.993099,31.150801,105.0,0,660.0
538008115,1715359263,-33.988533,31.1632,105.0,0,660.0
538008115,1715359273,-33.988335,31.163733,105.0,0,660.0
538008115,1715359298,-33.987934,31.164818,105.0,0,660.0
538008115,1715359324,-33.987366,31.166433,105.0,0,660.0
538008115,1715359373,-33.986401,31.169132,105.0,0,670.0
538008115,1715359381,-33.986217,31.169666,105.0,0,670.0
538008115,1715359476,-33.984451,31.174534,104.0,0,660.0
538008115,1715359512,-33.983685,31.176683,103.0,0,660.0
538008115,1715359533,-33.983299,31.17775,104.0,0,660.0
538008115,1715359571,-33.982533,31.17985,104.0,0,660.0
538008115,1715359647,-33.981098,31.183701,105.0,0,660.0
538008115,1715359667,-33.980682,31.18475,105.0,0,650.0
538008115,1715359696,-33.980083,31.18635,104.0,0,650.0
538008115,1715359804,-33.977932,31.1922,105.0,0,660.0
538008115,1715359853,-33.976952,31.194866,105.0,0,660.0
538008115,1715360578,-33.963531,31.234182,105.0,0,680.0
538008115,1715360732,-33.960602,31.242867,105.0,0,680.0
538008115,1715360796,-33.959484,31.246134,105.0,0,680.0
538008115,1715361176,-33.952316,31.2668,106.0,0,670.0
538008115,1715361264,-33.950668,31.271717,105.0,0,670.0
538008115,1715361395,-33.948215,31.278816,105.0,0,660.0
538008115,1715361485,-33.946434,31.283649,105.0,0,660.0
538008115,1715361537,-33.945435,31.286417,105.0,0,660.0
538008115,1715361605,-33.944035,31.290117,105.0,0,660.0
538008115,1715361643,-33.943199,31.292267,105.0,0,650.0
538008115,1715361793,-33.940151,31.300333,105.0,0,640.0
538008115,1715362003,-33.936001,31.311733,106.0,0,680.0
538008115,1715362066,-33.934883,31.3151,106.0,0,680.0
538008115,1715362178,-33.9328,31.32115,105.0,0,670.0
538008115,1715362183,-33.932652,31.321583,106.0,0,670.0
538008115,1715362416,-33.9282,31.3342,106.0,0,670.0
538008115,1715362436,-33.927834,31.335318,106.0,0,670.0
538008115,1715362476,-33.927101,31.337517,106.0,0,680.0
538008115,1715362496,-33.926716,31.338617,106.0,0,680.0
538008115,1715362516,-33.926334,31.339767,106.0,0,680.0
538008115,1715362555,-33.925617,31.341883,106.0,0,680.0
538008115,1715362576,-33.925251,31.342966,106.0,0,670.0
538008115,1715362636,-33.924099,31.3463,105.0,0,670.0
538008115,1715362658,-33.923752,31.347366,105.0,0,670.0
538008115,1715362952,-33.918201,31.363667,106.0,0,670.0
538008115,1715363016,-33.917118,31.366966,105.0,0,680.0
538008115,1715363142,-33.914749,31.374001,104.0,0,670.0
538008115,1715363185,-33.914001,31.37615,104.0,0,670.0
538008115,1715363228,-33.913265,31.3783,104.0,0,670.0
538008115,1715363248,-33.912899,31.379368,103.0,0,670.0
538008115,1715363382,-33.910316,31.38685,103.0,0,670.0
538008115,1715363754,-33.90345,31.406418,102.0,0,670.0
538008115,1715363775,-33.903049,31.40745,102.0,0,660.0
538008115,1715363854,-33.901531,31.41165,102.0,0,660.0
538008115,1715363964,-33.899368,31.417383,102.0,0,650.0
538008115,1715363987,-33.898968,31.418432,102.0,0,660.0
538008115,1715364064,-33.897434,31.422567,102.0,0,650.0
538008115,1715364086,-33.897018,31.423651,102.0,0,660.0
538008115,1715364093,-33.896866,31.424116,102.0,0,660.0
538008115,1715364105,-33.896648,31.4247,102.0,0,660.0
538008115,1715364191,-33.894951,31.429367,102.0,0,660.0
538008115,1715364287,-33.893166,31.434116,102.0,0,650.0
538008115,1715364386,-33.891167,31.439333,102.0,0,650.0
538008115,1715364553,-33.887833,31.448151,102.0,0,650.0
538008115,1715364637,-33.88625,31.452299,102.0,0,640.0
538008115,1715364703,-33.88485,31.455933,102.0,0,650.0
538008115,1715364737,-33.884266,31.457483,102.0,0,650.0
538008115,1715364795,-33.883068,31.460583,102.0,0,640.0
538008115,1715365003,-33.878784,31.471416,101.0,0,640.0
538008115,1715365053,-33.8778,31.474016,101.0,0,650.0
538008115,1715365095,-33.877018,31.476151,101.0,0,650.0
538008115,1715365153,-33.8759,31.479282,101.0,0,660.0
538008115,1715365213,-33.874783,31.482401,101.0,0,670.0
538008115,1715365303,-33.873135,31.487034,100.0,0,660.0
538008115,1715365396,-33.871468,31.4918,100.0,0,670.0
538008115,1715365425,-33.870949,31.493317,101.0,0,670.0
538008115,1715365492,-33.869667,31.49695,101.0,0,670.0
538008115,1715365593,-33.867851,31.502251,101.0,0,680.0
538008115,1715365637,-33.867085,31.5044,101.0,0,680.0
538008115,1715365824,-33.863632,31.514351,102.0,0,670.0
538008115,1715365917,-33.861984,31.5191,101.0,0,660.0
538008115,1715366034,-33.859718,31.525351,101.0,0,660.0
538008115,1715366165,-33.857334,31.532118,101.0,0,660.0
538008115,1715366274,-33.855267,31.537901,101.0,0,660.0
538008115,1715366353,-33.853733,31.542032,101.0,0,660.0
538008115,1715366618,-33.848866,31.555582,101.0,0,670.0
538008115,1715366812,-33.845016,31.565933,101.0,0,650.0
538008115,1715366863,-33.844002,31.568617,101.0,0,650.0
538008115,1715366914,-33.843067,31.57115,101.0,0,660.0
538008115,1715367073,-33.84,31.5795,102.0,0,650.0
538008115,1715367164,-33.838367,31.584249,102.0,0,680.0
538008115,1715367312,-33.835732,31.592216,101.0,0,680.0
538008115,1715367424,-33.833698,31.598034,100.0,0,660.0
538008115,1715367433,-33.833549,31.59845,101.0,0,660.0
538008115,1715367553,-33.831284,31.604717,101.0,0,660.0
538008115,1715367624,-33.829948,31.608433,101.0,0,660.0
538008115,1715367676,-33.829018,31.610983,101.0,0,660.0
538008115,1715367923,-33.824184,31.623983,101.0,0,660.0
538008115,1715367974,-33.823215,31.626633,101.0,0,650.0
538008115,1715368055,-33.821716,31.630684,101.0,0,660.0
538008115,1715368154,-33.819801,31.635918,101.0,0,660.0
538008115,1715368277,-33.817566,31.642151,101.0,0,660.0
538008115,1715368398,-33.815334,31.648417,101.0,0,670.0
538008115,1715368494,-33.813568,31.653633,101.0,0,670.0
538008115,1715368571,-33.812084,31.6579,101.0,0,660.0
538008115,1715368572,-33.812084,31.6579,101.0,0,660.0
538008115,1715368583,-33.811867,31.658484,101.0,0,660.0
538008115,1715368592,-33.811684,31.659,101.0,0,660.0
538008115,1715368611,-33.811352,31.65995,101.0,0,660.0
538008115,1715368621,-33.811169,31.66045,101.0,0,660.0
538008115,1715368622,-33.811169,31.66045,101.0,0,660.0
538008115,1715368663,-33.810417,31.662634,101.0,0,660.0
538008115,1715368664,-33.810417,31.662634,101.0,0,660.0
538008115,1715368703,-33.809685,31.664734,101.0,0,660.0
538008115,1715368712,-33.809502,31.665268,101.0,0,670.0
538008115,1715368722,-33.809284,31.6658,101.0,0,670.0
538008115,1715368731,-33.809101,31.666267,101.0,0,660.0
538008115,1715368741,-33.808918,31.6668,101.0,0,670.0
538008115,1715368763,-33.808498,31.667917,101.0,0,660.0
538008115,1715368781,-33.80835,31.6684,101.0,0,670.0
538008115,1715368792,-33.807983,31.669451,100.0,0,670.0
538008115,1715368793,-33.807983,31.669451,100.0,0,670.0
538008115,1715368797,-33.807983,31.669451,100.0,0,670.0
538008115,1715368832,-33.807251,31.671551,101.0,0,660.0
538008115,1715368852,-33.806866,31.672632,101.0,0,670.0
538008115,1715368861,-33.806702,31.6731,101.0,0,670.0
538008115,1715368862,-33.806702,31.6731,101.0,0,670.0
538008115,1715368872,-33.806499,31.673683,101.0,0,660.0
538008115,1715368883,-33.806301,31.6742,101.0,0,670.0
538008115,1715368912,-33.805752,31.675783,100.0,0,660.0
538008115,1715368913,-33.805752,31.675783,100.0,0,660.0
538008115,1715368921,-33.805599,31.676268,101.0,0,670.0
538008115,1715368922,-33.805599,31.676268,101.0,0,670.0
538008115,1715368932,-33.805401,31.676783,100.0,0,660.0
538008115,1715368972,-33.804668,31.678883,101.0,0,670.0
538008115,1715368981,-33.804466,31.679449,101.0,0,660.0
538008115,1715368992,-33.804268,31.679968,101.0,0,660.0
538008115,1715369011,-33.803902,31.680967,101.0,0,660.0
538008115,1715369032,-33.803501,31.682068,101.0,0,660.0
538008115,1715369052,-33.803131,31.6831,101.0,0,660.0
538008115,1715369055,-33.803131,31.6831,101.0,0,660.0
538008115,1715369071,-33.802784,31.684099,101.0,0,660.0
538008115,1715369082,-33.802601,31.684616,101.0,0,670.0
538008115,1715369092,-33.802433,31.68515,101.0,0,670.0
538008115,1715369093,-33.802433,31.68515,101.0,0,670.0
538008115,1715369101,-33.802235,31.685667,101.0,0,660.0
538008115,1715369112,-33.802052,31.686199,101.0,0,660.0
538008115,1715369113,-33.802052,31.686199,101.0,0,660.0
538008115,1715369131,-33.801666,31.687183,101.0,0,650.0
538008115,1715369132,-33.801666,31.687183,101.0,0,650.0
538008115,1715369142,-33.801449,31.687817,101.0,0,660.0
538008115,1715369152,-33.801266,31.688334,101.0,0,660.0
538008115,1715369153,-33.801266,31.688334,101.0,0,660.0
538008115,1715369215,-33.800133,31.691418,101.0,0,660.0
538008115,1715369584,-33.793152,31.710699,101.0,0,650.0
538008115,1715369895,-33.787334,31.726933,101.0,0,670.0
538008115,1715369984,-33.785648,31.731783,101.0,0,660.0
538008115,1715369995,-33.785465,31.7323,100.0,0,660.0
538008115,1715370074,-33.784,31.736549,100.0,0,670.0
538008115,1715370184,-33.782032,31.742233,101.0,0,670.0
538008115,1715370304,-33.779884,31.748533,100.0,0,670.0
538008115,1715370386,-33.7784,31.752733,101.0,0,670.0
538008115,1715370444,-33.777351,31.755882,101.0,0,680.0
538008115,1715370607,-33.774399,31.764217,100.0,0,670.0
538008115,1715370743,-33.771866,31.771549,100.0,0,670.0
538008115,1715370793,-33.770966,31.774166,100.0,0,680.0
538008115,1715370833,-33.770283,31.776199,100.0,0,670.0
538008115,1715371383,-33.760319,31.804733,99.0,0,660.0
538008115,1715371475,-33.758633,31.809418,100.0,0,660.0
538008115,1715371605,-33.756134,31.816116,100.0,0,650.0
538008115,1715371642,-33.755367,31.818132,100.0,0,650.0
538008115,1715371666,-33.754967,31.819151,100.0,0,640.0
538008115,1715371734,-33.753601,31.822817,101.0,0,650.0
538008115,1715371828,-33.7519,31.827417,100.0,0,650.0
538008115,1715371928,-33.75005,31.8326,100.0,0,660.0
538008115,1715371986,-33.748951,31.835699,99.0,0,670.0
538008115,1715372016,-33.748383,31.837282,99.0,0,660.0
538008115,1715372116,-33.746532,31.842449,99.0,0,660.0
538008115,1715372155,-33.745815,31.8444,100.0,0,650.0
538008115,1715372283,-33.743301,31.851168,100.0,0,660.0
538008115,1715372362,-33.741768,31.855217,100.0,0,650.0
538008115,1715372477,-33.739632,31.861,100.0,0,660.0
538008115,1715372552,-33.738167,31.865017,100.0,0,670.0
538008115,1715372573,-33.737766,31.8661,100.0,0,660.0
538008115,1715372603,-33.737251,31.867533,100.0,0,660.0
538008115,1715372664,-33.736084,31.870667,100.0,0,650.0
538008115,1715372853,-33.733017,31.878967,101.0,0,660.0
538008115,1715373023,-33.729198,31.889267,100.0,0,650.0
538008115,1715373065,-33.728382,31.891367,100.0,0,650.0
538008115,1715373115,-33.727402,31.893883,101.0,0,650.0
538008115,1715373306,-33.723633,31.903767,101.0,0,660.0
538008115,1715373486,-33.72015,31.913134,101.0,0,660.0
538008115,1715373504,-33.719784,31.914118,101.0,0,660.0
538008115,1715373584,-33.718266,31.918266,100.0,0,660.0
538008115,1715373606,-33.717869,31.91935,100.0,0,660.0
538008115,1715373676,-33.716568,31.922934,100.0,0,660.0
538008115,1715373883,-33.712551,31.933832,101.0,0,660.0
538008115,1715374065,-33.709068,31.943068,100.0,0,650.0
538008115,1715374085,-33.708649,31.944151,100.0,0,650.0
538008115,1715374101,-33.708267,31.9452,101.0,0,660.0
538008115,1715374121,-33.707901,31.946234,101.0,0,650.0
538008115,1715374123,-33.707901,31.946234,101.0,0,650.0
538008115,1715374131,-33.707668,31.9468,100.0,0,650.0
538008115,1715374152,-33.707283,31.947832,101.0,0,650.0
538008115,1715374161,-33.7071,31.948299,101.0,0,650.0
538008115,1715374172,-33.706902,31.948868,101.0,0,650.0
538008115,1715374191,-33.706516,31.94985,101.0,0,650.0
538008115,1715374212,-33.706135,31.950933,101.0,0,660.0
538008115,1715374232,-33.70575,31.951918,101.0,0,650.0
538008115,1715374251,-33.705349,31.95295,100.0,0,650.0
538008115,1715374292,-33.704552,31.955084,100.0,0,650.0
538008115,1715374311,-33.704182,31.956051,100.0,0,650.0
538008115,1715374322,-33.703983,31.956617,101.0,0,650.0
538008115,1715374381,-33.702831,31.959667,100.0,0,650.0
538008115,1715374382,-33.702831,31.959667,100.0,0,650.0
538008115,1715374401,-33.70245,31.960699,101.0,0,660.0
538008115,1715374406,-33.70245,31.960699,101.0,0,660.0
538008115,1715374412,-33.702232,31.961267,99.0,0,660.0
538008115,1715374419,-33.702232,31.961267,99.0,0,660.0
538008115,1715374451,-33.7015,31.963284,100.0,0,650.0
538008115,1715374461,-33.701317,31.9638,100.0,0,660.0
538008115,1715374465,-33.701317,31.9638,100.0,0,660.0
538008115,1715374472,-33.701099,31.964367,100.0,0,660.0
538008115,1715374491,-33.700733,31.965349,99.0,0,660.0
538008115,1715374502,-33.700535,31.9659,100.0,0,660.0
538008115,1715374511,-33.700352,31.966368,100.0,0,650.0
538008115,1715374532,-33.699966,31.967466,100.0,0,660.0
538008115,1715374551,-33.699635,31.968399,100.0,0,660.0
538008115,1715374561,-33.699417,31.968967,100.0,0,660.0
538008115,1715374611,-33.698448,31.971533,100.0,0,650.0
538008115,1715374720,-33.6964,31.977234,101.0,0,660.0
538008115,1715374741,-33.695984,31.978367,100.0,0,660.0
538008115,1715374805,-33.694881,31.981417,100.0,0,670.0
538008115,1715374822,-33.694485,31.9825,100.0,0,660.0
538008115,1715374876,-33.69355,31.985033,101.0,0,660.0
538008115,1715374924,-33.692581,31.987617,101.0,0,650.0
538008115,1715375007,-33.691051,31.991783,101.0,0,670.0
538008115,1715375055,-33.690132,31.994467,101.0,0,680.0
538008115,1715375465,-33.683384,32.016068,100.0,0,690.0
538008115,1715375773,-33.678349,32.032349,100.0,0,700.0
538008115,1715375902,-33.676167,32.0392,100.0,0,680.0
538008115,1715376063,-33.673248,32.047718,102.0,0,680.0
538008115,1715376304,-33.669132,32.060532,102.0,0,680.0
538008115,1715376345,-33.668434,32.062618,102.0,0,680.0
538008115,1715376445,-33.666649,32.067966,103.0,0,680.0
538008115,1715376485,-33.665901,32.070168,103.0,0,680.0
538008115,1715376625,-33.663418,32.077633,103.0,0,680.0
538008115,1715376657,-33.662868,32.079315,103.0,0,680.0
538008115,1715376764,-33.660782,32.085217,103.0,0,660.0
538008115,1715376913,-33.657768,32.093151,104.0,0,640.0
538008115,1715377035,-33.655231,32.099548,103.0,0,640.0
538008115,1715377105,-33.653831,32.103119,104.0,0,640.0
538008115,1715377214,-33.651516,32.108982,105.0,0,640.0
538008115,1715377263,-33.650517,32.111584,104.0,0,640.0
538008115,1715377324,-33.649235,32.11475,105.0,0,640.0
538008115,1715377393,-33.647766,32.118484,105.0,0,650.0
538008115,1715377512,-33.645267,32.124866,105.0,0,630.0
538008115,1715377605,-33.643318,32.129749,105.0,0,640.0
538008115,1715377625,-33.642899,32.130817,105.0,0,640.0
538008115,1715377687,-33.641666,32.133968,105.0,0,650.0
538008115,1715377694,-33.641499,32.134399,105.0,0,650.0
538008115,1715377705,-33.641266,32.134983,105.0,0,650.0
538008115,1715377860,-33.638268,32.143017,104.0,0,650.0
538008115,1715377914,-33.637051,32.146252,104.0,0,650.0
538008115,1715377955,-33.636269,32.148335,104.0,0,650.0
538008115,1715378056,-33.634315,32.153751,104.0,0,660.0
538008115,1715378085,-33.633751,32.155399,104.0,0,670.0
538008115,1715378147,-33.632633,32.158585,104.0,0,670.0
538008115,1715378238,-33.630932,32.163368,104.0,0,670.0
538008115,1715378415,-33.627567,32.1731,104.0,0,670.0
538008115,1715378663,-33.622784,32.186634,104.0,0,660.0
538008115,1715378685,-33.622417,32.187717,105.0,0,670.0
538008115,1715378783,-33.620567,32.193115,105.0,0,670.0
538008115,1715378883,-33.618668,32.198601,105.0,0,670.0
538008115,1715378906,-33.618252,32.199734,105.0,0,660.0
538008115,1715379356,-33.60955,32.224182,105.0,0,660.0
538008115,1715379404,-33.608551,32.226818,105.0,0,650.0
538008115,1715379502,-33.606602,32.232216,105.0,0,660.0
538008115,1715379624,-33.604252,32.238701,105.0,0,660.0
538008115,1715379823,-33.6003,32.249584,105.0,0,660.0
538008115,1715379835,-33.600132,32.250069,105.0,0,660.0
538008115,1715379895,-33.598915,32.253368,105.0,0,650.0
538008115,1715379934,-33.598099,32.25555,106.0,0,660.0
538008115,1715380042,-33.59605,32.261517,106.0,0,680.0
538008115,1715380195,-33.593132,32.269833,106.0,0,670.0
538008115,1715380253,-33.591999,32.273117,106.0,0,660.0
538008115,1715380323,-33.590717,32.276882,106.0,0,670.0
538008115,1715380445,-33.588531,32.283382,105.0,0,670.0
538008115,1715380594,-33.585533,32.291534,105.0,0,660.0
538008115,1715380626,-33.584969,32.293152,105.0,0,660.0
538008115,1715380702,-33.583401,32.297516,105.0,0,660.0
538008115,1715380824,-33.581081,32.304016,104.0,0,660.0
538008115,1715381036,-33.5769,32.31535,104.0,0,650.0
538008115,1715381144,-33.574818,32.321316,105.0,0,670.0
538008115,1715381393,-33.569984,32.334915,104.0,0,690.0
538008115,1715381475,-33.568516,32.339184,104.0,0,660.0
538008115,1715381604,-33.566151,32.346115,103.0,0,680.0
538008115,1715381914,-33.560482,32.362865,104.0,0,660.0
538008115,1715382095,-33.556984,32.372368,102.0,0,660.0
538008115,1715382253,-33.553867,32.380817,103.0,0,650.0
538008115,1715382285,-33.553284,32.382332,103.0,0,650.0
538008115,1715382453,-33.549831,32.391335,103.0,0,660.0
538008115,1715382656,-33.545818,32.401901,103.0,0,660.0
538008115,1715382695,-33.545067,32.4039,103.0,0,660.0
538008115,1715382776,-33.543385,32.40815,103.0,0,640.0
538008115,1715382832,-33.542183,32.411316,103.0,0,650.0
538008115,1715382896,-33.541,32.414433,103.0,0,660.0
538008115,1715383154,-33.536083,32.428284,103.0,0,660.0
538008115,1715383235,-33.534569,32.432598,103.0,0,660.0
538008115,1715383323,-33.532818,32.437351,103.0,0,660.0
538008115,1715383336,-33.53265,32.437832,103.0,0,660.0
538008115,1715383463,-33.530231,32.444752,103.0,0,670.0
538008115,1715383513,-33.529282,32.447517,103.0,0,670.0
538008115,1715383527,-33.529099,32.448067,103.0,0,670.0
538008115,1715383542,-33.528717,32.449135,103.0,0,660.0
538008115,1715383545,-33.528717,32.449135,103.0,0,660.0
538008115,1715383565,-33.528366,32.450134,103.0,0,680.0
538008115,1715383774,-33.524334,32.461349,104.0,0,640.0
538008115,1715383894,-33.522049,32.467815,103.0,0,670.0
538008115,1715383993,-33.520149,32.473167,104.0,0,660.0
538008115,1715384044,-33.519218,32.475784,104.0,0,670.0
538008115,1715384114,-33.517849,32.479568,104.0,0,670.0
538008115,1715384146,-33.517284,32.481117,104.0,0,660.0
538008115,1715384155,-33.517082,32.481632,104.0,0,650.0
538008115,1715384175,-33.516701,32.482784,104.0,0,660.0
538008115,1715384246,-33.515415,32.486416,104.0,0,670.0
538008115,1715384264,-33.514999,32.487583,103.0,0,680.0
538008115,1715384315,-33.514084,32.49025,103.0,0,680.0
538008115,1715384374,-33.512966,32.493416,104.0,0,680.0
538008115,1715384503,-33.510551,32.500366,103.0,0,670.0
538008115,1715384543,-33.509785,32.502483,104.0,0,660.0
538008115,1715384576,-33.509251,32.504101,104.0,0,670.0
538008115,1715384623,-33.508251,32.506767,104.0,0,670.0
538008115,1715384643,-33.507915,32.507801,104.0,0,670.0
538008115,1715384804,-33.504848,32.516468,104.0,0,680.0
538008115,1715384863,-33.503716,32.519669,104.0,0,670.0
538008115,1715384913,-33.5028,32.522301,103.0,0,670.0
538008115,1715384962,-33.50185,32.524967,104.0,0,660.0
538008115,1715385093,-33.499283,32.531982,105.0,0,660.0
538008115,1715385115,-33.498917,32.533066,105.0,0,670.0
538008115,1715385163,-33.497898,32.535831,105.0,0,670.0
538008115,1715385271,-33.495766,32.541698,106.0,0,660.0
538008115,1715385325,-33.494717,32.544567,106.0,0,650.0
538008115,1715385445,-33.492283,32.551018,106.0,0,660.0
538008115,1715385616,-33.489082,32.56015,105.0,0,670.0
538008115,1715385676,-33.487968,32.5634,105.0,0,660.0
538008115,1715385753,-33.4865,32.56765,105.0,0,680.0
538008115,1715385794,-33.485699,32.569935,105.0,0,670.0
538008115,1715386033,-33.481098,32.582767,104.0,0,660.0
538008115,1715386072,-33.48035,32.584984,104.0,0,670.0
538008115,1715386214,-33.477783,32.592499,105.0,0,670.0
538008115,1715386285,-33.476467,32.596184,104.0,0,660.0
538008115,1715386323,-33.4757,32.598316,103.0,0,660.0
538008115,1715386495,-33.472466,32.607334,104.0,0,680.0
538008115,1715386604,-33.470531,32.613365,104.0,0,700.0
538008115,1715386744,-33.468048,32.620934,105.0,0,690.0
538008115,1715387136,-33.460918,32.642033,104.0,0,670.0
538008115,1715387226,-33.459251,32.646801,103.0,0,670.0
538008115,1715387463,-33.454967,32.659832,105.0,0,680.0
538008115,1715387586,-33.452816,32.666451,104.0,0,680.0
538008115,1715387643,-33.451618,32.669651,106.0,0,660.0
538008115,1715387806,-33.448181,32.678082,105.0,0,630.0
538008115,1715387843,-33.44735,32.680134,105.0,0,630.0
538008115,1715387995,-33.444248,32.688133,106.0,0,650.0
538008115,1715388145,-33.441051,32.696049,106.0,0,630.0
538008115,1715388425,-33.434917,32.71085,106.0,0,630.0
538008115,1715388446,-33.434467,32.711884,106.0,0,630.0
538008115,1715388482,-33.433617,32.713982,105.0,0,630.0
538008115,1715388604,-33.431183,32.720367,105.0,0,660.0
538008115,1715388722,-33.428818,32.726749,105.0,0,660.0
538008115,1715388877,-33.425781,32.734718,105.0,0,650.0
538008115,1715389073,-33.421783,32.745316,104.0,0,660.0
538008115,1715389165,-33.420052,32.75005,103.0,0,660.0
538008115,1715389275,-33.417866,32.755817,103.0,0,650.0
538008115,1715389383,-33.415619,32.761566,104.0,0,650.0
538008115,1715389435,-33.4146,32.764233,104.0,0,650.0
538008115,1715389585,-33.411682,32.772068,103.0,0,650.0
538008115,1715389655,-33.410301,32.775799,104.0,0,660.0
538008115,1715389675,-33.409901,32.776852,104.0,0,660.0
538008115,1715389692,-33.409534,32.777851,104.0,0,660.0
538008115,1715389735,-33.408768,32.780018,104.0,0,660.0
538008115,1715389826,-33.407082,32.784718,103.0,0,670.0
538008115,1715389931,-33.405048,32.790432,102.0,0,660.0
538008115,1715390973,-33.386749,32.84655,103.0,0,680.0
538008115,1715391011,-33.386116,32.848682,103.0,0,700.0
538008115,1715391097,-33.38475,32.853119,103.0,0,690.0
538008115,1715391251,-33.382099,32.861568,101.0,0,670.0
538008115,1715391396,-33.379417,32.8689,101.0,0,660.0
538008115,1715391464,-33.378101,32.872482,101.0,0,670.0
538008115,1715391555,-33.376434,32.877201,101.0,0,670.0
538008115,1715391583,-33.375866,32.87875,101.0,0,660.0
538008115,1715391705,-33.373516,32.885033,101.0,0,660.0
538008115,1715391946,-33.368752,32.897182,100.0,0,630.0
538008115,1715392174,-33.364017,32.908882,100.0,0,630.0
538008115,1715392306,-33.361366,32.915482,100.0,0,650.0
538008115,1715392415,-33.359219,32.921116,100.0,0,650.0
538008115,1715392475,-33.358116,32.924183,101.0,0,660.0
538008115,1715392605,-33.355568,32.930935,100.0,0,660.0
538008115,1715392684,-33.353985,32.935032,100.0,0,640.0
538008115,1715392872,-33.350266,32.944717,100.0,0,650.0
538008115,1715393023,-33.347282,32.952316,99.0,0,650.0
538008115,1715393086,-33.34605,32.955299,100.0,0,630.0
538008115,1715393213,-33.343468,32.961765,100.0,0,640.0
538008115,1715393392,-33.339931,32.970852,100.0,0,660.0
538008115,1715393545,-33.336899,32.978382,99.0,0,650.0
538008115,1715394146,-33.326149,33.009048,99.0,0,710.0
538008115,1715394656,-33.317951,33.035282,97.0,0,690.0
538008115,1715394717,-33.316898,33.038368,98.0,0,670.0
538008115,1715394973,-33.312267,33.051369,99.0,0,670.0
538008115,1715395032,-33.311184,33.054451,99.0,0,670.0
538008115,1715395095,-33.310135,33.057499,99.0,0,690.0
538008115,1715395155,-33.309082,33.060551,99.0,0,680.0
538008115,1715395329,-33.306435,33.068199,99.0,0,680.0
538008115,1715395382,-33.305016,33.0723,100.0,0,670.0
538008115,1715395434,-33.304085,33.074883,100.0,0,680.0
538008115,1715395556,-33.301949,33.081032,100.0,0,670.0
538008115,1715395920,-33.295334,33.099266,99.0,0,670.0
538008115,1715396732,-33.280701,33.140781,98.0,0,660.0
538008115,1715396854,-33.278465,33.146782,99.0,0,650.0
538008115,1715397322,-33.27,33.170784,101.0,0,670.0
538008115,1715397415,-33.268349,33.175468,101.0,0,660.0
538008115,1715397634,-33.264332,33.186733,101.0,0,660.0
538008115,1715397963,-33.25835,33.203835,101.0,0,680.0
538008115,1715398067,-33.256466,33.209,101.0,0,670.0
538008115,1715398616,-33.246349,33.237385,101.0,0,660.0
538008115,1715398896,-33.240982,33.251751,102.0,0,660.0
538008115,1715398903,-33.240799,33.252216,102.0,0,650.0
538008115,1715399026,-33.238548,33.258469,102.0,0,670.0
538008115,1715399103,-33.237019,33.262684,102.0,0,660.0
538008115,1715399153,-33.236069,33.265202,102.0,0,660.0
538008115,1715399256,-33.234116,33.270432,103.0,0,660.0
538008115,1715399327,-33.232784,33.274101,103.0,0,670.0
538008115,1715399405,-33.2313,33.278282,103.0,0,660.0
538008115,1715399472,-33.229965,33.281883,103.0,0,670.0
538008115,1715399716,-33.225334,33.294399,102.0,0,660.0
538008115,1715399893,-33.221817,33.303635,101.0,0,640.0
538008115,1715399925,-33.221249,33.305134,102.0,0,660.0
538008115,1715400084,-33.218216,33.313435,101.0,0,660.0
538008115,1715400283,-33.214352,33.323616,102.0,0,640.0
538008115,1715400823,-33.203682,33.351601,103.0,0,660.0
538008115,1715400863,-33.202885,33.353699,104.0,0,660.0
538008115,1715401112,-33.197765,33.366684,103.0,0,630.0
538008115,1715401493,-33.189934,33.386433,103.0,0,630.0
538008115,1715401553,-33.188732,33.389435,102.0,0,640.0
538008115,1715401683,-33.18605,33.396217,103.0,0,650.0
538008115,1715401803,-33.183582,33.402451,104.0,0,640.0
538008115,1715401855,-33.182568,33.404968,103.0,0,620.0
538008115,1715402973,-33.162399,33.464432,102.0,0,700.0
538008115,1715403026,-33.161568,33.467201,103.0,0,710.0
538008115,1715403386,-33.155067,33.486282,102.0,0,660.0
538008115,1715403485,-33.153252,33.4916,104.0,0,680.0
538008115,1715403665,-33.149849,33.501148,103.0,0,660.0
538008115,1715403724,-33.148785,33.504333,102.0,0,680.0
538008115,1715404145,-33.140999,33.526649,102.0,0,660.0
538008115,1715404277,-33.138634,33.53355,103.0,0,680.0
538008115,1715404523,-33.133984,33.546848,104.0,0,690.0
538008115,1715404673,-33.131184,33.554882,105.0,0,660.0
538008115,1715404714,-33.130402,33.557083,104.0,0,670.0
538008115,1715404733,-33.130032,33.558083,103.0,0,660.0
538008115,1715405022,-33.124451,33.573551,104.0,0,670.0
538008115,1715405042,-33.12405,33.5746,104.0,0,650.0
538008115,1715405116,-33.122665,33.57835,104.0,0,660.0
538008115,1715405168,-33.121716,33.581032,104.0,0,670.0
538008115,1715405225,-33.120583,33.584251,104.0,0,670.0
538008115,1715405247,-33.120216,33.585266,105.0,0,660.0
538008115,1715405302,-33.119034,33.588516,104.0,0,650.0
538008115,1715405416,-33.116882,33.594349,105.0,0,650.0
538008115,1715405471,-33.1157,33.597569,105.0,0,670.0
538008115,1715405553,-33.114166,33.601917,104.0,0,670.0
538008115,1715405948,-33.106518,33.622849,105.0,0,660.0
538008115,1715405974,-33.105968,33.624367,105.0,0,650.0
538008115,1715406126,-33.102966,33.632549,105.0,0,660.0
538008115,1715406131,-33.102833,33.632999,105.0,0,670.0
538008115,1715406478,-33.096134,33.651501,106.0,0,670.0
538008115,1715406552,-33.094616,33.655766,106.0,0,660.0
538008115,1715406673,-33.092216,33.6623,107.0,0,650.0
538008115,1715406885,-33.088001,33.673832,107.0,0,650.0
538008115,1715406964,-33.086449,33.678284,106.0,0,650.0
538008115,1715407005,-33.085682,33.680416,107.0,0,660.0
538008115,1715407015,-33.085484,33.680916,107.0,0,660.0
538008115,1715407135,-33.083084,33.687466,107.0,0,660.0
538008115,1715407416,-33.077633,33.7029,107.0,0,670.0
538008115,1715407452,-33.076866,33.705051,107.0,0,670.0
538008115,1715407753,-33.070984,33.721684,107.0,0,670.0
538008115,1715407955,-33.067001,33.732666,108.0,0,670.0
538008115,1715408066,-33.0648,33.738785,108.0,0,680.0
538008115,1715408107,-33.064034,33.740898,108.0,0,670.0
538008115,1715408337,-33.059517,33.753735,108.0,0,670.0
538008115,1715408402,-33.058182,33.757648,108.0,0,670.0
538008115,1715408504,-33.056217,33.763233,109.0,0,660.0
538008115,1715409438,-33.037601,33.815182,110.0,0,650.0
538008115,1715409553,-33.035015,33.821899,109.0,0,660.0
538008115,1715409635,-33.033318,33.826267,110.0,0,650.0
538008115,1715409958,-33.026382,33.844131,110.0,0,650.0
538008115,1715410133,-33.022568,33.854084,109.0,0,660.0
538008115,1715410327,-33.018501,33.864632,110.0,0,630.0
538008115,1715410483,-33.015034,33.873432,111.0,0,630.0
538008115,1715410496,-33.014801,33.874001,110.0,0,650.0
538008115,1715410673,-33.011066,33.884018,109.0,0,660.0
538008115,1715410733,-33.009899,33.887383,110.0,0,670.0
538008115,1715410783,-33.00885,33.890282,110.0,0,680.0
538008115,1715410923,-33.00605,33.898117,109.0,0,660.0
538008115,1715411034,-33.003849,33.904316,110.0,0,650.0
538008115,1715411093,-33.002682,33.907719,110.0,0,670.0
538008115,1715411215,-33.000366,33.914467,110.0,0,680.0
538008115,1715411572,-32.993134,33.93465,110.0,0,660.0
538008115,1715411852,-32.987598,33.950333,110.0,0,680.0
538008115,1715411993,-32.984798,33.958332,111.0,0,680.0
538008115,1715412575,-32.972965,33.99065,109.0,0,650.0
538008115,1715412674,-32.970852,33.996151,109.0,0,640.0
538008115,1715412683,-32.9706,33.996819,110.0,0,650.0
538008115,1715412747,-32.969368,34.000084,109.0,0,660.0
538008115,1715412875,-32.966648,34.007351,110.0,0,660.0
538008115,1715413113,-32.961834,34.020767,110.0,0,670.0
538008115,1715413534,-32.953201,34.044399,110.0,0,670.0
538008115,1715413674,-32.950432,34.052284,109.0,0,670.0
538008115,1715413812,-32.947681,34.06015,110.0,0,670.0
538008115,1715413846,-32.947067,34.061882,109.0,0,660.0
538008115,1715413908,-32.945915,34.065315,109.0,0,690.0
538008115,1715414187,-32.940315,34.081165,111.0,0,670.0
538008115,1715414235,-32.939301,34.083984,110.0,0,670.0
538008115,1715414385,-32.936367,34.092533,111.0,0,680.0
538008115,1715414415,-32.935833,34.09425,110.0,0,680.0
538008115,1715414553,-32.933083,34.1022,110.0,0,660.0
538008115,1715414586,-32.932499,34.103916,110.0,0,680.0
538008115,1715414673,-32.930801,34.109051,111.0,0,690.0
538008115,1715415192,-32.920818,34.138668,111.0,0,670.0
538008115,1715415465,-32.915466,34.154083,111.0,0,670.0
538008115,1715415503,-32.914635,34.156265,110.0,0,650.0
538008115,1715415583,-32.912933,34.160885,111.0,0,660.0
538008115,1715416213,-32.899883,34.196651,113.0,0,640.0
538008115,1715416272,-32.898617,34.20005,113.0,0,670.0
538008115,1715416376,-32.8964,34.205685,111.0,0,660.0
538008115,1715416517,-32.893349,34.213615,112.0,0,650.0
538008115,1715416555,-32.892532,34.215965,112.0,0,650.0
538008115,1715416587,-32.891918,34.217617,112.0,0,670.0
538008115,1715416797,-32.887417,34.229584,113.0,0,660.0
538008115,1715417568,-32.870934,34.273151,112.0,0,640.0
538008115,1715417665,-32.868698,34.278767,111.0,0,650.0
538008115,1715417814,-32.865482,34.287334,112.0,0,670.0
538008115,1715418014,-32.861217,34.298599,112.0,0,650.0
538008115,1715418162,-32.857983,34.307068,112.0,0,660.0
538008115,1715418403,-32.852982,34.320717,112.0,0,650.0
538008115,1715418443,-32.8521,34.323032,112.0,0,660.0
538008115,1715418588,-32.849152,34.330982,111.0,0,670.0
538008115,1715418634,-32.848148,34.333698,111.0,0,670.0
538008115,1715418735,-32.846031,34.339481,113.0,0,670.0
538008115,1715418813,-32.844398,34.343899,112.0,0,660.0
538008115,1715418968,-32.841217,34.352402,112.0,0,660.0
538008115,1715419363,-32.833069,34.374985,111.0,0,670.0
538008115,1715420294,-32.814384,34.428116,112.0,0,680.0
538008115,1715420505,-32.81015,34.440033,111.0,0,670.0
538008115,1715420510,-32.81015,34.440033,111.0,0,670.0
538008115,1715420514,-32.809952,34.440601,111.0,0,660.0
538008115,1715420540,-32.809952,34.440601,111.0,0,660.0
538008115,1715420679,-32.806683,34.44965,111.0,0,660.0
538008115,1715420825,-32.803581,34.458168,111.0,0,650.0
538008115,1715420883,-32.802334,34.461533,111.0,0,650.0
538008115,1715421016,-32.799702,34.468948,110.0,0,650.0
538008115,1715421163,-32.796665,34.477402,110.0,0,660.0
538008115,1715421213,-32.79565,34.480133,110.0,0,650.0
538008115,1715421223,-32.795448,34.480717,110.0,0,660.0
538008115,1715421826,-32.783115,34.514233,109.0,0,660.0
538008115,1715421954,-32.780533,34.521366,109.0,0,650.0
538008115,1715422143,-32.776684,34.531868,109.0,0,650.0
538008115,1715422206,-32.775417,34.535233,109.0,0,660.0
538008115,1715422263,-32.7742,34.538483,109.0,0,660.0
538008115,1715422282,-32.773731,34.5397,109.0,0,650.0
538008115,1715422306,-32.773335,34.540817,109.0,0,660.0
538008115,1715422375,-32.771915,34.544601,109.0,0,650.0
538008115,1715422545,-32.768467,34.554085,109.0,0,660.0
538008115,1715422665,-32.765984,34.560699,109.0,0,650.0
538008115,1715422766,-32.764015,34.566265,109.0,0,660.0
538008115,1715422827,-32.762783,34.569584,109.0,0,660.0
538008115,1715422907,-32.761166,34.574001,108.0,0,670.0
538008115,1715423205,-32.755032,34.59045,109.0,0,670.0
538008115,1715423316,-32.752766,34.596584,109.0,0,650.0
538008115,1715423411,-32.750717,34.602051,109.0,0,650.0
538008115,1715423956,-32.739918,34.632118,108.0,0,660.0
538008115,1715424006,-32.738983,34.634869,108.0,0,680.0
538008115,1715424026,-32.738602,34.636032,109.0,0,680.0
538008115,1715424407,-32.731216,34.657131,109.0,0,670.0
538008115,1715424476,-32.729801,34.661152,109.0,0,660.0
538008115,1715424581,-32.727699,34.667183,109.0,0,670.0
538008115,1715424746,-32.724499,34.67635,110.0,0,670.0
538008115,1715424876,-32.722,34.683582,109.0,0,670.0
538008115,1715424993,-32.719566,34.690418,110.0,0,670.0
538008115,1715425152,-32.716366,34.699417,110.0,0,670.0
538008115,1715425336,-32.712799,34.709568,110.0,0,670.0
538008115,1715425356,-32.712433,34.710701,109.0,0,690.0
538008115,1715425466,-32.710217,34.716885,110.0,0,670.0
538008115,1715425583,-32.707817,34.723598,110.0,0,670.0
538008115,1715425646,-32.706581,34.726933,109.0,0,670.0
538008115,1715426058,-32.698418,34.750015,109.0,0,670.0
538008115,1715426324,-32.692932,34.765049,109.0,0,670.0
538008115,1715426494,-32.689602,34.774532,108.0,0,670.0
538008115,1715426513,-32.689232,34.775532,108.0,0,670.0
538008115,1715426617,-32.687149,34.78125,108.0,0,670.0
538008115,1715426719,-32.685219,34.786701,109.0,0,670.0
538008115,1715426754,-32.684418,34.788982,109.0,0,670.0
538008115,1715426793,-32.683617,34.791199,108.0,0,660.0
538008115,1715427076,-32.678101,34.806717,108.0,0,680.0
538008115,1715427297,-32.673916,34.818851,108.0,0,680.0
538008115,1715427395,-32.671902,34.824219,107.0,0,650.0
538008115,1715427475,-32.670235,34.828468,107.0,0,640.0
538008115,1715427675,-32.666134,34.839184,106.0,0,660.0
538008115,1715427757,-32.664566,34.843399,105.0,0,670.0
538008115,1715427806,-32.663532,34.846115,106.0,0,650.0
538008115,1715427873,-32.662201,34.849785,105.0,0,660.0
538008115,1715428007,-32.65955,34.856785,106.0,0,660.0
538008115,1715428177,-32.656235,34.865749,105.0,0,650.0
538008115,1715428188,-32.656033,34.866283,105.0,0,660.0
538008115,1715428254,-32.654701,34.869984,105.0,0,660.0
538008115,1715428434,-32.651283,34.879532,105.0,0,670.0
538008115,1715428554,-32.649101,34.885918,104.0,0,670.0
538008115,1715428717,-32.646118,34.894402,105.0,0,660.0
538008115,1715428925,-32.642052,34.905468,105.0,0,650.0
538008115,1715429037,-32.6399,34.911232,105.0,0,660.0
538008115,1715429074,-32.639099,34.913383,105.0,0,660.0
538008115,1715429114,-32.638367,34.915401,105.0,0,660.0
538008115,1715429124,-32.638149,34.915981,105.0,0,660.0
538008115,1715429159,-32.637566,34.917583,106.0,0,670.0
538008115,1715429197,-32.636749,34.919682,106.0,0,650.0
538008115,1715429325,-32.634167,34.926552,105.0,0,670.0
538008115,1715429465,-32.631382,34.933983,105.0,0,660.0
538008115,1715429725,-32.626202,34.947582,104.0,0,660.0
538008115,1715429844,-32.623798,34.953983,105.0,0,660.0
538008115,1715429905,-32.622581,34.957134,104.0,0,650.0
538008115,1715429925,-32.622166,34.958168,103.0,0,640.0
538008115,1715430075,-32.619202,34.965984,105.0,0,640.0
538008115,1715430275,-32.615131,34.976398,102.0,0,640.0
538008115,1715430386,-32.612831,34.981998,103.0,0,630.0
538008115,1715430515,-32.610268,34.988815,103.0,0,670.0
538008115,1715430598,-32.608898,34.992985,102.0,0,700.0
538008115,1715430605,-32.608719,34.993584,102.0,0,690.0
538008115,1715430795,-32.605549,35.003651,103.0,0,690.0
538008115,1715431064,-32.6007,35.017918,103.0,0,670.0
538008115,1715431113,-32.599766,35.020535,104.0,0,670.0
538008115,1715431240,-32.597485,35.026817,104.0,0,660.0
538008115,1715431304,-32.596169,35.030483,103.0,0,660.0
538008115,1715431493,-32.592716,35.040501,103.0,0,680.0
538008115,1715431577,-32.591217,35.0448,103.0,0,650.0
538008115,1715431592,-32.590881,35.045734,103.0,0,660.0
538008115,1715431669,-32.58955,35.04945,103.0,0,670.0
538008115,1715431706,-32.588783,35.051552,103.0,0,670.0
538008115,1715431842,-32.586182,35.0588,103.0,0,660.0
538008115,1715431876,-32.585602,35.060452,102.0,0,670.0
538008115,1715431892,-32.585281,35.061451,102.0,0,690.0
538008115,1715432005,-32.583218,35.067184,103.0,0,660.0
538008115,1715432139,-32.580833,35.074017,103.0,0,660.0
538008115,1715432604,-32.572334,35.098682,103.0,0,690.0
538008115,1715433043,-32.564182,35.121666,103.0,0,670.0
538008115,1715433365,-32.55825,35.138599,104.0,0,680.0
538008115,1715433577,-32.554382,35.149784,104.0,0,660.0
538008115,1715433674,-32.552467,35.155151,105.0,0,680.0
538008115,1715433846,-32.549099,35.164017,105.0,0,650.0
538008115,1715434065,-32.544701,35.175533,105.0,0,650.0
538008115,1715434246,-32.541084,35.185032,105.0,0,660.0
538008115,1715434284,-32.540249,35.187233,106.0,0,660.0
538008115,1715434557,-32.534851,35.20155,106.0,0,660.0
538008115,1715434645,-32.532982,35.206318,106.0,0,650.0
538008115,1715434732,-32.531181,35.211166,106.0,0,660.0
538008115,1715435136,-32.522919,35.232368,107.0,0,650.0
538008115,1715435284,-32.519718,35.240417,107.0,0,650.0
538008115,1715435393,-32.517399,35.246235,106.0,0,640.0
538008115,1715435633,-32.512333,35.258865,107.0,0,640.0
538008115,1715435678,-32.511383,35.261082,107.0,0,630.0
538008115,1715435877,-32.507198,35.271801,106.0,0,660.0
538008115,1715435990,-32.504982,35.277767,106.0,0,670.0
538008115,1715436030,-32.504185,35.279884,107.0,0,670.0
538008115,1715436038,-32.503948,35.280468,107.0,0,650.0
538008115,1715436193,-32.500668,35.289051,106.0,0,660.0
538008115,1715436235,-32.499802,35.291302,107.0,0,650.0
538008115,1715436356,-32.497398,35.297749,107.0,0,660.0
538008115,1715436442,-32.495548,35.302582,107.0,0,650.0
538008115,1715436532,-32.493767,35.307316,107.0,0,670.0
538008115,1715436806,-32.488083,35.321766,105.0,0,660.0
538008115,1715437045,-32.483131,35.334682,106.0,0,670.0
538008115,1715437123,-32.481617,35.339001,106.0,0,670.0
538008115,1715437585,-32.472618,35.3638,105.0,0,650.0
538008115,1715437734,-32.46965,35.371716,105.0,0,660.0
538008115,1715437764,-32.469051,35.373367,105.0,0,660.0
538008115,1715437826,-32.46785,35.376598,105.0,0,660.0
538008115,1715438039,-32.463749,35.387749,105.0,0,660.0
538008115,1715438166,-32.46125,35.39465,104.0,0,660.0
538008115,1715438246,-32.459801,35.398968,104.0,0,680.0
538008115,1715438428,-32.456799,35.408718,104.0,0,700.0
538008115,1715438597,-32.454182,35.418098,106.0,0,710.0
538008115,1715438753,-32.451431,35.426682,106.0,0,680.0
538008115,1715438853,-32.449581,35.432217,105.0,0,680.0
538008115,1715439256,-32.442417,35.453835,105.0,0,670.0
538008115,1715439334,-32.440948,35.458199,105.0,0,690.0
538008115,1715439436,-32.439217,35.46365,105.0,0,690.0
538008115,1715439553,-32.436932,35.470032,105.0,0,660.0
538008115,1715439617,-32.435734,35.473183,104.0,0,650.0
538008115,1715439633,-32.435333,35.474167,104.0,0,650.0
538008115,1715439695,-32.434151,35.477333,104.0,0,670.0
538008115,1715439844,-32.431149,35.485283,104.0,0,660.0
538008115,1715439936,-32.429417,35.489918,104.0,0,650.0
538008115,1715439976,-32.428665,35.491982,103.0,0,660.0
538008115,1715439993,-32.428284,35.493034,103.0,0,650.0
538008115,1715440327,-32.421951,35.510334,102.0,0,660.0
538008115,1715440424,-32.419983,35.515598,104.0,0,660.0
538008115,1715440487,-32.418816,35.518749,103.0,0,670.0
538008115,1715440514,-32.418266,35.520267,103.0,0,660.0
538008115,1715440751,-32.413666,35.532768,104.0,0,660.0
538008115,1715440989,-32.409218,35.544884,103.0,0,650.0
538008115,1715441262,-32.403885,35.559448,103.0,0,660.0
538008115,1715441301,-32.403133,35.561481,103.0,0,660.0
538008115,1715441416,-32.401031,35.567318,102.0,0,670.0
538008115,1715441444,-32.400467,35.568882,103.0,0,660.0
538008115,1715441504,-32.399319,35.571999,103.0,0,670.0
538008115,1715441554,-32.398399,35.574615,102.0,0,670.0
538008115,1715441687,-32.396,35.581367,103.0,0,680.0
538008115,1715441836,-32.393269,35.589218,102.0,0,670.0
538008115,1715441985,-32.390499,35.596951,103.0,0,670.0
538008115,1715442076,-32.388817,35.60165,102.0,0,670.0
538008115,1715442137,-32.387749,35.604866,103.0,0,680.0
538008115,1715442257,-32.385735,35.611149,103.0,0,680.0
538008115,1715442374,-32.383617,35.617481,103.0,0,680.0
538008115,1715442425,-32.382751,35.620083,104.0,0,670.0
538008115,1715442615,-32.379383,35.630268,103.0,0,680.0
538008115,1715442708,-32.377815,35.635082,104.0,0,680.0
538008115,1715442927,-32.373966,35.646767,104.0,0,690.0
538008115,1715443032,-32.371983,35.652569,104.0,0,670.0
538008115,1715443073,-32.371201,35.654716,104.0,0,670.0
538008115,1715443152,-32.369682,35.658882,104.0,0,670.0
538008115,1715443252,-32.367817,35.664234,104.0,0,670.0
538008115,1715443358,-32.365932,35.669567,104.0,0,690.0
538008115,1715443392,-32.365185,35.671616,104.0,0,670.0
538008115,1715443478,-32.363632,35.675816,104.0,0,660.0
538008115,1715443532,-32.36245,35.679016,104.0,0,660.0
538008115,1715443672,-32.359833,35.686317,103.0,0,660.0
538008115,1715443742,-32.358383,35.689949,104.0,0,640.0
538008115,1715443906,-32.355019,35.698181,104.0,0,640.0
538008115,1715443924,-32.354618,35.699234,104.0,0,650.0
538008115,1715443965,-32.353783,35.701366,104.0,0,650.0
538008115,1715444245,-32.347935,35.715816,104.0,0,650.0
538008115,1715444686,-32.338749,35.738518,104.0,0,640.0
538008115,1715445165,-32.32925,35.763618,104.0,0,670.0
538008115,1715445315,-32.326534,35.771534,103.0,0,690.0
538008115,1715445435,-32.324299,35.777767,103.0,0,670.0
538008115,1715445616,-32.321018,35.787231,103.0,0,660.0
538008115,1715445734,-32.318832,35.793468,103.0,0,660.0
538008115,1715445945,-32.31485,35.804451,102.0,0,670.0
538008115,1715446273,-32.308884,35.821682,102.0,0,680.0
538008115,1715446373,-32.307083,35.8269,101.0,0,690.0
538008115,1715446484,-32.305016,35.832584,102.0,0,650.0
538008115,1715447064,-32.294483,35.862469,101.0,0,690.0
538008115,1715447125,-32.29335,35.865532,101.0,0,660.0
538008115,1715447245,-32.291149,35.8717,101.0,0,670.0
538008115,1715447265,-32.290817,35.872684,101.0,0,680.0
538008115,1715447383,-32.288651,35.878918,101.0,0,670.0
538008115,1715447734,-32.282234,35.896702,101.0,0,660.0
538008115,1715447917,-32.278782,35.905998,101.0,0,660.0
538008115,1715447976,-32.277649,35.90905,101.0,0,660.0
538008115,1715447996,-32.277267,35.910069,101.0,0,660.0
538008115,1715448036,-32.276482,35.912167,101.0,0,660.0
538008115,1715448056,-32.276115,35.913181,101.0,0,660.0
538008115,1715448234,-32.272766,35.922283,101.0,0,670.0
538008115,1715448294,-32.271633,35.92535,102.0,0,670.0
538008115,1715448434,-32.269032,35.932384,101.0,0,660.0
538008115,1715448467,-32.268417,35.933983,102.0,0,650.0
538008115,1715448965,-32.258999,35.959599,101.0,0,660.0
538008115,1715449522,-32.248634,35.988152,101.0,0,660.0
538008115,1715449774,-32.244019,36.000984,101.0,0,670.0
538008115,1715449915,-32.241367,36.008167,101.0,0,670.0
538008115,1715449964,-32.240467,36.0107,101.0,0,670.0
538008115,1715449977,-32.240269,36.011284,101.0,0,670.0
538008115,1715450027,-32.239368,36.013882,102.0,0,670.0
538008115,1715450036,-32.239182,36.014381,101.0,0,670.0
538008115,1715450086,-32.2383,36.016949,101.0,0,680.0
538008115,1715450156,-32.237019,36.020584,100.0,0,680.0
538008115,1715450287,-32.234669,36.027184,101.0,0,680.0
538008115,1715450684,-32.227531,36.047565,100.0,0,670.0
538008115,1715450876,-32.224018,36.057083,99.0,0,660.0
538008115,1715451035,-32.220966,36.065182,101.0,0,660.0
538008115,1715451355,-32.214733,36.081268,100.0,0,640.0
538008115,1715451394,-32.213932,36.083267,100.0,0,640.0
538008115,1715451405,-32.213783,36.083717,101.0,0,640.0
538008115,1715451441,-32.213531,36.084267,101.0,0,640.0
538008115,1715451474,-32.212349,36.087269,101.0,0,650.0
538008115,1715451576,-32.210419,36.092266,101.0,0,650.0
538008115,1715451635,-32.209251,36.095284,101.0,0,650.0
538008115,1715451723,-32.207584,36.099884,102.0,0,680.0
538008115,1715451854,-32.205318,36.106667,101.0,0,680.0
538008115,1715451894,-32.204533,36.108749,101.0,0,660.0
538008115,1715451954,-32.2034,36.111851,101.0,0,660.0
538008115,1715452075,-32.201134,36.11805,102.0,0,670.0
538008115,1715452188,-32.199081,36.123768,102.0,0,660.0
538008115,1715452194,-32.198883,36.124283,103.0,0,660.0
538008115,1715452196,-32.198883,36.124283,103.0,0,660.0
538008115,1715452286,-32.197201,36.128933,103.0,0,660.0
538008115,1715452404,-32.194916,36.135101,102.0,0,660.0
538008115,1715452522,-32.192581,36.141384,102.0,0,660.0
538008115,1715452586,-32.191418,36.144585,103.0,0,650.0
538008115,1715452728,-32.188648,36.151981,104.0,0,650.0
538008115,1715452849,-32.186382,36.15815,103.0,0,660.0
538008115,1715452966,-32.184067,36.164417,103.0,0,660.0
538008115,1715453002,-32.183334,36.166466,103.0,0,670.0
538008115,1715453011,-32.183151,36.166985,103.0,0,660.0
538008115,1715453012,-32.183151,36.166985,103.0,0,660.0
538008115,1715453032,-32.182732,36.168068,103.0,0,650.0
538008115,1715453043,-32.182549,36.168598,103.0,0,660.0
538008115,1715453062,-32.182182,36.169666,103.0,0,670.0
538008115,1715453071,-32.181999,36.170132,103.0,0,650.0
538008115,1715453092,-32.181599,36.171234,103.0,0,660.0
538008115,1715453103,-32.1814,36.171749,103.0,0,650.0
538008115,1715453107,-32.1814,36.171749,103.0,0,650.0
538008115,1715453122,-32.181034,36.172749,103.0,0,650.0
538008115,1715453127,-32.181034,36.172749,103.0,0,650.0
538008115,1715453152,-32.18045,36.174332,105.0,0,670.0
538008115,1715453182,-32.179832,36.175949,103.0,0,660.0
538008115,1715453223,-32.179085,36.178051,105.0,0,670.0
538008115,1715453232,-32.178867,36.178566,104.0,0,650.0
538008115,1715453242,-32.178699,36.179115,105.0,0,660.0
538008115,1715453302,-32.177551,36.182217,104.0,0,660.0
538008115,1715453328,-32.177151,36.183334,104.0,0,650.0
538008115,1715453333,-32.176933,36.183918,104.0,0,660.0
538008115,1715453433,-32.175068,36.189201,105.0,0,670.0
538008115,1715453439,-32.175068,36.189201,105.0,0,670.0
538008115,1715453442,-32.174885,36.189682,104.0,0,660.0
538008115,1715453453,-32.174667,36.19025,105.0,0,660.0
538008115,1715453481,-32.174118,36.191818,105.0,0,670.0
538008115,1715453532,-32.173149,36.194485,105.0,0,660.0
538008115,1715453632,-32.171185,36.199833,106.0,0,670.0
538008115,1715453647,-32.170982,36.200432,105.0,0,670.0
538008115,1715453946,-32.165218,36.216385,105.0,0,660.0
538008115,1715454134,-32.161449,36.226517,106.0,0,650.0
538008115,1715454192,-32.160233,36.229717,106.0,0,650.0
538008115,1715454436,-32.155483,36.242767,107.0,0,670.0
538008115,1715454692,-32.150333,36.256748,106.0,0,670.0
538008115,1715454953,-32.145168,36.270851,107.0,0,670.0
538008115,1715455086,-32.142616,36.277966,107.0,0,670.0
538008115,1715455582,-32.132401,36.305367,109.0,0,660.0
538008115,1715455696,-32.1301,36.311451,109.0,0,650.0
538008115,1715455769,-32.128616,36.315369,109.0,0,650.0
538008115,1715455772,-32.128418,36.315868,110.0,0,650.0
538008115,1715455813,-32.127567,36.318085,111.0,0,660.0
538008115,1715455845,-32.126949,36.319752,110.0,0,650.0
538008115,1715455922,-32.125267,36.3242,110.0,0,660.0
538008115,1715456106,-32.121483,36.334301,111.0,0,650.0
538008115,1715456212,-32.119148,36.340401,112.0,0,650.0
538008115,1715456315,-32.116982,36.346031,111.0,0,640.0
538008115,1715456428,-32.114582,36.352219,112.0,0,650.0
538008115,1715456621,-32.110352,36.363251,112.0,0,650.0
538008115,1715456714,-32.108383,36.368382,112.0,0,660.0
538008115,1715456836,-32.105766,36.375183,112.0,0,650.0
538008115,1715456958,-32.103233,36.381985,113.0,0,660.0
538008115,1715457034,-32.101601,36.386467,113.0,0,660.0
538008115,1715457067,-32.100983,36.388168,113.0,0,660.0
538008115,1715457216,-32.097851,36.396584,113.0,0,660.0
538008115,1715457274,-32.0966,36.400051,113.0,0,670.0
538008115,1715457332,-32.095383,36.4034,113.0,0,670.0
538008115,1715457511,-32.09185,36.413734,112.0,0,670.0
538008115,1715457833,-32.085449,36.432133,113.0,0,670.0
538008115,1715457904,-32.084,36.436184,112.0,0,660.0
538008115,1715457976,-32.082584,36.440201,114.0,0,670.0
538008115,1715458066,-32.080715,36.4454,114.0,0,660.0
538008115,1715458126,-32.079483,36.448833,114.0,0,670.0
538008115,1715458354,-32.074818,36.461983,113.0,0,660.0
538008115,1715458414,-32.073566,36.465416,113.0,0,660.0
538008115,1715458492,-32.071884,36.469982,113.0,0,660.0
538008115,1715458502,-32.071716,36.470501,114.0,0,670.0
538008115,1715458522,-32.071281,36.471718,114.0,0,670.0
538008115,1715458532,-32.071068,36.472282,114.0,0,660.0
538008115,1715458541,-32.070885,36.472801,114.0,0,670.0
538008115,1715458552,-32.070683,36.473385,114.0,0,660.0
538008115,1715458562,-32.070484,36.473949,114.0,0,670.0
538008115,1715458572,-32.070232,36.474583,114.0,0,670.0
538008115,1715458574,-32.070232,36.474583,114.0,0,670.0
538008115,1715458601,-32.069683,36.4762,114.0,0,670.0
538008115,1715458612,-32.069431,36.476883,114.0,0,670.0
538008115,1715458633,-32.069,36.4781,114.0,0,670.0
538008115,1715458634,-32.069,36.4781,114.0,0,670.0
538008115,1715458642,-32.068817,36.478619,114.0,0,670.0
538008115,1715458672,-32.068218,36.480282,114.0,0,670.0
538008115,1715458692,-32.067783,36.481499,114.0,0,670.0
538008115,1715458693,-32.067783,36.481499,114.0,0,670.0
538008115,1715458697,-32.067783,36.481499,114.0,0,670.0
538008115,1715458702,-32.0676,36.481998,114.0,0,660.0
538008115,1715458713,-32.067383,36.482582,114.0,0,660.0
538008115,1715458721,-32.067165,36.483131,114.0,0,660.0
538008115,1715458722,-32.067165,36.483131,114.0,0,660.0
538008115,1715458732,-32.066967,36.483719,114.0,0,660.0
538008115,1715458762,-32.066319,36.4855,114.0,0,660.0
538008115,1715458772,-32.066116,36.486069,114.0,0,660.0
538008115,1715458781,-32.065899,36.486649,114.0,0,660.0
538008115,1715458792,-32.065701,36.487232,114.0,0,670.0
538008115,1715458794,-32.065701,36.487232,114.0,0,670.0
538008115,1715458812,-32.065285,36.488384,114.0,0,670.0
538008115,1715458813,-32.065285,36.488384,114.0,0,670.0
538008115,1715458854,-32.064468,36.490616,114.0,0,670.0
538008115,1715458974,-32.061951,36.497501,114.0,0,660.0
538008115,1715459036,-32.060699,36.50095,114.0,0,670.0
538008115,1715459165,-32.057968,36.508499,115.0,0,670.0
538008115,1715459293,-32.055267,36.5159,115.0,0,660.0
538008115,1715459376,-32.053551,36.520569,115.0,0,660.0
538008115,1715459416,-32.0527,36.522865,115.0,0,650.0
538008115,1715459715,-32.046185,36.540115,115.0,0,650.0
538008115,1715459953,-32.041016,36.553818,114.0,0,660.0
538008115,1715459976,-32.040531,36.555084,114.0,0,660.0
538008115,1715460164,-32.036434,36.565933,114.0,0,660.0
538008115,1715460314,-32.033115,36.574516,114.0,0,650.0
538008115,1715460395,-32.031418,36.578968,114.0,0,650.0
538008115,1715460812,-32.022167,36.602833,114.0,0,640.0
538008115,1715460834,-32.021717,36.603951,114.0,0,640.0
538008115,1715460909,-32.020149,36.608002,114.0,0,640.0
538008115,1715460914,-32.019901,36.608566,114.0,0,640.0
538008115,1715461235,-32.012798,36.626617,113.0,0,660.0
538008115,1715461357,-32.010235,36.633518,113.0,0,660.0
538008115,1715461553,-32.006119,36.644882,113.0,0,670.0
538008115,1715461667,-32.003784,36.651199,112.0,0,660.0
538008115,1715461723,-32.002567,36.654667,112.0,0,670.0
538008115,1715461733,-32.002365,36.655231,112.0,0,670.0
538008115,1715461943,-31.998383,36.667332,112.0,0,690.0
538008115,1715462015,-31.997116,36.671349,112.0,0,690.0
538008115,1715462123,-31.995117,36.677784,112.0,0,690.0
538008115,1715462188,-31.994049,36.681301,113.0,0,690.0
538008115,1715462205,-31.9937,36.682449,113.0,0,700.0
538008115,1715462215,-31.993517,36.683033,113.0,0,700.0
538008115,1715462306,-31.991882,36.688168,113.0,0,700.0
538008115,1715462363,-31.990801,36.691582,113.0,0,690.0
538008115,1715462419,-31.989834,36.694534,113.0,0,680.0
538008115,1715462474,-31.988684,36.698002,113.0,0,690.0
538008115,1715462609,-31.9862,36.705551,113.0,0,680.0
538008115,1715462685,-31.984682,36.710232,113.0,0,690.0
538008115,1715462786,-31.982834,36.71595,113.0,0,680.0
538008115,1715462921,-31.980284,36.723316,112.0,0,660.0
538008115,1715462976,-31.979067,36.72665,112.0,0,660.0
538008115,1715463075,-31.976967,36.732319,112.0,0,660.0
538008115,1715463174,-31.9748,36.737934,111.0,0,650.0
538008115,1715463211,-31.973967,36.740101,111.0,0,650.0
538008115,1715463275,-31.9727,36.743382,111.0,0,650.0
538008115,1715463315,-31.971817,36.745716,110.0,0,650.0
538008115,1715463994,-31.9576,36.783852,112.0,0,670.0
538008115,1715464115,-31.955151,36.790718,112.0,0,670.0
538008115,1715464255,-31.952316,36.798767,113.0,0,670.0
538008115,1715464273,-31.9519,36.799934,113.0,0,670.0
538008115,1715464416,-31.949118,36.808033,115.0,0,680.0
538008115,1715464444,-31.9485,36.809715,114.0,0,670.0
538008115,1715464831,-31.939966,36.832283,115.0,0,660.0
538008115,1715464874,-31.939068,36.834682,117.0,0,660.0
538008115,1715464936,-31.93775,36.838219,117.0,0,660.0
538008115,1715465096,-31.934267,36.847584,116.0,0,660.0
538008115,1715465133,-31.933416,36.849869,116.0,0,660.0
538008115,1715465156,-31.932966,36.851082,116.0,0,660.0
538008115,1715465195,-31.932117,36.853367,116.0,0,660.0
538008115,1715465273,-31.930384,36.858082,116.0,0,660.0
538008115,1715465327,-31.9293,36.861069,117.0,0,670.0
538008115,1715465397,-31.927767,36.865131,117.0,0,660.0
538008115,1715465743,-31.920168,36.885883,117.0,0,670.0
538008115,1715466013,-31.914499,36.901566,115.0,0,660.0
538008115,1715466173,-31.911118,36.910866,114.0,0,670.0
538008115,1715466314,-31.908234,36.91885,115.0,0,660.0
538008115,1715466404,-31.906267,36.924084,114.0,0,650.0
538008115,1715466574,-31.902683,36.933716,113.0,0,650.0
538008115,1715466665,-31.9007,36.938984,114.0,0,660.0
538008115,1715466852,-31.896767,36.949902,113.0,0,660.0
538008115,1715466965,-31.894466,36.956284,114.0,0,670.0
538008115,1715467244,-31.888683,36.972401,114.0,0,660.0
538008115,1715467297,-31.887632,36.975216,114.0,0,660.0
538008115,1715467303,-31.8874,36.975868,115.0,0,670.0
538008115,1715467306,-31.8874,36.975868,115.0,0,670.0
538008115,1715467314,-31.887217,36.976383,114.0,0,660.0
538008115,1715467435,-31.884649,36.983334,114.0,0,660.0
538008115,1715467555,-31.882,36.990299,115.0,0,650.0
538008115,1715467666,-31.879601,36.996616,115.0,0,650.0
538008115,1715467755,-31.877666,37.0019,115.0,0,660.0
538008115,1715467825,-31.876183,37.005932,115.0,0,660.0
538008115,1715467867,-31.875299,37.008331,115.0,0,660.0
538008115,1715467887,-31.874901,37.009434,115.0,0,660.0
538008115,1715467954,-31.873333,37.01355,115.0,0,660.0
538008115,1715468167,-31.868683,37.0257,115.0,0,650.0
538008115,1715468225,-31.867367,37.029182,116.0,0,660.0
538008115,1715468705,-31.857317,37.057182,115.0,0,670.0
538008115,1715468725,-31.856882,37.058418,114.0,0,670.0
538008115,1715468855,-31.854218,37.065899,115.0,0,670.0
538008115,1715468934,-31.852501,37.070717,115.0,0,670.0
538008115,1715469166,-31.847668,37.084232,116.0,0,660.0
538008115,1715469286,-31.845133,37.091267,116.0,0,660.0
538008115,1715469406,-31.842632,37.098251,115.0,0,660.0
538008115,1715469493,-31.8407,37.1035,116.0,0,660.0
538008115,1715469767,-31.834883,37.119251,116.0,0,660.0
538008115,1715469815,-31.833767,37.122318,116.0,0,660.0
538008115,1715469947,-31.830933,37.129917,116.0,0,660.0
538008115,1715470214,-31.825117,37.145599,117.0,0,660.0
538008115,1715470313,-31.822901,37.151516,116.0,0,660.0
538008115,1715470411,-31.820717,37.157269,116.0,0,650.0
538008115,1715470536,-31.818117,37.164165,115.0,0,660.0
538008115,1715470704,-31.814533,37.174149,115.0,0,670.0
538008115,1715470825,-31.812067,37.181133,115.0,0,670.0
538008115,1715470994,-31.808567,37.191017,114.0,0,670.0
538008115,1715471235,-31.80365,37.204849,113.0,0,670.0
538008115,1715471492,-31.798582,37.219769,112.0,0,680.0
538008115,1715472034,-31.787617,37.250099,110.0,0,660.0
538008115,1715472067,-31.787018,37.251751,110.0,0,660.0
538008115,1715472195,-31.784283,37.258835,110.0,0,650.0
538008115,1715472275,-31.782534,37.263416,110.0,0,650.0
538008115,1715472505,-31.777767,37.276031,109.0,0,660.0
538008115,1715473153,-31.764933,37.311882,109.0,0,690.0
538008115,1715473344,-31.761417,37.32235,109.0,0,690.0
538008115,1715474414,-31.740232,37.382034,112.0,0,670.0
538008115,1715474735,-31.733601,37.400368,113.0,0,670.0
538008115,1715475361,-31.72065,37.436382,113.0,0,670.0
538008115,1715475453,-31.718683,37.441502,115.0,0,650.0
538008115,1715475573,-31.715918,37.448235,113.0,0,640.0
538008115,1715475651,-31.714033,37.452751,113.0,0,630.0
538008115,1715475773,-31.71125,37.459499,114.0,0,640.0
538008115,1715475985,-31.7064,37.471333,114.0,0,640.0
538008115,1715476086,-31.704067,37.476952,114.0,0,640.0
538008115,1715476186,-31.701717,37.482582,114.0,0,650.0
538008115,1715476595,-31.692017,37.505669,113.0,0,630.0
538008115,1715476755,-31.688232,37.514584,114.0,0,630.0
538008115,1715476905,-31.684633,37.522865,114.0,0,620.0
538008115,1715477093,-31.680033,37.533566,114.0,0,630.0
538008115,1715477263,-31.676018,37.543018,114.0,0,630.0
538008115,1715477466,-31.671267,37.554134,113.0,0,630.0
538008115,1715477632,-31.667749,37.563648,112.0,0,660.0
538008115,1715477891,-31.662416,37.5784,111.0,0,670.0
538008115,1715478325,-31.653683,37.602901,112.0,0,660.0
538008115,1715478555,-31.64875,37.615734,112.0,0,650.0
538008115,1715478676,-31.646168,37.622433,112.0,0,650.0
538008115,1715478894,-31.641768,37.634933,110.0,0,670.0
538008115,1715478953,-31.640633,37.638317,111.0,0,680.0
538008115,1715478993,-31.639833,37.640499,112.0,0,670.0
538008115,1715479564,-31.628283,37.672501,110.0,0,660.0
538008115,1715479593,-31.627617,37.674168,111.0,0,650.0
538008115,1715479624,-31.626984,37.6758,111.0,0,650.0
538008115,1715479794,-31.623383,37.685234,111.0,0,650.0
538008115,1715480072,-31.617683,37.70015,110.0,0,660.0
538008115,1715480265,-31.613617,37.711369,110.0,0,680.0
538008115,1715480375,-31.611517,37.7174,110.0,0,670.0
538008115,1715480495,-31.609234,37.724201,109.0,0,680.0
538008115,1715480547,-31.608267,37.7271,109.0,0,680.0
538008115,1715480595,-31.607384,37.729851,109.0,0,690.0
538008115,1715480834,-31.603001,37.743233,109.0,0,690.0
538008115,1715481113,-31.598232,37.758934,108.0,0,700.0
538008115,1715481674,-31.589518,37.79015,105.0,0,720.0
538008115,1715481692,-31.589251,37.791134,105.0,0,730.0
538008115,1715481794,-31.587851,37.7967,105.0,0,730.0
538008115,1715481893,-31.586367,37.802116,104.0,0,710.0
538008115,1715482014,-31.584183,37.808384,103.0,0,660.0
538008115,1715482164,-31.580784,37.815933,103.0,0,610.0
538008115,1715482263,-31.578568,37.820885,103.0,0,620.0
538008115,1715482275,-31.578367,37.821384,103.0,0,630.0
538008115,1715482293,-31.577917,37.822449,103.0,0,620.0
538008115,1715482419,-31.575317,37.828518,103.0,0,640.0
538008115,1715482434,-31.5749,37.829533,103.0,0,640.0
538008115,1715482833,-31.567034,37.850166,104.0,0,670.0
538008115,1715483161,-31.560833,37.867249,104.0,0,660.0
538008115,1715483284,-31.558599,37.873531,104.0,0,680.0
538008115,1715483343,-31.557516,37.876682,104.0,0,680.0
538008115,1715483596,-31.552917,37.889915,105.0,0,680.0
538008115,1715483612,-31.552549,37.890984,105.0,0,680.0
538008115,1715483797,-31.549282,37.900532,105.0,0,680.0
538008115,1715483902,-31.547268,37.906399,105.0,0,680.0
538008115,1715484125,-31.543301,37.918152,106.0,0,680.0
538008115,1715484183,-31.54225,37.921417,107.0,0,690.0
538008115,1715484283,-31.540449,37.926834,107.0,0,680.0
538008115,1715484335,-31.539499,37.929668,107.0,0,680.0
538008115,1715484565,-31.535116,37.942051,108.0,0,660.0
538008115,1715484577,-31.534918,37.9426,108.0,0,660.0
538008115,1715485144,-31.523033,37.973282,110.0,0,630.0
538008115,1715485342,-31.51845,37.984016,111.0,0,630.0
538008115,1715485513,-31.514601,37.993168,111.0,0,630.0
538008115,1715485833,-31.507133,38.010632,111.0,0,640.0
538008115,1715486017,-31.502983,38.020367,111.0,0,640.0
538008115,1715486023,-31.5028,38.020817,111.0,0,640.0
538008115,1715486024,-31.5028,38.020817,111.0,0,640.0
538008115,1715486148,-31.500366,38.02755,111.0,0,680.0
538008115,1715486283,-31.497967,38.035465,111.0,0,690.0
538008115,1715486343,-31.496901,38.038868,111.0,0,690.0
538008115,1715486540,-31.493467,38.049782,112.0,0,700.0
538008115,1715486644,-31.491617,38.055984,112.0,0,700.0
538008115,1715486758,-31.489634,38.06245,112.0,0,690.0
538008115,1715486939,-31.486134,38.072533,112.0,0,650.0
538008115,1715486993,-31.484751,38.075802,112.0,0,630.0
538008115,1715488244,-31.457451,38.144432,110.0,0,650.0
538008115,1715488265,-31.45705,38.145535,110.0,0,660.0
538008115,1715488644,-31.449699,38.166683,110.0,0,680.0
538008115,1715488973,-31.443768,38.185234,110.0,0,680.0
538008115,1715489307,-31.437967,38.2038,111.0,0,700.0
538008115,1715489595,-31.432734,38.2202,110.0,0,690.0
538008115,1715489715,-31.430651,38.226952,110.0,0,690.0
538008115,1715489995,-31.425367,38.242584,110.0,0,660.0
538008115,1715490235,-31.420183,38.255669,109.0,0,650.0
538008115,1715490354,-31.417618,38.26215,109.0,0,650.0
538008115,1715490495,-31.414551,38.269798,109.0,0,640.0
538008115,1715490663,-31.410883,38.278999,108.0,0,650.0
538008115,1715491035,-31.402884,38.298832,109.0,0,640.0
538008115,1715491234,-31.398649,38.309582,110.0,0,660.0
538008115,1715491344,-31.396418,38.315582,110.0,0,660.0
538008115,1715491372,-31.395832,38.317234,110.0,0,660.0
538008115,1715491842,-31.386351,38.343067,109.0,0,670.0
538008115,1715491973,-31.383633,38.350052,110.0,0,650.0
538008115,1715492213,-31.3785,38.363083,110.0,0,650.0
538008115,1715492443,-31.373568,38.3755,109.0,0,640.0
538008115,1715492463,-31.37315,38.376568,110.0,0,650.0
538008115,1715492642,-31.369301,38.38625,109.0,0,650.0
538008115,1715493012,-31.361868,38.406433,109.0,0,680.0
538008115,1715493147,-31.359432,38.413734,109.0,0,680.0
538008115,1715493205,-31.358351,38.416985,109.0,0,690.0
538008115,1715494053,-31.341566,38.463284,109.0,0,660.0
538008115,1715494132,-31.340017,38.467632,109.0,0,670.0
538008115,1715494194,-31.33885,38.470901,109.0,0,670.0
538008115,1715494484,-31.333166,38.486698,109.0,0,670.0
538008115,1715494657,-31.329866,38.495869,108.0,0,670.0
538008115,1715494713,-31.328684,38.499119,108.0,0,670.0
538008115,1715495103,-31.320883,38.520267,109.0,0,660.0
538008115,1715495206,-31.318899,38.525684,109.0,0,660.0
538008115,1715495324,-31.316532,38.532131,109.0,0,660.0
538008115,1715495432,-31.314266,38.538132,109.0,0,660.0
538008115,1715495448,-31.314051,38.538666,108.0,0,660.0
538008115,1715495645,-31.309982,38.549519,109.0,0,660.0
538008115,1715495827,-31.306383,38.559216,109.0,0,670.0
538008115,1715495987,-31.303217,38.567966,109.0,0,660.0
538008115,1715496024,-31.302483,38.570099,109.0,0,670.0
538008115,1715496170,-31.299633,38.577766,110.0,0,660.0
538008115,1715496346,-31.295982,38.587532,109.0,0,660.0
538008115,1715496496,-31.292868,38.595684,109.0,0,650.0
538008115,1715496556,-31.291651,38.598934,109.0,0,660.0
538008115,1715496647,-31.289883,38.603783,109.0,0,660.0
538008115,1715496905,-31.284883,38.617966,109.0,0,660.0
538008115,1715496975,-31.283501,38.621716,109.0,0,660.0
538008115,1715497147,-31.280117,38.630981,108.0,0,660.0
538008115,1715497353,-31.275818,38.642319,108.0,0,660.0
538008115,1715497537,-31.272182,38.651951,107.0,0,660.0
538008115,1715497553,-31.271784,38.653015,108.0,0,660.0
538008115,1715497698,-31.269117,38.660549,107.0,0,670.0
538008115,1715497975,-31.263468,38.675617,108.0,0,660.0
538008115,1715498025,-31.262501,38.678268,108.0,0,670.0
538008115,1715498135,-31.260384,38.684235,108.0,0,670.0
538008115,1715498516,-31.253082,38.704868,108.0,0,680.0
538008115,1715498572,-31.251984,38.708084,108.0,0,670.0
538008115,1715498771,-31.248283,38.718868,107.0,0,680.0
538008115,1715498865,-31.246599,38.723801,106.0,0,680.0
538008115,1715498984,-31.244417,38.729801,106.0,0,660.0
538008115,1715498991,-31.244249,38.730232,106.0,0,660.0
538008115,1715499184,-31.24015,38.740849,108.0,0,650.0
538008115,1715499304,-31.237717,38.747284,108.0,0,660.0
538008115,1715499561,-31.232468,38.7612,107.0,0,650.0
538008115,1715499934,-31.224768,38.781017,107.0,0,660.0
538008115,1715500354,-31.216183,38.803616,107.0,0,660.0
538008115,1715500493,-31.21335,38.811115,108.0,0,660.0
538008115,1715500557,-31.212133,38.814281,107.0,0,650.0
538008115,1715500644,-31.210283,38.819218,108.0,0,660.0
538008115,1715500672,-31.209717,38.820782,108.0,0,670.0
538008115,1715500703,-31.209101,38.822468,108.0,0,670.0
538008115,1715500825,-31.206682,38.828968,108.0,0,660.0
538008115,1715501058,-31.2022,38.841633,109.0,0,680.0
538008115,1715501176,-31.199984,38.848366,110.0,0,680.0
538008115,1715501893,-31.185883,38.888985,112.0,0,670.0
538008115,1715502043,-31.182768,38.897469,113.0,0,660.0
538008115,1715502143,-31.180634,38.903233,114.0,0,670.0
538008115,1715502882,-31.164633,38.945751,117.0,0,660.0
538008115,1715503123,-31.159384,38.959831,118.0,0,660.0
538008115,1715504105,-31.137117,39.019783,124.0,0,660.0
538008115,1715504125,-31.136633,39.021084,124.0,0,660.0
538008115,1715504214,-31.1346,39.026585,125.0,0,660.0
538008115,1715504682,-31.123417,39.056084,126.0,0,650.0
538008115,1715504738,-31.1222,39.059299,127.0,0,660.0
538008115,1715504746,-31.121967,39.059933,127.0,0,660.0
538008115,1715504862,-31.119118,39.067501,127.0,0,660.0
538008115,1715505067,-31.11425,39.080166,127.0,0,650.0
538008115,1715505165,-31.111816,39.086498,127.0,0,660.0
538008115,1715505182,-31.1113,39.087849,127.0,0,660.0
538008115,1715505245,-31.109867,39.091599,128.0,0,660.0
538008115,1715505363,-31.106867,39.099216,128.0,0,650.0
538008115,1715505534,-31.102484,39.11005,128.0,0,650.0
538008115,1715505612,-31.100468,39.115131,128.0,0,640.0
538008115,1715505736,-31.097483,39.122734,129.0,0,660.0
538008115,1715505823,-31.095301,39.128532,129.0,0,660.0
538008115,1715505956,-31.09215,39.137001,129.0,0,660.0
538008115,1715506118,-31.088266,39.147232,128.0,0,660.0
538008115,1715506265,-31.084682,39.156849,128.0,0,660.0
538008115,1715506296,-31.084017,39.158718,128.0,0,670.0
538008115,1715506425,-31.081017,39.167099,128.0,0,670.0
538008115,1715506516,-31.078966,39.172916,128.0,0,670.0
538008115,1715506657,-31.075768,39.181969,128.0,0,670.0
538008115,1715506923,-31.069633,39.199299,128.0,0,670.0
538008115,1715507075,-31.066282,39.208935,128.0,0,680.0
538008115,1715507115,-31.065384,39.211567,127.0,0,670.0
538008115,1715507174,-31.064016,39.2155,127.0,0,680.0
538008115,1715507245,-31.06245,39.220001,128.0,0,670.0
538008115,1715507277,-31.062283,39.220516,127.0,0,670.0
538008115,1715507413,-31.058582,39.23085,127.0,0,670.0
538008115,1715507536,-31.055883,39.238602,128.0,0,670.0
538008115,1715507765,-31.050682,39.253433,128.0,0,670.0
538008115,1715507826,-31.049351,39.257267,128.0,0,670.0
538008115,1715507903,-31.04755,39.26255,128.0,0,680.0
538008115,1715507964,-31.046183,39.266399,128.0,0,670.0
538008115,1715508072,-31.043533,39.273434,128.0,0,650.0
538008115,1715508105,-31.042816,39.275333,128.0,0,650.0
538008115,1715508205,-31.04035,39.28175,128.0,0,650.0
538008115,1715508335,-31.037201,39.289967,128.0,0,650.0
538008115,1715508345,-31.036934,39.290684,128.0,0,660.0
538008115,1715508357,-31.036682,39.291332,128.0,0,660.0
538008115,1715508725,-31.027651,39.314865,128.0,0,660.0
538008115,1715508819,-31.02545,39.320568,128.0,0,650.0
538008115,1715508836,-31.02495,39.321918,128.0,0,660.0
538008115,1715508877,-31.024033,39.324383,128.0,0,660.0
538008115,1715509097,-31.018633,39.338348,127.0,0,650.0
538008115,1715509368,-31.011967,39.355148,127.0,0,650.0
538008115,1715509421,-31.01045,39.358967,126.0,0,650.0
538008115,1715509549,-31.007467,39.366402,126.0,0,640.0
538008115,1715509624,-31.005417,39.371532,127.0,0,650.0
538008115,1715509715,-31.003366,39.377251,127.0,0,670.0
538008115,1715509885,-30.999617,39.388149,127.0,0,680.0
538008115,1715509934,-30.998484,39.39135,127.0,0,670.0
538008115,1715509954,-30.998051,39.392551,127.0,0,670.0
538008115,1715510003,-30.996901,39.395832,126.0,0,670.0
538008115,1715510194,-30.992666,39.407982,126.0,0,670.0
538008115,1715510456,-30.986883,39.424599,126.0,0,670.0
538008115,1715510627,-30.982983,39.435398,127.0,0,670.0
538008115,1715510847,-30.978382,39.448067,126.0,0,660.0
538008115,1715510863,-30.977417,39.450668,127.0,0,660.0
538008115,1715511016,-30.973883,39.460133,126.0,0,660.0
538008115,1715511084,-30.972282,39.464481,126.0,0,660.0
538008115,1715511228,-30.969,39.473366,126.0,0,660.0
538008115,1715511266,-30.968082,39.475834,126.0,0,660.0
538008115,1715511394,-30.964983,39.484066,126.0,0,660.0
538008115,1715511505,-30.962467,39.490917,126.0,0,670.0
538008115,1715511614,-30.959917,39.497833,125.0,0,660.0
538008115,1715511638,-30.959467,39.499119,125.0,0,660.0
538008115,1715511745,-30.956932,39.506001,125.0,0,660.0
538008115,1715511756,-30.956682,39.506718,126.0,0,670.0
538008115,1715512147,-30.947617,39.531166,125.0,0,660.0
538008115,1715512346,-30.943184,39.543682,125.0,0,670.0
538008115,1715512527,-30.939016,39.554798,124.0,0,650.0
538008115,1715512575,-30.937767,39.557934,124.0,0,650.0
538008115,1715512665,-30.935568,39.563435,124.0,0,650.0
538008115,1715512735,-30.933832,39.567749,123.0,0,640.0
538008115,1715512985,-30.927851,39.583,123.0,0,640.0
538008115,1715513095,-30.925167,39.589718,123.0,0,640.0
538008115,1715513234,-30.922001,39.598251,123.0,0,670.0
538008115,1715513323,-30.92,39.603733,122.0,0,660.0
538008115,1715513551,-30.914766,39.617882,123.0,0,670.0
538008115,1715513696,-30.911533,39.626549,123.0,0,660.0
538008115,1715513705,-30.911333,39.627117,123.0,0,660.0
538008115,1715513756,-30.910168,39.630184,123.0,0,660.0
538008115,1715513764,-30.90995,39.630733,123.0,0,660.0
538008115,1715513793,-30.90925,39.632648,123.0,0,670.0
538008115,1715513874,-30.9074,39.637566,123.0,0,670.0
538008115,1715514088,-30.902517,39.650517,123.0,0,660.0
538008115,1715514155,-30.900883,39.654816,123.0,0,660.0
538008115,1715514306,-30.897367,39.663982,123.0,0,660.0
538008115,1715514315,-30.897167,39.664551,123.0,0,660.0
538008115,1715514364,-30.895983,39.667599,123.0,0,660.0
538008115,1715514767,-30.8866,39.692066,122.0,0,660.0
538008115,1715514817,-30.885468,39.695034,123.0,0,660.0
538008115,1715514827,-30.885201,39.695702,122.0,0,660.0
538008115,1715514944,-30.882383,39.702934,122.0,0,650.0
538008115,1715515006,-30.881001,39.706551,121.0,0,650.0
538008115,1715515055,-30.879816,39.709549,121.0,0,640.0
538008115,1715515183,-30.876818,39.717365,123.0,0,660.0
538008115,1715515203,-30.8764,39.718533,122.0,0,660.0
538008115,1715515462,-30.870632,39.734234,121.0,0,660.0
538008115,1715515706,-30.865351,39.7486,121.0,0,670.0
538008115,1715515756,-30.864283,39.751598,121.0,0,670.0
538008115,1715516164,-30.855433,39.775818,119.0,0,670.0
538008115,1715517057,-30.836468,39.827667,116.0,0,660.0
538008115,1715517086,-30.835817,39.829449,116.0,0,660.0
538008115,1715517136,-30.834749,39.832298,116.0,0,660.0
538008115,1715517322,-30.83065,39.843117,116.0,0,660.0
538008115,1715517848,-30.819468,39.872868,114.0,0,660.0
538008115,1715518207,-30.811934,39.893215,114.0,0,660.0
538008115,1715518404,-30.807817,39.904469,114.0,0,670.0
538008115,1715518547,-30.804968,39.912449,114.0,0,670.0
538008115,1715519157,-30.792999,39.947166,113.0,0,680.0
538008115,1715519705,-30.782133,39.978233,112.0,0,670.0
538008115,1715519764,-30.780968,39.981617,112.0,0,680.0
538008115,1715519925,-30.777901,39.9907,112.0,0,680.0
538008115,1715519974,-30.776917,39.99345,112.0,0,680.0
538008115,1715520005,-30.776318,39.995167,112.0,0,670.0
538008115,1715520187,-30.772699,40.005249,112.0,0,670.0
538008115,1715520304,-30.770283,40.011967,112.0,0,670.0
538008115,1715520347,-30.769466,40.014183,112.0,0,670.0
538008115,1715520464,-30.767082,40.020817,112.0,0,670.0
538008115,1715520474,-30.766884,40.021381,112.0,0,670.0
538008115,1715520484,-30.766649,40.021999,112.0,0,670.0
538008115,1715520614,-30.764017,40.029232,112.0,0,670.0
538008115,1715520704,-30.762217,40.034168,112.0,0,660.0
538008115,1715520814,-30.759968,40.040298,112.0,0,660.0
538008115,1715520934,-30.757467,40.047001,112.0,0,660.0
538008115,1715521054,-30.755016,40.05365,111.0,0,670.0
538008115,1715521087,-30.7544,40.055332,111.0,0,670.0
538008115,1715521536,-30.74515,40.080235,111.0,0,650.0
538008115,1715521655,-30.742617,40.086819,111.0,0,650.0
538008115,1715521704,-30.74155,40.089584,111.0,0,660.0
538008115,1715521826,-30.738983,40.096134,111.0,0,650.0
538008115,1715521845,-30.738533,40.097233,111.0,0,650.0
538008115,1715521873,-30.737917,40.098831,112.0,0,650.0
538008115,1715522047,-30.734283,40.10815,111.0,0,650.0
538008115,1715522274,-30.729366,40.120884,112.0,0,660.0
538008115,1715522385,-30.7271,40.126816,111.0,0,660.0
538008115,1715522493,-30.724768,40.132801,111.0,0,650.0
538008115,1715522536,-30.7239,40.135033,111.0,0,650.0
538008115,1715522577,-30.723,40.137318,111.0,0,650.0
538008115,1715522735,-30.719549,40.145985,111.0,0,650.0
538008115,1715522853,-30.716917,40.152599,111.0,0,650.0
538008115,1715522974,-30.714333,40.1591,111.0,0,640.0
538008115,1715523293,-30.707317,40.176617,111.0,0,650.0
538008115,1715523726,-30.697783,40.200249,112.0,0,650.0
538008115,1715523788,-30.696484,40.203548,112.0,0,650.0
538008115,1715523923,-30.693466,40.211216,112.0,0,650.0
538008115,1715523988,-30.69215,40.214466,112.0,0,640.0
538008115,1715524063,-30.690332,40.218819,111.0,0,640.0
538008115,1715524105,-30.6894,40.221085,112.0,0,640.0
538008115,1715524198,-30.687332,40.226002,111.0,0,630.0
538008115,1715524223,-30.686632,40.227634,112.0,0,630.0
538008115,1715524259,-30.685949,40.229267,112.0,0,640.0
538008115,1715524307,-30.684851,40.232033,112.0,0,650.0
538008115,1715524317,-30.684633,40.232582,112.0,0,650.0
538008115,1715524646,-30.677982,40.250881,110.0,0,670.0
538008115,1715524770,-30.675533,40.257618,111.0,0,660.0
538008115,1715524827,-30.674334,40.260918,110.0,0,670.0
538008115,1715524956,-30.671717,40.268032,110.0,0,660.0
538008115,1715525064,-30.669382,40.274101,110.0,0,660.0
538008115,1715525385,-30.663218,40.291718,109.0,0,690.0
538008115,1715525405,-30.662867,40.292831,109.0,0,690.0
538008115,1715525655,-30.658266,40.306667,108.0,0,690.0
538008115,1715525762,-30.656317,40.312649,108.0,0,680.0
538008115,1715525783,-30.655951,40.313751,108.0,0,680.0
538008115,1715525903,-30.653749,40.320332,108.0,0,680.0
538008115,1715526028,-30.651518,40.327034,108.0,0,680.0
538008115,1715526210,-30.648199,40.336967,109.0,0,690.0
538008115,1715526385,-30.645117,40.346901,109.0,0,700.0
538008115,1715526465,-30.643766,40.351368,110.0,0,700.0
538008115,1715526587,-30.641367,40.357883,109.0,0,640.0
538008115,1715526747,-30.637867,40.366348,109.0,0,640.0
538008115,1715526797,-30.636732,40.369099,109.0,0,640.0
538008115,1715527044,-30.631216,40.382484,109.0,0,630.0
538008115,1715527117,-30.629633,40.386166,109.0,0,630.0
538008115,1715527164,-30.628483,40.388882,110.0,0,640.0
538008115,1715527264,-30.626183,40.394234,109.0,0,640.0
538008115,1715527274,-30.62595,40.394749,109.0,0,630.0
538008115,1715527439,-30.622499,40.403381,109.0,0,650.0
538008115,1715527464,-30.621883,40.405033,110.0,0,660.0
538008115,1715527486,-30.621517,40.406067,109.0,0,670.0
538008115,1715527590,-30.620167,40.40995,109.0,0,680.0
538008115,1715527615,-30.619034,40.41325,108.0,0,680.0
538008115,1715527913,-30.61335,40.429718,109.0,0,680.0
538008115,1715527973,-30.612217,40.433033,109.0,0,690.0
538008115,1715528005,-30.611633,40.434715,109.0,0,680.0
538008115,1715528012,-30.61145,40.435184,108.0,0,660.0
538008115,1715528132,-30.60915,40.441685,108.0,0,670.0
538008115,1715528424,-30.6035,40.457565,108.0,0,670.0
538008115,1715528472,-30.602516,40.460266,108.0,0,670.0
538008115,1715528484,-30.602318,40.460815,108.0,0,660.0
538008115,1715528592,-30.600166,40.466751,107.0,0,660.0
538008115,1715528719,-30.597782,40.473133,107.0,0,660.0
538008115,1715529035,-30.591333,40.49025,107.0,0,660.0
538008115,1715529762,-30.576099,40.528801,106.0,0,640.0
538008115,1715530155,-30.567734,40.549252,106.0,0,640.0
538008115,1715530202,-30.566683,40.55175,106.0,0,630.0
538008115,1715530273,-30.565117,40.555431,106.0,0,630.0
538008115,1715530395,-30.56245,40.5616,106.0,0,640.0
538008115,1715530512,-30.5597,40.567799,106.0,0,620.0
538008115,1715530612,-30.557632,40.573132,105.0,0,660.0
538008115,1715530656,-30.556833,40.575249,105.0,0,660.0
538008115,1715530817,-30.554016,40.583668,104.0,0,690.0
538008115,1715531407,-30.544117,40.614834,103.0,0,680.0
538008115,1715531568,-30.541367,40.623199,102.0,0,690.0
538008115,1715531593,-30.540882,40.624748,101.0,0,690.0
538008115,1715532194,-30.531317,40.655899,101.0,0,690.0
538008115,1715532233,-30.530634,40.658066,101.0,0,690.0
538008115,1715532325,-30.52915,40.662651,101.0,0,700.0
538008115,1715532435,-30.527267,40.668266,101.0,0,680.0
538008115,1715532552,-30.525049,40.674465,102.0,0,670.0
538008115,1715532705,-30.522217,40.682167,102.0,0,650.0
538008115,1715532764,-30.521032,40.685051,102.0,0,640.0
538008115,1715532794,-30.520332,40.686634,103.0,0,630.0
538008115,1715532877,-30.518618,40.690601,103.0,0,630.0
538008115,1715532933,-30.517317,40.693619,103.0,0,640.0
538008115,1715533214,-30.511351,40.707718,103.0,0,630.0
538008115,1715533326,-30.509001,40.713284,103.0,0,640.0
538008115,1715534166,-30.4935,40.756367,101.0,0,670.0
538008115,1715534225,-30.492367,40.759468,102.0,0,670.0
538008115,1715534456,-30.487949,40.771252,103.0,0,670.0
538008115,1715534505,-30.487,40.773785,103.0,0,660.0
538008115,1715534736,-30.482468,40.785751,104.0,0,660.0
538008115,1715534974,-30.477699,40.798317,105.0,0,650.0
538008115,1715534987,-30.477533,40.798801,106.0,0,660.0
538008115,1715535007,-30.477133,40.799831,105.0,0,660.0
538008115,1715535015,-30.476917,40.800365,105.0,0,650.0
538008115,1715535035,-30.4765,40.801468,106.0,0,660.0
538008115,1715535188,-30.47345,40.809319,106.0,0,660.0
538008115,1715535305,-30.47105,40.815666,106.0,0,670.0
538008115,1715535469,-30.467817,40.824135,106.0,0,650.0
538008115,1715535515,-30.46685,40.826733,106.0,0,660.0
538008115,1715535756,-30.462084,40.839535,106.0,0,660.0
538008115,1715535954,-30.458282,40.850201,106.0,0,670.0
538008115,1715536135,-30.454901,40.859833,105.0,0,670.0
538008115,1715536376,-30.451067,40.87265,103.0,0,730.0
538008115,1715536495,-30.449167,40.878918,102.0,0,690.0
538008115,1715536613,-30.446833,40.884968,102.0,0,640.0
538008115,1715536795,-30.443117,40.894001,102.0,0,640.0
538008115,1715536915,-30.440582,40.900101,103.0,0,650.0
538008115,1715537188,-30.43605,40.912201,101.0,0,660.0
538008115,1715537216,-30.434851,40.915283,101.0,0,650.0
538008115,1715537335,-30.432501,40.921234,100.0,0,650.0
538008115,1715537401,-30.431133,40.924782,101.0,0,660.0
538008115,1715537441,-30.430384,40.926731,101.0,0,650.0
538008115,1715537452,-30.430166,40.927284,101.0,0,660.0
538008115,1715537470,-30.429817,40.928249,101.0,0,660.0
538008115,1715537500,-30.429251,40.929718,100.0,0,660.0
538008115,1715537501,-30.429251,40.929718,100.0,0,660.0
538008115,1715537503,-30.429251,40.929718,100.0,0,660.0
538008115,1715537521,-30.42885,40.930752,100.0,0,650.0
538008115,1715537530,-30.428682,40.931252,100.0,0,660.0
538008115,1715537531,-30.428682,40.931252,100.0,0,660.0
538008115,1715537542,-30.428467,40.93185,101.0,0,670.0
538008115,1715537543,-30.428467,40.93185,101.0,0,670.0
538008115,1715537551,-30.428284,40.932281,100.0,0,660.0
538008115,1715537552,-30.428284,40.932281,100.0,0,660.0
538008115,1715537560,-30.428118,40.932751,101.0,0,660.0
538008115,1715537561,-30.428118,40.932751,101.0,0,660.0
538008115,1715537581,-30.42775,40.93375,100.0,0,660.0
538008115,1715537602,-30.427349,40.934799,100.0,0,660.0
538008115,1715537612,-30.427168,40.935284,100.0,0,660.0
538008115,1715537641,-30.4266,40.936768,100.0,0,650.0
538008115,1715537642,-30.4266,40.936768,100.0,0,650.0
538008115,1715537652,-30.426382,40.937248,101.0,0,650.0
538008115,1715537671,-30.426018,40.938251,101.0,0,660.0
538008115,1715537672,-30.426018,40.938251,101.0,0,660.0
538008115,1715537692,-30.425617,40.939316,100.0,0,660.0
538008115,1715537721,-30.425051,40.94075,101.0,0,660.0
538008115,1715537761,-30.424282,40.942734,100.0,0,660.0
538008115,1715537853,-30.42255,40.9473,101.0,0,660.0
538008115,1715537913,-30.421383,40.950298,101.0,0,660.0
538008115,1715538041,-30.419033,40.956234,101.0,0,650.0
538008115,1715538384,-30.412132,40.973816,101.0,0,650.0
538008115,1715538475,-30.4105,40.978298,100.0,0,660.0
538008115,1715538573,-30.408684,40.983368,100.0,0,670.0
538008115,1715538684,-30.406683,40.988785,99.0,0,660.0
538008115,1715538963,-30.4016,41.00285,99.0,0,680.0
538008115,1715539103,-30.399134,41.0098,99.0,0,670.0
538008115,1715539114,-30.398951,41.010349,99.0,0,670.0
538008115,1715539153,-30.398268,41.012299,99.0,0,680.0
538008115,1715539224,-30.397034,41.0158,98.0,0,670.0
538008115,1715539456,-30.392982,41.027302,99.0,0,660.0
538008115,1715540134,-30.380867,41.061466,100.0,0,670.0
538008115,1715540174,-30.380167,41.063366,100.0,0,670.0
538008115,1715540314,-30.377583,41.070518,100.0,0,680.0
538008115,1715540534,-30.3736,41.0816,100.0,0,670.0
538008115,1715540634,-30.371782,41.086517,100.0,0,670.0
538008115,1715540654,-30.371416,41.087517,100.0,0,670.0
538008115,1715540744,-30.369749,41.092049,100.0,0,670.0
538008115,1715540843,-30.367916,41.097118,100.0,0,670.0
538008115,1715540966,-30.365816,41.103168,100.0,0,670.0
538008115,1715541056,-30.364201,41.107765,100.0,0,670.0
538008115,1715541176,-30.362066,41.113899,100.0,0,670.0
538008115,1715541284,-30.360018,41.119301,100.0,0,650.0
538008115,1715541313,-30.359417,41.12085,100.0,0,660.0
538008115,1715541526,-30.355482,41.131302,101.0,0,660.0
538008115,1715541754,-30.351183,41.142849,99.0,0,670.0
538008115,1715541806,-30.350283,41.145351,100.0,0,670.0
538008115,1715541879,-30.349016,41.1488,99.0,0,670.0
538008115,1715542104,-30.344433,41.160069,99.0,0,640.0
538008115,1715542134,-30.343884,41.161499,99.0,0,650.0
538008115,1715542194,-30.342699,41.164417,99.0,0,640.0
538008115,1715542293,-30.340733,41.16935,100.0,0,650.0
538008115,1715542334,-30.339933,41.171318,100.0,0,650.0
538008115,1715542403,-30.338516,41.174801,100.0,0,640.0
538008115,1715542454,-30.337534,41.177216,100.0,0,640.0
538008115,1715542513,-30.336332,41.180218,100.0,0,640.0
538008115,1715542536,-30.335917,41.181217,100.0,0,640.0
538008115,1715542795,-30.330883,41.194134,101.0,0,650.0
538008115,1715542853,-30.329683,41.19725,101.0,0,650.0
538008115,1715542862,-30.3295,41.197701,102.0,0,650.0
538008115,1715542873,-30.329283,41.198269,101.0,0,650.0
538008115,1715542874,-30.329283,41.198269,101.0,0,650.0
538008115,1715542902,-30.328699,41.199718,101.0,0,650.0
538008115,1715542953,-30.32765,41.202316,102.0,0,650.0
538008115,1715542973,-30.327267,41.203281,102.0,0,650.0
538008115,1715543002,-30.326651,41.204784,102.0,0,650.0
538008115,1715543013,-30.32645,41.205299,102.0,0,650.0
538008115,1715543043,-30.325867,41.206799,102.0,0,650.0
538008115,1715543053,-30.325684,41.207317,102.0,0,660.0
538008115,1715543073,-30.3253,41.208317,102.0,0,660.0
538008115,1715543082,-30.32515,41.208782,102.0,0,670.0
538008115,1715543092,-30.324949,41.209282,102.0,0,660.0
538008115,1715543103,-30.324734,41.209885,101.0,0,660.0
538008115,1715543113,-30.324568,41.2104,102.0,0,670.0
538008115,1715543122,-30.324383,41.210869,101.0,0,670.0
538008115,1715543163,-30.323668,41.212898,101.0,0,670.0
538008115,1715543173,-30.323467,41.213402,101.0,0,670.0
538008115,1715543181,-30.323334,41.213818,101.0,0,670.0
538008115,1715543202,-30.32295,41.214867,101.0,0,670.0
538008115,1715543233,-30.322384,41.216434,101.0,0,670.0
538008115,1715543262,-30.321867,41.217899,101.0,0,670.0
538008115,1715543282,-30.321501,41.218933,101.0,0,660.0
538008115,1715543293,-30.321333,41.219501,101.0,0,680.0
538008115,1715543301,-30.32115,41.219952,101.0,0,670.0
538008115,1715543322,-30.320801,41.220966,101.0,0,680.0
538008115,1715543353,-30.32025,41.222534,101.0,0,680.0
538008115,1715543364,-30.320133,41.222935,100.0,0,670.0
538008115,1715543372,-30.319933,41.223499,101.0,0,680.0
538008115,1715543382,-30.31975,41.223999,100.0,0,670.0
538008115,1715543392,-30.319584,41.224499,100.0,0,680.0
538008115,1715543402,-30.319401,41.224949,100.0,0,670.0
538008115,1715543403,-30.319401,41.224949,100.0,0,670.0
538008115,1715543413,-30.319201,41.225567,100.0,0,670.0
538008115,1715543418,-30.319201,41.225567,100.0,0,670.0
538008115,1715543422,-30.319017,41.226082,100.0,0,670.0
538008115,1715543432,-30.31885,41.226517,100.0,0,670.0
538008115,1715543443,-30.318701,41.227032,100.0,0,680.0
538008115,1715543462,-30.31835,41.228031,100.0,0,680.0
538008115,1715543473,-30.31815,41.2286,100.0,0,680.0
538008115,1715543482,-30.317966,41.229099,100.0,0,670.0
538008115,1715543492,-30.317818,41.229568,100.0,0,680.0
538008115,1715543512,-30.317467,41.230568,100.0,0,680.0
538008115,1715543515,-30.317467,41.230568,100.0,0,680.0
538008115,1715543522,-30.317284,41.231068,101.0,0,680.0
538008115,1715543884,-30.310717,41.249401,101.0,0,660.0
538008115,1715544496,-30.299683,41.280815,103.0,0,680.0
538008115,1715544932,-30.291634,41.303635,103.0,0,670.0
538008115,1715545114,-30.288183,41.313034,104.0,0,680.0
538008115,1715545457,-30.281549,41.330715,106.0,0,620.0
538008115,1715545515,-30.280132,41.333733,106.0,0,610.0
538008115,1715545576,-30.278767,41.336849,106.0,0,620.0
538008115,1715545775,-30.2745,41.347183,107.0,0,640.0
538008115,1715545825,-30.273399,41.349899,108.0,0,650.0
538008115,1715545844,-30.273001,41.350899,108.0,0,650.0
538008115,1715545924,-30.271267,41.355049,108.0,0,640.0
538008115,1715545974,-30.270166,41.357651,107.0,0,640.0
538008115,1715546044,-30.268618,41.361317,107.0,0,640.0
538008115,1715546244,-30.26465,41.372017,109.0,0,670.0
538008115,1715546339,-30.262882,41.376934,109.0,0,670.0
538008115,1715546416,-30.261316,41.381268,109.0,0,670.0
538008115,1715546428,-30.26115,41.381748,109.0,0,670.0
538008115,1715546485,-30.259968,41.384998,109.0,0,670.0
538008115,1715546524,-30.259167,41.387218,109.0,0,670.0
538008115,1715546539,-30.258966,41.387768,110.0,0,670.0
538008115,1715546615,-30.257383,41.392101,109.0,0,670.0
538008115,1715546845,-30.252884,41.404533,110.0,0,670.0
538008115,1715546853,-30.252701,41.405083,110.0,0,680.0
538008115,1715546895,-30.251932,41.407269,110.0,0,670.0
538008115,1715546984,-30.250217,41.412201,110.0,0,680.0
538008115,1715547022,-30.249483,41.414333,110.0,0,680.0
538008115,1715547111,-30.247967,41.41885,110.0,0,680.0
538008115,1715547164,-30.246883,41.422085,110.0,0,690.0
538008115,1715547314,-30.244133,41.430332,110.0,0,680.0
538008115,1715547434,-30.24185,41.436882,109.0,0,670.0
538008115,1715547453,-30.241449,41.437965,110.0,0,670.0
538008115,1715547505,-30.24045,41.440735,109.0,0,670.0
538008115,1715547575,-30.239067,41.444515,109.0,0,670.0
538008115,1715547635,-30.237883,41.447701,109.0,0,660.0
538008115,1715547665,-30.237267,41.449348,109.0,0,650.0
538008115,1715547994,-30.23035,41.466984,110.0,0,660.0
538008115,1715548007,-30.230133,41.467583,110.0,0,660.0
538008115,1715548195,-30.226383,41.477867,110.0,0,670.0
538008115,1715548458,-30.221149,41.492001,110.0,0,660.0
538008115,1715548658,-30.217167,41.50275,108.0,0,670.0
538008115,1715548718,-30.215933,41.505966,108.0,0,660.0
538008115,1715548723,-30.215717,41.5065,109.0,0,660.0
538008115,1715549073,-30.208467,41.5252,109.0,0,660.0
538008115,1715549247,-30.204866,41.534248,109.0,0,660.0
538008115,1715549307,-30.203583,41.537434,109.0,0,650.0
538008115,1715549422,-30.201117,41.543682,109.0,0,640.0
538008115,1715549677,-30.195766,41.557049,109.0,0,650.0
538008115,1715549743,-30.194317,41.560684,108.0,0,650.0
538008115,1715549834,-30.192484,41.565449,109.0,0,660.0
538008115,1715550192,-30.1852,41.584549,108.0,0,660.0
538008115,1715550424,-30.180634,41.597069,109.0,0,680.0
538008115,1715550537,-30.178499,41.603001,109.0,0,670.0
538008115,1715550694,-30.175217,41.611465,109.0,0,650.0
538008115,1715550745,-30.174133,41.614201,109.0,0,650.0
538008115,1715550854,-30.171867,41.620117,110.0,0,660.0
538008115,1715551013,-30.168583,41.628681,110.0,0,660.0
538008115,1715551234,-30.164049,41.640568,110.0,0,650.0
538008115,1715551304,-30.1626,41.644299,110.0,0,660.0
538008115,1715551392,-30.160801,41.649132,110.0,0,660.0
538008115,1715551538,-30.157917,41.656734,110.0,0,660.0
538008115,1715551664,-30.1553,41.663784,110.0,0,670.0
538008115,1715551758,-30.153482,41.668781,110.0,0,670.0
538008115,1715551786,-30.152918,41.670319,110.0,0,670.0
538008115,1715551867,-30.151367,41.674683,111.0,0,670.0
538008115,1715551918,-30.150368,41.677483,111.0,0,670.0
538008115,1715551980,-30.1492,41.680733,111.0,0,670.0
538008115,1715552078,-30.1472,41.686333,111.0,0,670.0
538008115,1715552143,-30.145849,41.690102,111.0,0,670.0
538008115,1715552236,-30.144051,41.695118,111.0,0,670.0
538008115,1715552273,-30.143232,41.697285,112.0,0,660.0
538008115,1715552354,-30.14155,41.701817,112.0,0,660.0
538008115,1715552393,-30.140766,41.703934,112.0,0,660.0
538008115,1715552512,-30.138332,41.710701,113.0,0,670.0
538008115,1715552572,-30.13715,41.713982,113.0,0,670.0
538008115,1715552723,-30.1341,41.722401,113.0,0,670.0
538008115,1715552823,-30.132067,41.728031,113.0,0,670.0
538008115,1715552883,-30.13085,41.731335,113.0,0,660.0
538008115,1715552936,-30.129766,41.734249,113.0,0,660.0
538008115,1715553119,-30.126017,41.744202,113.0,0,670.0
538008115,1715553339,-30.121584,41.7565,113.0,0,660.0
538008115,1715553349,-30.121367,41.757069,113.0,0,660.0
538008115,1715553352,-30.121183,41.757549,113.0,0,660.0
538008115,1715553374,-30.12075,41.758717,112.0,0,660.0
538008115,1715553431,-30.119516,41.762001,112.0,0,660.0
538008115,1715553633,-30.115601,41.773266,113.0,0,680.0
538008115,1715553635,-30.115601,41.773266,113.0,0,680.0
538008115,1715553647,-30.1154,41.773884,114.0,0,680.0
538008115,1715553695,-30.114416,41.776733,114.0,0,680.0
538008115,1715553787,-30.11265,41.781784,114.0,0,670.0
538008115,1715553963,-30.1089,41.79195,114.0,0,670.0
538008115,1715554032,-30.107401,41.795952,114.0,0,660.0
538008115,1715554156,-30.104933,41.802769,115.0,0,670.0
538008115,1715554215,-30.103733,41.806133,114.0,0,670.0
538008115,1715554415,-30.099567,41.817532,115.0,0,660.0
538008115,1715554435,-30.099133,41.818718,115.0,0,660.0
538008115,1715554495,-30.097851,41.822048,115.0,0,660.0
538008115,1715554514,-30.097418,41.823181,114.0,0,660.0
538008115,1715554647,-30.094601,41.830467,114.0,0,650.0
538008115,1715554908,-30.089033,41.844967,114.0,0,660.0
538008115,1715555168,-30.08345,41.859451,113.0,0,660.0
538008115,1715555426,-30.07795,41.873901,112.0,0,660.0
538008115,1715555704,-30.072149,41.889534,112.0,0,660.0
538008115,1715555883,-30.06855,41.899567,113.0,0,660.0
538008115,1715556005,-30.066116,41.906235,113.0,0,660.0
538008115,1715556126,-30.06365,41.912868,111.0,0,660.0
538008115,1715556182,-30.062433,41.916168,111.0,0,670.0
538008115,1715556275,-30.060568,41.921185,112.0,0,660.0
538008115,1715556313,-30.05975,41.923401,112.0,0,670.0
538008115,1715556422,-30.057501,41.929482,112.0,0,670.0
538008115,1715556833,-30.049133,41.9519,110.0,0,650.0
538008115,1715556844,-30.048933,41.952381,110.0,0,650.0
538008115,1715556893,-30.0478,41.955166,110.0,0,640.0
538008115,1715557314,-30.038717,41.977699,110.0,0,640.0
538008115,1715557594,-30.0327,41.992599,110.0,0,640.0
538008115,1715557612,-30.032249,41.993717,109.0,0,650.0
538008115,1715557832,-30.0277,42.005566,109.0,0,650.0
538008115,1715558182,-30.020767,42.024418,108.0,0,670.0
538008115,1715558315,-30.018133,42.031433,108.0,0,660.0
538008115,1715558539,-30.013718,42.043167,107.0,0,660.0
538008115,1715558673,-30.011049,42.050518,107.0,0,660.0
538008115,1715559156,-30.001783,42.075981,107.0,0,680.0
538008115,1715559264,-29.999718,42.081749,106.0,0,670.0
538008115,1715559752,-29.990467,42.107632,106.0,0,670.0
538008115,1715559966,-29.986401,42.118717,106.0,0,670.0
538008115,1715560076,-29.984301,42.124535,106.0,0,670.0
538008115,1715560141,-29.983168,42.127701,106.0,0,670.0
538008115,1715560345,-29.979116,42.138931,107.0,0,680.0
538008115,1715560420,-29.977882,42.142582,107.0,0,690.0
538008115,1715560593,-29.9744,42.152119,107.0,0,660.0
538008115,1715561025,-29.965349,42.174648,107.0,0,660.0
538008115,1715561066,-29.96455,42.17675,106.0,0,660.0
538008115,1715561316,-29.959818,42.189919,105.0,0,670.0
538008115,1715561462,-29.956949,42.197716,105.0,0,670.0
538008115,1715561703,-29.952316,42.210365,105.0,0,670.0
538008115,1715561764,-29.951166,42.213501,105.0,0,670.0
538008115,1715561803,-29.950434,42.215534,105.0,0,670.0
538008115,1715561876,-29.949083,42.21925,105.0,0,670.0
538008115,1715561925,-29.948133,42.221867,105.0,0,670.0
538008115,1715561993,-29.946817,42.225517,105.0,0,670.0
538008115,1715562025,-29.946251,42.227081,105.0,0,670.0
538008115,1715562214,-29.942699,42.237034,105.0,0,670.0
538008115,1715562435,-29.93865,42.248417,103.0,0,680.0
538008115,1715562445,-29.93845,42.248966,103.0,0,670.0
538008115,1715562786,-29.932318,42.266384,102.0,0,680.0
538008115,1715562813,-29.931784,42.267948,102.0,0,680.0
538008115,1715563073,-29.927,42.281067,102.0,0,660.0
538008115,1715563187,-29.92495,42.286583,102.0,0,660.0
538008115,1715563255,-29.923668,42.2901,102.0,0,670.0
538008115,1715563362,-29.921633,42.295734,103.0,0,670.0
538008115,1715563507,-29.919067,42.302898,103.0,0,670.0
538008115,1715563564,-29.917967,42.305901,103.0,0,660.0
538008115,1715563664,-29.915983,42.310951,103.0,0,650.0
538008115,1715563705,-29.915234,42.312866,103.0,0,650.0
538008115,1715564133,-29.9065,42.334484,103.0,0,640.0
538008115,1715564144,-29.906267,42.335033,104.0,0,640.0
538008115,1715564424,-29.900467,42.349033,103.0,0,650.0
538008115,1715565656,-29.875683,42.411133,103.0,0,670.0
538008115,1715566032,-29.868616,42.430634,103.0,0,670.0
538008115,1715566072,-29.867916,42.432652,104.0,0,670.0
538008115,1715566372,-29.862249,42.4482,104.0,0,670.0
538008115,1715566495,-29.86005,42.454468,104.0,0,680.0
538008115,1715566613,-29.857834,42.460682,104.0,0,670.0
538008115,1715567143,-29.848017,42.488083,104.0,0,660.0
538008115,1715567203,-29.846817,42.491051,104.0,0,650.0
538008115,1715567595,-29.83905,42.510818,105.0,0,650.0
538008115,1715567732,-29.836317,42.517948,105.0,0,660.0
538008115,1715567785,-29.835333,42.5205,105.0,0,650.0
538008115,1715567842,-29.834167,42.523499,105.0,0,650.0
538008115,1715567927,-29.83255,42.527748,105.0,0,660.0
538008115,1715568063,-29.829767,42.534966,105.0,0,660.0
538008115,1715568163,-29.8279,42.540001,105.0,0,660.0
538008115,1715568272,-29.825701,42.545685,104.0,0,660.0
538008115,1715568313,-29.824949,42.547634,105.0,0,660.0
538008115,1715568507,-29.821301,42.557549,105.0,0,670.0
538008115,1715568538,-29.820732,42.559052,105.0,0,660.0
538008115,1715568592,-29.819567,42.562084,105.0,0,660.0
538008115,1715568804,-29.815468,42.572983,105.0,0,660.0
538008115,1715569148,-29.808832,42.590351,105.0,0,660.0
538008115,1715569392,-29.8039,42.603184,106.0,0,640.0
538008115,1715569563,-29.8004,42.611984,105.0,0,650.0
538008115,1715569782,-29.795967,42.623383,105.0,0,660.0
538008115,1715569872,-29.79435,42.628067,105.0,0,680.0
538008115,1715569912,-29.793633,42.630165,105.0,0,690.0
538008115,1715570033,-29.791533,42.636581,106.0,0,690.0
538008115,1715570202,-29.788467,42.645535,105.0,0,680.0
538008115,1715570547,-29.782217,42.663383,105.0,0,670.0
538008115,1715570693,-29.779367,42.671219,106.0,0,670.0
538008115,1715570724,-29.778784,42.672852,106.0,0,670.0
538008115,1715571015,-29.773199,42.688217,107.0,0,660.0
538008115,1715571282,-29.768066,42.702518,107.0,0,670.0
538008115,1715572171,-29.752117,42.744816,106.0,0,660.0
538008115,1715573805,-29.718849,42.832668,102.0,0,660.0
538008115,1715574032,-29.71435,42.844151,102.0,0,650.0
538008115,1715574596,-29.703083,42.872185,101.0,0,650.0
538008115,1715575093,-29.6938,42.896866,99.0,0,690.0
538008115,1715575484,-29.687117,42.9161,98.0,0,670.0
538008115,1715575575,-29.685568,42.920483,98.0,0,670.0
538008115,1715576334,-29.672501,42.956932,95.0,0,690.0
538008115,1715576387,-29.671633,42.9594,95.0,0,670.0
538008115,1715576523,-29.6691,42.965965,95.0,0,660.0
538008115,1715576553,-29.668568,42.967316,95.0,0,650.0
538008115,1715576626,-29.667267,42.970585,95.0,0,650.0
538008115,1715576733,-29.6653,42.975735,95.0,0,670.0
538008115,1715576894,-29.6625,42.98325,95.0,0,670.0
538008115,1715576957,-29.661467,42.986069,94.0,0,670.0
538008115,1715577004,-29.660601,42.988468,95.0,0,660.0
538008115,1715577364,-29.654484,43.005417,96.0,0,680.0
538008115,1715577563,-29.651083,43.015034,97.0,0,680.0
538008115,1715577706,-29.648767,43.021683,97.0,0,680.0
538008115,1715577943,-29.644567,43.033234,98.0,0,670.0
538008115,1715578068,-29.642401,43.039116,99.0,0,660.0
538008115,1715578165,-29.640583,43.043983,99.0,0,670.0
538008115,1715578334,-29.63755,43.052349,100.0,0,670.0
538008115,1715578479,-29.63545,43.058216,100.0,0,670.0
538008115,1715578556,-29.633717,43.063084,100.0,0,680.0
538008115,1715578675,-29.631533,43.06905,100.0,0,670.0
538008115,1715578823,-29.628918,43.076431,100.0,0,680.0
538008115,1715578995,-29.625851,43.08485,100.0,0,660.0
538008115,1715579113,-29.623568,43.090782,100.0,0,650.0
538008115,1715579263,-29.620667,43.098118,101.0,0,650.0
538008115,1715579536,-29.615368,43.111401,102.0,0,650.0
538008115,1715579548,-29.61515,43.111881,101.0,0,650.0
538008115,1715579603,-29.614017,43.114784,102.0,0,650.0
538008115,1715579624,-29.613667,43.115685,102.0,0,660.0
538008115,1715579824,-29.609734,43.125717,102.0,0,650.0
538008115,1715580035,-29.605583,43.136002,102.0,0,650.0
538008115,1715580095,-29.604366,43.138931,101.0,0,640.0
538008115,1715580363,-29.59935,43.152367,102.0,0,670.0
538008115,1715580420,-29.598232,43.155384,102.0,0,670.0
538008115,1715580421,-29.598232,43.155384,102.0,0,670.0
538008115,1715580424,-29.598232,43.155384,102.0,0,670.0
538008115,1715580555,-29.595818,43.161949,102.0,0,670.0
538008115,1715580570,-29.595467,43.162899,102.0,0,660.0
538008115,1715580571,-29.595467,43.162899,102.0,0,660.0
538008115,1715580592,-29.595083,43.163952,102.0,0,670.0
538008115,1715580612,-29.594717,43.164967,102.0,0,670.0
538008115,1715580615,-29.594717,43.164967,102.0,0,670.0
538008115,1715580682,-29.593416,43.168484,103.0,0,670.0
538008115,1715580691,-29.59325,43.168934,103.0,0,670.0
538008115,1715580694,-29.59325,43.168934,103.0,0,670.0
538008115,1715580732,-29.592466,43.170982,103.0,0,670.0
538008115,1715580751,-29.5921,43.172001,103.0,0,660.0
538008115,1715580772,-29.591717,43.17305,103.0,0,670.0
538008115,1715580832,-29.590633,43.176033,103.0,0,670.0
538008115,1715580872,-29.589916,43.178001,103.0,0,670.0
538008115,1715580922,-29.588966,43.180584,103.0,0,670.0
538008115,1715580942,-29.5886,43.181599,103.0,0,660.0
538008115,1715581022,-29.587067,43.185635,104.0,0,660.0
538008115,1715581107,-29.58555,43.189667,104.0,0,660.0
538008115,1715581226,-29.583233,43.195801,105.0,0,660.0
538008115,1715581453,-29.578833,43.207535,105.0,0,670.0
538008115,1715581876,-29.570932,43.229198,105.0,0,670.0
538008115,1715581995,-29.568666,43.235481,105.0,0,670.0
538008115,1715582542,-29.558416,43.264149,106.0,0,680.0
538008115,1715582602,-29.55735,43.267368,106.0,0,690.0
538008115,1715582741,-29.554916,43.2747,105.0,0,680.0
538008115,1715583078,-29.549168,43.292,104.0,0,690.0
538008115,1715583207,-29.5467,43.298668,103.0,0,660.0
538008115,1715583355,-29.543583,43.306252,104.0,0,640.0
538008115,1715583416,-29.542351,43.309216,105.0,0,640.0
538008115,1715583616,-29.538282,43.31945,104.0,0,650.0
538008115,1715583785,-29.534834,43.328152,104.0,0,640.0
538008115,1715583796,-29.534666,43.328568,104.0,0,640.0
538008115,1715583847,-29.533632,43.331135,104.0,0,640.0
538008115,1715583932,-29.531782,43.335682,104.0,0,650.0
538008115,1715583952,-29.531384,43.336651,103.0,0,640.0
538008115,1715584223,-29.525949,43.350349,103.0,0,650.0
538008115,1715584285,-29.5247,43.353382,103.0,0,650.0
538008115,1715584521,-29.519917,43.365532,102.0,0,650.0
538008115,1715584543,-29.519501,43.36655,102.0,0,650.0
538008115,1715584885,-29.512617,43.383434,102.0,0,650.0
538008115,1715585085,-29.508717,43.393383,101.0,0,650.0
538008115,1715585173,-29.507,43.397781,102.0,0,660.0
538008115,1715585287,-29.504932,43.403351,102.0,0,670.0
538008115,1715585852,-29.49445,43.431969,103.0,0,660.0
538008115,1715586010,-29.491533,43.440048,103.0,0,670.0
538008115,1715586011,-29.491533,43.440048,103.0,0,670.0
538008115,1715586021,-29.491333,43.440601,103.0,0,670.0
538008115,1715586030,-29.491133,43.441166,103.0,0,670.0
538008115,1715586031,-29.491133,43.441166,103.0,0,670.0
538008115,1715586040,-29.490932,43.441666,103.0,0,670.0
538008115,1715586055,-29.490767,43.442184,103.0,0,670.0
538008115,1715586081,-29.4902,43.443699,103.0,0,670.0
538008115,1715586090,-29.490032,43.444168,103.0,0,670.0
538008115,1715586101,-29.489849,43.444668,103.0,0,670.0
538008115,1715586111,-29.489651,43.445232,103.0,0,670.0
538008115,1715586130,-29.489317,43.446152,103.0,0,670.0
538008115,1715586131,-29.489317,43.446152,103.0,0,670.0
538008115,1715586141,-29.489134,43.446716,103.0,0,680.0
538008115,1715586151,-29.488951,43.447231,103.0,0,680.0
538008115,1715586161,-29.48875,43.447765,103.0,0,680.0
538008115,1715586181,-29.488367,43.448898,103.0,0,680.0
538008115,1715586201,-29.48805,43.449867,103.0,0,680.0
538008115,1715586210,-29.4879,43.450333,103.0,0,680.0
538008115,1715586231,-29.487534,43.451401,103.0,0,680.0
538008115,1715586244,-29.48735,43.451916,102.0,0,680.0
538008115,1715586292,-29.486483,43.454483,102.0,0,690.0
538008115,1715586302,-29.486317,43.455002,102.0,0,690.0
538008115,1715586352,-29.485434,43.457619,102.0,0,680.0
538008115,1715586404,-29.484568,43.460068,102.0,0,680.0
538008115,1715586412,-29.484367,43.460632,102.0,0,680.0
538008115,1715586423,-29.4842,43.461151,102.0,0,680.0
538008115,1715586554,-29.481783,43.467716,102.0,0,660.0
538008115,1715586561,-29.4816,43.468182,102.0,0,660.0
538008115,1715587222,-29.468616,43.501549,105.0,0,660.0
538008115,1715587301,-29.467033,43.5056,104.0,0,650.0
538008115,1715587396,-29.465218,43.510284,104.0,0,650.0
538008115,1715587522,-29.462667,43.516731,104.0,0,650.0
538008115,1715587541,-29.462267,43.51775,104.0,0,650.0
538008115,1715587685,-29.4594,43.524834,104.0,0,650.0
538008115,1715587777,-29.457567,43.529385,104.0,0,650.0
538008115,1715588571,-29.442284,43.569984,103.0,0,680.0
538008115,1715588862,-29.437033,43.58485,103.0,0,660.0
538008115,1715589026,-29.43395,43.593048,104.0,0,660.0
538008115,1715589234,-29.429916,43.6036,102.0,0,660.0
538008115,1715589341,-29.428034,43.6087,102.0,0,660.0
538008115,1715589414,-29.426533,43.612732,103.0,0,660.0
538008115,1715589663,-29.421766,43.625252,101.0,0,660.0
538008115,1715589726,-29.42065,43.628216,103.0,0,650.0
538008115,1715589960,-29.416233,43.639633,101.0,0,650.0
538008115,1715590157,-29.412317,43.649685,102.0,0,650.0
538008115,1715590179,-29.411917,43.650684,102.0,0,660.0
538008115,1715590244,-29.410566,43.654068,102.0,0,650.0
538008115,1715590294,-29.409567,43.656616,102.0,0,650.0
538008115,1715590374,-29.407984,43.660549,102.0,0,650.0
538008115,1715590433,-29.406767,43.663582,102.0,0,650.0
538008115,1715590535,-29.404751,43.668549,102.0,0,640.0
538008115,1715590582,-29.403717,43.671066,102.0,0,640.0
538008115,1715590595,-29.403517,43.671516,102.0,0,640.0
538008115,1715590624,-29.402901,43.672981,101.0,0,640.0
538008115,1715590635,-29.4027,43.673466,102.0,0,640.0
538008115,1715590738,-29.401051,43.677448,102.0,0,640.0
538008115,1715590826,-29.399033,43.683048,102.0,0,680.0
538008115,1715590903,-29.39765,43.68705,102.0,0,680.0
538008115,1715591071,-29.394684,43.695702,102.0,0,680.0
538008115,1715591211,-29.3922,43.702801,102.0,0,680.0
538008115,1715591287,-29.390949,43.706402,102.0,0,670.0
538008115,1715591309,-29.39065,43.707317,102.0,0,680.0
538008115,1715591355,-29.389784,43.709934,102.0,0,690.0
538008115,1715591479,-29.387768,43.716118,102.0,0,690.0
538008115,1715591586,-29.38595,43.721649,102.0,0,690.0
538008115,1715591637,-29.385099,43.724316,102.0,0,690.0
538008115,1715591813,-29.382116,43.733433,102.0,0,690.0
538008115,1715591881,-29.380983,43.736916,102.0,0,690.0
538008115,1715591974,-29.37945,43.741501,100.0,0,690.0
538008115,1715592173,-29.375883,43.751331,101.0,0,660.0
538008115,1715592226,-29.374916,43.753834,101.0,0,660.0
538008115,1715592523,-29.369267,43.768635,100.0,0,660.0
538008115,1715592625,-29.367483,43.773449,101.0,0,670.0
538008115,1715592696,-29.366234,43.776966,101.0,0,670.0
538008115,1715592786,-29.364582,43.781418,101.0,0,660.0
538008115,1715592839,-29.363667,43.783882,101.0,0,660.0
538008115,1715593035,-29.359934,43.79385,100.0,0,660.0
538008115,1715593170,-29.357599,43.800182,101.0,0,660.0
538008115,1715593186,-29.357233,43.801167,101.0,0,660.0
538008115,1715593234,-29.356318,43.803616,101.0,0,660.0
538008115,1715593292,-29.3552,43.806549,101.0,0,660.0
538008115,1715593299,-29.3552,43.806549,101.0,0,660.0
538008115,1715593347,-29.35425,43.809017,100.0,0,660.0
538008115,1715593417,-29.352917,43.81245,100.0,0,660.0
538008115,1715593526,-29.350901,43.817848,100.0,0,660.0
538008115,1715593615,-29.349251,43.8223,100.0,0,670.0
538008115,1715593647,-29.348717,43.823769,100.0,0,660.0
538008115,1715593767,-29.346518,43.82975,101.0,0,660.0
538008115,1715593837,-29.345217,43.833233,100.0,0,670.0
538008115,1715593904,-29.343918,43.836735,100.0,0,660.0
538008115,1715593988,-29.342449,43.840618,100.0,0,660.0
538008115,1715594245,-29.337633,43.853481,101.0,0,660.0
538008115,1715594395,-29.334732,43.860832,100.0,0,640.0
538008115,1715594515,-29.3323,43.86665,101.0,0,640.0
538008115,1715594627,-29.330116,43.871967,100.0,0,640.0
538008115,1715594774,-29.327133,43.879215,100.0,0,640.0
538008115,1715594865,-29.325333,43.883598,101.0,0,640.0
538008115,1715595036,-29.321951,43.891918,100.0,0,650.0
538008115,1715595187,-29.318884,43.899319,101.0,0,650.0
538008115,1715595276,-29.317051,43.903732,101.0,0,650.0
538008115,1715595384,-29.31485,43.9091,102.0,0,640.0
538008115,1715595397,-29.314632,43.909649,102.0,0,640.0
538008115,1715595517,-29.312218,43.91555,101.0,0,640.0
538008115,1715595703,-29.30835,43.924866,102.0,0,640.0
538008115,1715595842,-29.305567,43.931767,101.0,0,650.0
538008115,1715595906,-29.30435,43.93475,102.0,0,650.0
538008115,1715595963,-29.303118,43.937752,102.0,0,640.0
538008115,1715595996,-29.302483,43.939281,102.0,0,640.0
538008115,1715596358,-29.295151,43.957268,103.0,0,650.0
538008115,1715596495,-29.292267,43.964352,103.0,0,650.0
538008115,1715596505,-29.292049,43.964832,103.0,0,640.0
538008115,1715596832,-29.285433,43.981201,102.0,0,660.0
538008115,1715596892,-29.284283,43.984249,102.0,0,660.0
538008115,1715596926,-29.283667,43.985867,102.0,0,660.0
538008115,1715596964,-29.282917,43.987816,101.0,0,660.0
538008115,1715597018,-29.282017,43.990269,101.0,0,670.0
538008115,1715597107,-29.280333,43.994884,101.0,0,680.0
538008115,1715597206,-29.278566,43.999767,101.0,0,670.0
538008115,1715597227,-29.278168,44.000816,100.0,0,670.0
538008115,1715597283,-29.277082,44.00375,100.0,0,660.0
538008115,1715597446,-29.274134,44.011734,100.0,0,660.0
538008115,1715597564,-29.2719,44.017681,100.0,0,670.0
538008115,1715597583,-29.271549,44.018616,100.0,0,660.0
538008115,1715597674,-29.269899,44.023067,100.0,0,670.0
538008115,1715597687,-29.269667,44.023651,100.0,0,660.0
538008115,1715597694,-29.269518,44.024101,100.0,0,670.0
538008115,1715597814,-29.267332,44.030033,100.0,0,670.0
538008115,1715597924,-29.265284,44.035465,100.0,0,660.0
538008115,1715598055,-29.262867,44.041901,101.0,0,660.0
538008115,1715598069,-29.262667,44.042381,100.0,0,660.0
538008115,1715598134,-29.261368,44.045868,101.0,0,670.0
538008115,1715598467,-29.255234,44.062267,101.0,0,680.0
538008115,1715598566,-29.253532,44.067383,100.0,0,680.0
538008115,1715598626,-29.252567,44.070366,101.0,0,690.0
538008115,1715598734,-29.250717,44.075951,100.0,0,680.0
538008115,1715598786,-29.249884,44.078419,100.0,0,680.0
538008115,1715598875,-29.248333,44.083069,100.0,0,690.0
538008115,1715599059,-29.245333,44.092117,101.0,0,690.0
538008115,1715599163,-29.243584,44.097569,101.0,0,690.0
538008115,1715599243,-29.242201,44.101685,101.0,0,680.0
538008115,1715599331,-29.240749,44.105782,102.0,0,680.0
538008115,1715599334,-29.240583,44.106281,101.0,0,670.0
538008115,1715599357,-29.240217,44.1073,101.0,0,680.0
538008115,1715599457,-29.238449,44.112366,102.0,0,680.0
538008115,1715599492,-29.237734,44.114334,102.0,0,670.0
538008115,1715599612,-29.235451,44.1203,102.0,0,660.0
538008115,1715599732,-29.233101,44.126331,102.0,0,660.0
538008115,1715600055,-29.227083,44.142349,101.0,0,660.0
538008115,1715600205,-29.224283,44.149799,102.0,0,670.0
538008115,1715600337,-29.221832,44.156384,102.0,0,670.0
538008115,1715600374,-29.221117,44.158352,102.0,0,670.0
538008115,1715600625,-29.216516,44.171032,102.0,0,670.0
538008115,1715600666,-29.215816,44.172966,102.0,0,670.0
538008115,1715600760,-29.214216,44.17765,103.0,0,690.0
538008115,1715600837,-29.212883,44.181633,103.0,0,680.0
538008115,1715600996,-29.209949,44.189949,104.0,0,680.0
538008115,1715601102,-29.208,44.195469,103.0,0,680.0
538008115,1715601216,-29.205999,44.201069,103.0,0,670.0
538008115,1715601305,-29.20435,44.205616,104.0,0,670.0
538008115,1715601481,-29.201033,44.214699,102.0,0,670.0
538008115,1715601874,-29.193916,44.2342,101.0,0,660.0
538008115,1715601976,-29.192051,44.239265,101.0,0,670.0
538008115,1715602366,-29.1849,44.25845,100.0,0,660.0
538008115,1715602523,-29.182034,44.266182,100.0,0,670.0
538008115,1715602723,-29.178417,44.275917,100.0,0,640.0
538008115,1715602732,-29.178232,44.276402,99.0,0,650.0
538008115,1715602805,-29.176817,44.279781,98.0,0,640.0
538008115,1715602865,-29.17565,44.282635,98.0,0,650.0
538008115,1715603105,-29.171066,44.294033,98.0,0,650.0
538008115,1715603174,-29.16975,44.297432,98.0,0,660.0
538008115,1715603388,-29.165934,44.307549,99.0,0,660.0
538008115,1715603453,-29.164618,44.310932,99.0,0,660.0
538008115,1715603835,-29.157583,44.329334,98.0,0,660.0
538008115,1715604008,-29.154467,44.337502,98.0,0,660.0
538008115,1715604304,-29.148916,44.352001,99.0,0,660.0
538008115,1715604502,-29.145132,44.361752,100.0,0,650.0
538008115,1715604983,-29.13595,44.385216,100.0,0,670.0
538008115,1715604993,-29.135767,44.385715,100.0,0,670.0
538008115,1715605076,-29.134268,44.389767,100.0,0,660.0
538008115,1715605195,-29.132133,44.395649,100.0,0,670.0
538008115,1715605206,-29.131968,44.396133,100.0,0,670.0
538008115,1715605335,-29.129667,44.402534,100.0,0,670.0
538008115,1715605536,-29.126034,44.412533,100.0,0,670.0
538008115,1715605553,-29.125683,44.413448,100.0,0,670.0
538008115,1715605653,-29.123867,44.418449,100.0,0,670.0
538008115,1715605793,-29.121468,44.425316,100.0,0,680.0
538008115,1715605828,-29.120934,44.426785,99.0,0,670.0
538008115,1715605863,-29.120399,44.428284,99.0,0,670.0
538008115,1715605880,-29.12005,44.429298,99.0,0,670.0
538008115,1715605909,-29.119499,44.430767,99.0,0,670.0
538008115,1715606087,-29.116301,44.439701,100.0,0,670.0
538008115,1715606215,-29.113916,44.446167,99.0,0,670.0
538008115,1715606369,-29.111366,44.453499,100.0,0,670.0
538008115,1715606486,-29.109118,44.459381,99.0,0,660.0
538008115,1715606624,-29.106449,44.466251,98.0,0,660.0
538008115,1715606645,-29.106083,44.467216,99.0,0,660.0
538008115,1715606733,-29.104467,44.4715,98.0,0,660.0
538008115,1715606915,-29.101116,44.480282,97.0,0,660.0
538008115,1715606978,-29.10005,44.483067,97.0,0,660.0
538008115,1715607173,-29.096382,44.492649,97.0,0,660.0
538008115,1715607193,-29.096033,44.493618,98.0,0,660.0
538008115,1715607475,-29.090982,44.507,97.0,0,670.0
538008115,1715607765,-29.085684,44.520767,97.0,0,660.0
538008115,1715607873,-29.083668,44.526085,97.0,0,660.0
538008115,1715607924,-29.08275,44.528381,97.0,0,650.0
538008115,1715608144,-29.078667,44.539017,98.0,0,660.0
538008115,1715608384,-29.0741,44.550434,98.0,0,640.0
538008115,1715608483,-29.072201,44.555248,98.0,0,650.0
538008115,1715608554,-29.070868,44.558632,98.0,0,650.0
538008115,1715608674,-29.068649,44.564335,98.0,0,660.0
538008115,1715608843,-29.065367,44.572449,98.0,0,650.0
538008115,1715608883,-29.0646,44.574333,97.0,0,650.0
538008115,1715609063,-29.0611,44.582951,98.0,0,640.0
538008115,1715609153,-29.059366,44.587215,98.0,0,650.0
538008115,1715609205,-29.058416,44.589535,97.0,0,650.0
538008115,1715609357,-29.055468,44.596718,98.0,0,640.0
538008115,1715610176,-29.0403,44.635983,98.0,0,680.0
538008115,1715610228,-29.03945,44.638451,98.0,0,680.0
538008115,1715610255,-29.038967,44.639881,98.0,0,680.0
538008115,1715610268,-29.038767,44.640415,98.0,0,680.0
538008115,1715610512,-29.034683,44.652599,98.0,0,690.0
538008115,1715610696,-29.031601,44.661549,99.0,0,680.0
538008115,1715610754,-29.0306,44.664467,99.0,0,680.0
538008115,1715610844,-29.028999,44.668919,99.0,0,670.0
538008115,1715610926,-29.027634,44.672867,99.0,0,690.0
538008115,1715610946,-29.027317,44.673817,99.0,0,690.0
538008115,1715611055,-29.025417,44.679249,99.0,0,670.0
538008115,1715611157,-29.023518,44.684116,100.0,0,650.0
538008115,1715611174,-29.023132,44.685101,100.0,0,650.0
538008115,1715611315,-29.020367,44.691952,100.0,0,640.0
538008115,1715611357,-29.019567,44.693851,100.0,0,640.0
538008115,1715611388,-29.01895,44.695351,100.0,0,640.0
538008115,1715611446,-29.017733,44.69825,100.0,0,650.0
538008115,1715611466,-29.017332,44.699234,100.0,0,650.0
538008115,1715611625,-29.014482,44.707199,100.0,0,680.0
538008115,1715611755,-29.012199,44.713684,100.0,0,670.0
538008115,1715611795,-29.011499,44.715618,100.0,0,670.0
538008115,1715611994,-29.007999,44.725567,100.0,0,680.0
538008115,1715612115,-29.005882,44.731567,101.0,0,670.0
538008115,1715612507,-28.998817,44.751183,101.0,0,680.0
538008115,1715612567,-28.997801,44.754215,101.0,0,690.0
538008115,1715612674,-28.995934,44.759716,102.0,0,680.0
538008115,1715612855,-28.992468,44.7686,100.0,0,640.0
538008115,1715612953,-28.99045,44.773384,100.0,0,640.0
538008115,1715613073,-28.988068,44.779133,100.0,0,640.0
538008115,1715614045,-28.969334,44.826332,100.0,0,680.0
538008115,1715614235,-28.966133,44.835751,100.0,0,680.0
538008115,1715614264,-28.965616,44.837234,100.0,0,680.0
538008115,1715614385,-28.963533,44.843216,100.0,0,680.0
538008115,1715614417,-28.962999,44.844749,100.0,0,680.0
538008115,1715614626,-28.959351,44.855167,100.0,0,680.0
538008115,1715614705,-28.957983,44.859135,100.0,0,670.0
538008115,1715614835,-28.955584,44.865551,100.0,0,670.0
538008115,1715615073,-28.951082,44.877449,100.0,0,660.0
538008115,1715615103,-28.9505,44.878967,101.0,0,660.0
538008115,1715615123,-28.95015,44.879917,101.0,0,660.0
538008115,1715615214,-28.948483,44.884434,100.0,0,670.0
538008115,1715615224,-28.948317,44.884933,101.0,0,670.0
538008115,1715615375,-28.945534,44.892467,102.0,0,660.0
538008115,1715616235,-28.928267,44.935482,104.0,0,670.0
538008115,1715616307,-28.926933,44.939133,104.0,0,680.0
538008115,1715616383,-28.925449,44.943199,104.0,0,670.0
538008115,1715616468,-28.923918,44.947334,105.0,0,670.0
538008115,1715616475,-28.923717,44.947918,104.0,0,670.0
538008115,1715616545,-28.922367,44.951515,104.0,0,670.0
538008115,1715616655,-28.9203,44.957169,104.0,0,670.0
538008115,1715616797,-28.917667,44.964283,104.0,0,670.0
538008115,1715616834,-28.916901,44.966385,104.0,0,670.0
538008115,1715616913,-28.9154,44.970501,104.0,0,670.0
538008115,1715616974,-28.914232,44.973583,104.0,0,670.0
538008115,1715617107,-28.911766,44.980232,104.0,0,670.0
538008115,1715617132,-28.9112,44.9818,104.0,0,670.0
538008115,1715617163,-28.910618,44.983368,104.0,0,670.0
538008115,1715617436,-28.905416,44.997215,104.0,0,670.0
538008115,1715617625,-28.901667,45.00705,105.0,0,660.0
538008115,1715617634,-28.901484,45.007519,104.0,0,660.0
538008115,1715617754,-28.899151,45.013618,105.0,0,660.0
538008115,1715618004,-28.894382,45.02655,104.0,0,660.0
538008115,1715618113,-28.8923,45.032215,104.0,0,670.0
538008115,1715618143,-28.891733,45.033768,104.0,0,670.0
538008115,1715618223,-28.890368,45.037468,104.0,0,670.0
538008115,1715618484,-28.885366,45.05125,104.0,0,670.0
538008115,1715618574,-28.88365,45.056,104.0,0,670.0
538008115,1715618713,-28.881018,45.063133,104.0,0,670.0
538008115,1715618874,-28.878,45.07135,104.0,0,670.0
538008115,1715619243,-28.871233,45.090282,103.0,0,670.0
538008115,1715619413,-28.868151,45.098885,104.0,0,670.0
538008115,1715619425,-28.867933,45.099499,104.0,0,670.0
538008115,1715619955,-28.858,45.126266,102.0,0,650.0
538008115,1715620013,-28.856817,45.129269,103.0,0,660.0
538008115,1715620400,-28.849199,45.148384,103.0,0,650.0
538008115,1715620623,-28.844433,45.159901,104.0,0,640.0
538008115,1715620783,-28.841118,45.167767,103.0,0,650.0
538008115,1715620876,-28.839333,45.172333,102.0,0,660.0
538008115,1715621071,-28.835583,45.18235,102.0,0,660.0
538008115,1715621146,-28.834232,45.185932,102.0,0,670.0
538008115,1715621234,-28.832518,45.190449,101.0,0,660.0
538008115,1715621383,-28.829651,45.197849,102.0,0,660.0
538008115,1715621625,-28.825132,45.20985,101.0,0,670.0
538008115,1715621910,-28.819782,45.224316,102.0,0,670.0
538008115,1715622111,-28.816116,45.234383,102.0,0,680.0
538008115,1715622254,-28.813618,45.241451,102.0,0,680.0
538008115,1715622325,-28.812332,45.245068,102.0,0,680.0
538008115,1715622401,-28.8111,45.248516,102.0,0,670.0
538008115,1715622874,-28.802317,45.272682,103.0,0,640.0
538008115,1715622905,-28.801701,45.274181,102.0,0,650.0
538008115,1715622922,-28.80135,45.275051,102.0,0,640.0
538008115,1715623055,-28.798733,45.281418,103.0,0,650.0
538008115,1715623175,-28.796301,45.28735,102.0,0,650.0
538008115,1715623235,-28.795134,45.290367,102.0,0,660.0
538008115,1715623354,-28.79295,45.296383,103.0,0,670.0
538008115,1715623402,-28.792,45.298931,103.0,0,670.0
538008115,1715623512,-28.789949,45.304451,103.0,0,660.0
538008115,1715623523,-28.789734,45.304951,103.0,0,660.0
538008115,1715623744,-28.785467,45.315884,101.0,0,650.0
538008115,1715623829,-28.783867,45.319901,101.0,0,650.0
538008115,1715624476,-28.771133,45.352116,102.0,0,640.0
538008115,1715624655,-28.767633,45.36105,103.0,0,660.0
538008115,1715624826,-28.764467,45.369751,104.0,0,670.0
538008115,1715624886,-28.76335,45.372849,103.0,0,670.0
538008115,1715625015,-28.761049,45.379482,105.0,0,680.0
538008115,1715625114,-28.759167,45.384632,105.0,0,660.0
538008115,1715625683,-28.748301,45.414082,105.0,0,670.0
538008115,1715625712,-28.747732,45.415565,105.0,0,660.0
538008115,1715625943,-28.743282,45.427502,105.0,0,670.0
538008115,1715626016,-28.741966,45.431049,104.0,0,670.0
538008115,1715626063,-28.741051,45.433567,105.0,0,670.0
538008115,1715626233,-28.737833,45.442383,105.0,0,670.0
538008115,1715626306,-28.736567,45.445999,105.0,0,680.0
538008115,1715626533,-28.732218,45.457851,105.0,0,670.0
538008115,1715626545,-28.732018,45.458366,105.0,0,670.0
538008115,1715626664,-28.729799,45.4645,105.0,0,670.0
538008115,1715626729,-28.728666,45.467651,105.0,0,670.0
538008115,1715626764,-28.7279,45.469715,105.0,0,680.0
538008115,1715626766,-28.7279,45.469715,105.0,0,680.0
538008115,1715626783,-28.727533,45.470749,105.0,0,670.0
538008115,1715626894,-28.725517,45.476398,105.0,0,670.0
538008115,1715627092,-28.721518,45.486584,105.0,0,650.0
538008115,1715627164,-28.720118,45.49015,105.0,0,660.0
538008115,1715627233,-28.718718,45.493782,105.0,0,660.0
538008115,1715627242,-28.71855,45.494251,105.0,0,660.0
538008115,1715627272,-28.717983,45.495716,105.0,0,660.0
538008115,1715627293,-28.717533,45.496899,105.0,0,660.0
538008115,1715627302,-28.71735,45.497349,105.0,0,660.0
538008115,1715627304,-28.71735,45.497349,105.0,0,660.0
538008115,1715627321,-28.716984,45.498333,105.0,0,660.0
538008115,1715627322,-28.716984,45.498333,105.0,0,660.0
538008115,1715627331,-28.716784,45.498833,105.0,0,660.0
538008115,1715627353,-28.716383,45.499901,105.0,0,660.0
538008115,1715627362,-28.7162,45.500351,105.0,0,660.0
538008115,1715627382,-28.715816,45.501385,105.0,0,660.0
538008115,1715627432,-28.7148,45.504017,105.0,0,660.0
538008115,1715627442,-28.714617,45.504532,105.0,0,660.0
538008115,1715627462,-28.714251,45.505501,105.0,0,660.0
538008115,1715627473,-28.714018,45.506119,105.0,0,660.0
538008115,1715627492,-28.71365,45.507099,105.0,0,660.0
538008115,1715627533,-28.712883,45.509151,105.0,0,660.0
538008115,1715627554,-28.7125,45.510117,105.0,0,660.0
538008115,1715627562,-28.712317,45.510632,106.0,0,660.0
538008115,1715627611,-28.711317,45.513184,106.0,0,660.0
538008115,1715627632,-28.710882,45.514252,106.0,0,650.0
538008115,1715627641,-28.710699,45.514717,105.0,0,660.0
538008115,1715627653,-28.710466,45.515266,104.0,0,650.0
538008115,1715627671,-28.710083,45.516232,105.0,0,650.0
538008115,1715627713,-28.709267,45.518333,105.0,0,650.0
538008115,1715627782,-28.707832,45.521881,105.0,0,650.0
538008115,1715627791,-28.707649,45.522331,106.0,0,650.0
538008115,1715627842,-28.70665,45.524883,106.0,0,660.0
538008115,1715627843,-28.70665,45.524883,106.0,0,660.0
538008115,1715627884,-28.705816,45.527016,106.0,0,660.0
538008115,1715627904,-28.705418,45.528069,105.0,0,660.0
538008115,1715628169,-28.700317,45.541485,106.0,0,670.0
538008115,1715628230,-28.699183,45.544632,106.0,0,670.0
538008115,1715628304,-28.697733,45.548866,106.0,0,680.0
538008115,1715628716,-28.68965,45.570168,106.0,0,650.0
538008115,1715629185,-28.679983,45.594284,106.0,0,650.0
538008115,1715629425,-28.674982,45.606766,106.0,0,650.0
538008115,1715629735,-28.668682,45.622818,107.0,0,650.0
538008115,1715629905,-28.665182,45.631748,107.0,0,650.0
538008115,1715630015,-28.662901,45.637566,108.0,0,660.0
538008115,1715630243,-28.658367,45.649616,108.0,0,670.0
538008115,1715630283,-28.6576,45.651749,108.0,0,670.0
538008115,1715630373,-28.655832,45.656551,109.0,0,670.0
538008115,1715630436,-28.654699,45.659683,109.0,0,670.0
538008115,1715630705,-28.6495,45.674099,108.0,0,680.0
538008115,1715630763,-28.648367,45.677284,108.0,0,680.0
538008115,1715630785,-28.647966,45.678417,108.0,0,680.0
538008115,1715630865,-28.6465,45.682549,107.0,0,680.0
538008115,1715630909,-28.645718,45.684616,107.0,0,660.0
538008115,1715631135,-28.641083,45.696667,108.0,0,660.0
538008115,1715631216,-28.639517,45.700916,108.0,0,670.0
538008115,1715631425,-28.635418,45.711849,107.0,0,650.0
538008115,1715631435,-28.635218,45.712368,107.0,0,660.0
538008115,1715631576,-28.632401,45.71965,107.0,0,660.0
538008115,1715631683,-28.630199,45.725349,107.0,0,660.0
538008115,1715631803,-28.627817,45.731483,107.0,0,660.0
538008115,1715631824,-28.627382,45.732567,107.0,0,650.0
538008115,1715631863,-28.626551,45.734634,107.0,0,650.0
538008115,1715631874,-28.626333,45.735199,107.0,0,650.0
538008115,1715631994,-28.623867,45.741402,107.0,0,660.0
538008115,1715632148,-28.6208,45.749119,107.0,0,650.0
538008115,1715632254,-28.618549,45.7547,107.0,0,650.0
538008115,1715632403,-28.615601,45.762348,107.0,0,650.0
538008115,1715632412,-28.6154,45.762867,107.0,0,660.0
538008115,1715632440,-28.61495,45.764,107.0,0,660.0
538008115,1715632583,-28.611982,45.771667,106.0,0,670.0
538008115,1715632712,-28.609467,45.778267,106.0,0,670.0
538008115,1715632963,-28.604868,45.791183,105.0,0,680.0
538008115,1715632991,-28.6043,45.792767,105.0,0,670.0
538008115,1715633028,-28.60375,45.794266,106.0,0,670.0
538008115,1715633041,-28.603333,45.795383,105.0,0,670.0
538008115,1715633061,-28.603001,45.796368,105.0,0,680.0
538008115,1715633093,-28.602432,45.797916,105.0,0,670.0
538008115,1715633142,-28.601566,45.800468,106.0,0,680.0
538008115,1715633221,-28.600117,45.804649,105.0,0,680.0
538008115,1715633324,-28.598333,45.809898,105.0,0,690.0
538008115,1715633434,-28.596451,45.815582,105.0,0,690.0
538008115,1715633506,-28.595234,45.819332,106.0,0,690.0
538008115,1715633628,-28.593184,45.825535,106.0,0,680.0
538008115,1715633807,-28.589933,45.834751,105.0,0,670.0
538008115,1715633824,-28.5895,45.835884,105.0,0,660.0
538008115,1715633958,-28.586933,45.842518,106.0,0,660.0
538008115,1715634094,-28.584183,45.849667,106.0,0,660.0
538008115,1715634193,-28.582251,45.854801,106.0,0,660.0
538008115,1715634533,-28.575451,45.872185,106.0,0,660.0
538008115,1715634715,-28.572001,45.881351,105.0,0,660.0
538008115,1715634875,-28.568768,45.889519,105.0,0,660.0
538008115,1715635005,-28.566233,45.896168,105.0,0,660.0
538008115,1715635255,-28.56135,45.908798,104.0,0,650.0
538008115,1715635465,-28.5571,45.919334,105.0,0,650.0
538008115,1715635605,-28.554199,45.926434,105.0,0,650.0
538008115,1715635785,-28.5506,45.935482,105.0,0,650.0
538008115,1715635846,-28.5494,45.938519,105.0,0,650.0
538008115,1715636094,-28.544483,45.951283,105.0,0,660.0
538008115,1715636112,-28.544117,45.952232,105.0,0,660.0
538008115,1715636172,-28.54295,45.955299,105.0,0,660.0
538008115,1715636173,-28.54295,45.955299,105.0,0,660.0
538008115,1715636224,-28.541933,45.957901,105.0,0,650.0
538008115,1715636247,-28.541567,45.958916,105.0,0,660.0
538008115,1715636257,-28.541367,45.959415,105.0,0,660.0
538008115,1715636484,-28.536934,45.971134,105.0,0,660.0
538008115,1715636925,-28.528482,45.993668,105.0,0,660.0
538008115,1715637233,-28.522551,46.009434,105.0,0,670.0
538008115,1715637291,-28.521418,46.012585,105.0,0,670.0
538008115,1715637534,-28.516951,46.024918,106.0,0,680.0
538008115,1715637766,-28.512533,46.036884,106.0,0,670.0
538008115,1715637877,-28.510433,46.0425,106.0,0,670.0
538008115,1715637933,-28.509333,46.045601,106.0,0,680.0
538008115,1715638104,-28.506083,46.054501,106.0,0,670.0
538008115,1715638201,-28.504368,46.0592,107.0,0,670.0
538008115,1715638299,-28.50255,46.064301,107.0,0,670.0
538008115,1715638332,-28.501751,46.066502,107.0,0,670.0
538008115,1715638412,-28.500183,46.070618,107.0,0,660.0
538008115,1715638480,-28.498949,46.073784,107.0,0,660.0
538008115,1715638505,-28.498333,46.075401,107.0,0,660.0
538008115,1715638562,-28.497168,46.078449,107.0,0,660.0
538008115,1715638716,-28.4942,46.086231,107.0,0,660.0
538008115,1715638898,-28.490601,46.095551,107.0,0,660.0
538008115,1715639031,-28.4879,46.102165,107.0,0,640.0
538008115,1715639091,-28.48665,46.105282,105.0,0,650.0
538008115,1715639123,-28.485849,46.10725,106.0,0,640.0
538008115,1715639563,-28.477182,46.129566,105.0,0,650.0
538008115,1715639735,-28.473801,46.138184,104.0,0,660.0
538008115,1715640294,-28.462851,46.166016,102.0,0,660.0
538008115,1715640508,-28.458918,46.176498,101.0,0,660.0
538008115,1715640566,-28.457783,46.179466,101.0,0,670.0
538008115,1715640924,-28.451099,46.197285,100.0,0,680.0
538008115,1715641163,-28.446899,46.209068,100.0,0,670.0
538008115,1715641200,-28.44635,46.210651,100.0,0,670.0
538008115,1715641291,-28.444683,46.215431,100.0,0,680.0
538008115,1715641665,-28.438084,46.233685,101.0,0,660.0
538008115,1715641756,-28.436382,46.237999,100.0,0,650.0
538008115,1715641796,-28.4356,46.239983,99.0,0,650.0
538008115,1715641894,-28.433733,46.244781,100.0,0,660.0
538008115,1715642165,-28.428633,46.257866,101.0,0,650.0
538008115,1715642213,-28.427668,46.26025,101.0,0,650.0
538008115,1715642351,-28.4249,46.267017,100.0,0,650.0
538008115,1715642453,-28.422951,46.271984,100.0,0,650.0
538008115,1715642541,-28.421217,46.276268,100.0,0,640.0
538008115,1715642795,-28.416451,46.288517,101.0,0,660.0
538008115,1715643015,-28.412268,46.299366,102.0,0,660.0
538008115,1715643137,-28.409967,46.305168,102.0,0,650.0
538008115,1715643393,-28.405149,46.317932,101.0,0,670.0
538008115,1715643497,-28.403267,46.322868,101.0,0,660.0
538008115,1715644132,-28.391399,46.353802,100.0,0,650.0
538008115,1715644375,-28.387966,46.362534,99.0,0,660.0
538008115,1715644695,-28.380817,46.380699,98.0,0,660.0
538008115,1715645165,-28.371717,46.402882,98.0,0,640.0
538008115,1715645638,-28.3638,46.4254,97.0,0,710.0
538008115,1715645793,-28.361517,46.433167,96.0,0,710.0
538008115,1715645863,-28.360468,46.4366,96.0,0,700.0
538008115,1715646148,-28.356684,46.449982,94.0,0,710.0
538008115,1715646196,-28.35605,46.452332,94.0,0,720.0
538008115,1715646229,-28.3556,46.453716,93.0,0,700.0
538008115,1715646295,-28.35445,46.456882,93.0,0,660.0
538008115,1715646536,-28.350317,46.467602,91.0,0,660.0
538008115,1715646796,-28.346149,46.479382,92.0,0,680.0
538008115,1715647155,-28.340584,46.495548,93.0,0,690.0
538008115,1715647182,-28.340151,46.496883,92.0,0,690.0
538008115,1715647373,-28.336918,46.505318,92.0,0,660.0
538008115,1715647461,-28.335318,46.509232,92.0,0,650.0
538008115,1715647701,-28.330999,46.52,94.0,0,650.0
538008115,1715647722,-28.330618,46.520931,94.0,0,650.0
538008115,1715647853,-28.328217,46.526768,94.0,0,650.0
538008115,1715647943,-28.326616,46.53075,95.0,0,650.0
538008115,1715648012,-28.3253,46.534035,95.0,0,650.0
538008115,1715648195,-28.322067,46.542267,95.0,0,660.0
538008115,1715648272,-28.32065,46.545898,95.0,0,650.0
538008115,1715648282,-28.320482,46.546318,95.0,0,660.0
538008115,1715648313,-28.319901,46.547733,95.0,0,650.0
538008115,1715648355,-28.319134,46.549583,95.0,0,640.0
538008115,1715648398,-28.319901,46.547733,95.0,0,650.0
538008115,1715648543,-28.315533,46.558201,96.0,0,640.0
538008115,1715648895,-28.309017,46.57415,96.0,0,640.0
538008115,1715648944,-28.30805,46.576466,96.0,0,650.0
538008115,1715649033,-28.306351,46.580482,96.0,0,630.0
538008115,1715649095,-28.305117,46.583248,96.0,0,620.0
538008115,1715649236,-28.302467,46.589699,96.0,0,660.0
538008115,1715649353,-28.300467,46.595234,95.0,0,680.0
538008115,1715649574,-28.296682,46.605385,95.0,0,670.0
538008115,1715649873,-28.291317,46.619183,95.0,0,660.0
538008115,1715650383,-28.282084,46.642483,94.0,0,660.0
538008115,1715650433,-28.281166,46.644783,94.0,0,660.0
538008115,1715650483,-28.280268,46.647083,94.0,0,650.0
538008115,1715650547,-28.2792,46.649769,94.0,0,650.0
538008115,1715650596,-28.278299,46.652035,94.0,0,660.0
538008115,1715650725,-28.275883,46.658031,94.0,0,650.0
538008115,1715650871,-28.273149,46.664783,95.0,0,640.0
538008115,1715650974,-28.271267,46.669384,94.0,0,640.0
538008115,1715651037,-28.270166,46.672115,95.0,0,660.0
538008115,1715651634,-28.2593,46.699417,94.0,0,680.0
538008115,1715652112,-28.251383,46.721516,94.0,0,680.0
538008115,1715652335,-28.247534,46.731567,94.0,0,660.0
538008115,1715652504,-28.244516,46.739349,94.0,0,650.0
538008115,1715652632,-28.242184,46.745232,93.0,0,650.0
538008115,1715652815,-28.239166,46.753483,94.0,0,690.0
538008115,1715652824,-28.239,46.753883,93.0,0,670.0
538008115,1715652915,-28.237568,46.758068,93.0,0,690.0
538008115,1715653055,-28.235399,46.764584,93.0,0,680.0
538008115,1715653085,-28.234966,46.765984,93.0,0,690.0
538008115,1715653182,-28.233383,46.77055,93.0,0,690.0
538008115,1715653793,-28.223499,46.799084,95.0,0,690.0
538008115,1715653944,-28.221117,46.806084,95.0,0,700.0
538008115,1715654023,-28.2199,46.809799,95.0,0,690.0
538008115,1715654103,-28.2187,46.813599,95.0,0,700.0
538008115,1715654302,-28.215599,46.823032,95.0,0,690.0
538008115,1715654472,-28.2129,46.831081,96.0,0,680.0
538008115,1715654593,-28.210632,46.836617,96.0,0,640.0
538008115,1715654631,-28.20985,46.838383,96.0,0,630.0
538008115,1715654715,-28.208183,46.842133,96.0,0,620.0
538008115,1715654858,-28.205351,46.848518,97.0,0,630.0
538008115,1715654875,-28.20495,46.849384,96.0,0,630.0
538008115,1715655074,-28.201,46.858582,97.0,0,630.0
538008115,1715655087,-28.200817,46.859001,97.0,0,630.0
538008115,1715655133,-28.199766,46.861317,97.0,0,630.0
538008115,1715655215,-28.198168,46.865002,97.0,0,630.0
538008115,1715655715,-28.188,46.888016,96.0,0,630.0
538008115,1715656132,-28.179483,46.907185,96.0,0,640.0
538008115,1715656513,-28.171801,46.924969,98.0,0,630.0
538008115,1715656655,-28.169317,46.931667,97.0,0,670.0
538008115,1715656775,-28.167368,46.93745,98.0,0,690.0
538008115,1715657075,-28.162434,46.951935,98.0,0,690.0
538008115,1715657377,-28.157482,46.9664,97.0,0,690.0
538008115,1715657437,-28.156567,46.969299,97.0,0,700.0
538008115,1715657567,-28.154533,46.975533,98.0,0,700.0
538008115,1715657872,-28.149418,46.990551,97.0,0,680.0
538008115,1715657883,-28.149282,46.990982,97.0,0,690.0
538008115,1715658244,-28.1436,47.008518,97.0,0,690.0
538008115,1715658373,-28.141466,47.014767,98.0,0,680.0
538008115,1715658483,-28.139532,47.020119,98.0,0,670.0
538008115,1715658937,-28.131733,47.041866,98.0,0,660.0
538008115,1715659536,-28.120783,47.070534,97.0,0,660.0
538008115,1715659610,-28.119534,47.073818,98.0,0,670.0
538008115,1715660045,-28.111267,47.094734,98.0,0,660.0
538008115,1715660203,-28.108299,47.102383,98.0,0,660.0
538008115,1715660663,-28.099617,47.124218,98.0,0,640.0
538008115,1715660903,-28.0951,47.135532,96.0,0,650.0
538008115,1715660963,-28.094049,47.138317,96.0,0,660.0
538008115,1715660993,-28.093483,47.139832,96.0,0,670.0
538008115,1715661053,-28.0924,47.142616,97.0,0,660.0
538008115,1715661083,-28.091867,47.144032,96.0,0,670.0
538008115,1715661233,-28.089251,47.151134,97.0,0,670.0
538008115,1715661441,-28.085649,47.160568,96.0,0,660.0
538008115,1715661524,-28.083982,47.164799,96.0,0,640.0
538008115,1715661586,-28.082884,47.167599,96.0,0,650.0
538008115,1715661704,-28.080767,47.173183,96.0,0,660.0
538008115,1715661783,-28.079332,47.177052,96.0,0,670.0
538008115,1715661866,-28.077984,47.180698,96.0,0,670.0
538008115,1715662083,-28.074066,47.191002,96.0,0,660.0
538008115,1715662386,-28.0688,47.205032,95.0,0,660.0
538008115,1715662773,-28.06205,47.223,95.0,0,660.0
538008115,1715662843,-28.060734,47.226318,95.0,0,650.0
538008115,1715662964,-28.05855,47.231834,95.0,0,660.0
538008115,1715663103,-28.056032,47.238281,96.0,0,660.0
538008115,1715663188,-28.054567,47.242065,96.0,0,660.0
538008115,1715663273,-28.052982,47.246265,96.0,0,670.0
538008115,1715663332,-28.051968,47.2491,97.0,0,680.0
538008115,1715663616,-28.047001,47.262402,98.0,0,680.0
538008115,1715663652,-28.046316,47.264332,97.0,0,670.0
538008115,1715663677,-28.045967,47.265301,97.0,0,680.0
538008115,1715663685,-28.045799,47.2658,98.0,0,690.0
538008115,1715663873,-28.042418,47.275051,99.0,0,670.0
538008115,1715664035,-28.039667,47.282833,100.0,0,670.0
538008115,1715664309,-28.03455,47.296017,100.0,0,660.0
538008115,1715664424,-28.032333,47.301849,101.0,0,650.0
538008115,1715664545,-28.029917,47.307549,99.0,0,630.0
538008115,1715664688,-28.027134,47.314217,100.0,0,660.0
538008115,1715664742,-28.026051,47.317051,99.0,0,670.0
538008115,1715664810,-28.024799,47.320518,99.0,0,660.0
538008115,1715664831,-28.024433,47.321533,99.0,0,670.0
538008115,1715664840,-28.024267,47.321968,99.0,0,680.0
538008115,1715664841,-28.024267,47.321968,99.0,0,680.0
538008115,1715664870,-28.023718,47.323399,99.0,0,670.0
538008115,1715664871,-28.023718,47.323399,99.0,0,670.0
538008115,1715664881,-28.02355,47.323883,99.0,0,660.0
538008115,1715664900,-28.023199,47.324799,98.0,0,670.0
538008115,1715664911,-28.022984,47.325382,99.0,0,660.0
538008115,1715664913,-28.022984,47.325382,99.0,0,660.0
538008115,1715664920,-28.02285,47.325783,98.0,0,670.0
538008115,1715664951,-28.022284,47.327332,99.0,0,680.0
538008115,1715664971,-28.021933,47.3283,99.0,0,670.0
538008115,1715664972,-28.021933,47.3283,99.0,0,670.0
538008115,1715664990,-28.021566,47.329201,99.0,0,660.0
538008115,1715665001,-28.021366,47.329735,98.0,0,660.0
538008115,1715665011,-28.021183,47.330215,98.0,0,670.0
538008115,1715665012,-28.021183,47.330215,98.0,0,670.0
538008115,1715665020,-28.021017,47.330631,98.0,0,660.0
538008115,1715665021,-28.021017,47.330631,98.0,0,660.0
538008115,1715665031,-28.020832,47.331165,98.0,0,660.0
538008115,1715665041,-28.020634,47.33165,98.0,0,660.0
538008115,1715665042,-28.020634,47.33165,98.0,0,660.0
538008115,1715665061,-28.020283,47.33255,98.0,0,650.0
538008115,1715665071,-28.020082,47.333084,99.0,0,660.0
538008115,1715665072,-28.020082,47.333084,99.0,0,660.0
538008115,1715665091,-28.019733,47.334034,97.0,0,660.0
538008115,1715665111,-28.01935,47.334969,97.0,0,660.0
538008115,1715665131,-28.018984,47.335918,97.0,0,650.0
538008115,1715665181,-28.018118,47.338249,97.0,0,670.0
538008115,1715665190,-28.017933,47.338684,97.0,0,670.0
538008115,1715665191,-28.017933,47.338684,97.0,0,670.0
538008115,1715665200,-28.01775,47.339184,97.0,0,660.0
538008115,1715665201,-28.01775,47.339184,97.0,0,660.0
538008115,1715665241,-28.017017,47.341148,97.0,0,670.0
538008115,1715665250,-28.016832,47.341568,97.0,0,660.0
538008115,1715665260,-28.016666,47.342049,98.0,0,660.0
538008115,1715665261,-28.016666,47.342049,98.0,0,660.0
538008115,1715665271,-28.016466,47.342567,97.0,0,660.0
538008115,1715665281,-28.016283,47.343048,97.0,0,670.0
538008115,1715665291,-28.0161,47.343449,97.0,0,650.0
538008115,1715665310,-28.015783,47.344368,97.0,0,670.0
538008115,1715665311,-28.015783,47.344368,97.0,0,670.0
538008115,1715665441,-28.013582,47.350067,97.0,0,660.0
538008115,1715665493,-28.012432,47.352833,96.0,0,650.0
538008115,1715665635,-28.009768,47.359482,97.0,0,640.0
538008115,1715665773,-28.007168,47.366032,98.0,0,660.0
538008115,1715665812,-28.006416,47.367882,98.0,0,650.0
538008115,1715666174,-27.999483,47.384834,97.0,0,630.0
538008115,1715666305,-27.997116,47.390984,97.0,0,660.0
538008115,1715666864,-27.987467,47.41745,97.0,0,680.0
538008115,1715667304,-27.980083,47.438484,97.0,0,670.0
538008115,1715667563,-27.975599,47.450748,97.0,0,670.0
538008115,1715667914,-27.969267,47.467384,97.0,0,670.0
538008115,1715668002,-27.967733,47.471584,97.0,0,670.0
538008115,1715668124,-27.965584,47.477219,96.0,0,670.0
538008115,1715668419,-27.9604,47.490917,97.0,0,680.0
538008115,1715668489,-27.959217,47.494232,96.0,0,680.0
538008115,1715668612,-27.956966,47.500317,96.0,0,670.0
538008115,1715668675,-27.9559,47.503132,97.0,0,670.0
538008115,1715668847,-27.95285,47.51115,97.0,0,660.0
538008115,1715668915,-27.95155,47.514435,97.0,0,650.0
538008115,1715668941,-27.951166,47.51535,96.0,0,650.0
538008115,1715669128,-27.947933,47.524334,95.0,0,680.0
538008115,1715669137,-27.947718,47.524784,95.0,0,660.0
538008115,1715669233,-27.945932,47.529366,95.0,0,650.0
538008115,1715669452,-27.9417,47.539452,95.0,0,650.0
538008115,1715669521,-27.940567,47.542198,95.0,0,640.0
538008115,1715669617,-27.9387,47.546783,95.0,0,660.0
538008115,1715669679,-27.937651,47.5495,95.0,0,660.0
538008115,1715669790,-27.935682,47.5546,95.0,0,680.0
538008115,1715669853,-27.934483,47.557716,94.0,0,670.0
538008115,1715669973,-27.932249,47.563267,95.0,0,650.0
538008115,1715670013,-27.931499,47.565117,95.0,0,650.0
538008115,1715670132,-27.929317,47.570667,95.0,0,660.0
538008115,1715670282,-27.926617,47.577702,95.0,0,660.0
538008115,1715670291,-27.926434,47.578152,95.0,0,660.0
538008115,1715670292,-27.926434,47.578152,95.0,0,660.0
538008115,1715670310,-27.9261,47.579048,95.0,0,660.0
538008115,1715670311,-27.9261,47.579048,95.0,0,660.0
538008115,1715670313,-27.9261,47.579048,95.0,0,660.0
538008115,1715670321,-27.9259,47.579552,96.0,0,650.0
538008115,1715670322,-27.9259,47.579552,96.0,0,650.0
538008115,1715670342,-27.92555,47.580482,95.0,0,660.0
538008115,1715670351,-27.925367,47.580898,95.0,0,660.0
538008115,1715670392,-27.924633,47.582802,95.0,0,650.0
538008115,1715670402,-27.924433,47.583317,96.0,0,660.0
538008115,1715670452,-27.923567,47.585583,96.0,0,670.0
538008115,1715670462,-27.923367,47.586048,95.0,0,660.0
538008115,1715670471,-27.923201,47.586483,96.0,0,650.0
538008115,1715670481,-27.923018,47.586933,94.0,0,650.0
538008115,1715670520,-27.9223,47.588768,94.0,0,650.0
538008115,1715670521,-27.9223,47.588768,94.0,0,650.0
538008115,1715670581,-27.921249,47.591518,93.0,0,660.0
538008115,1715670583,-27.921249,47.591518,93.0,0,660.0
538008115,1715670591,-27.921101,47.591984,94.0,0,660.0
538008115,1715670601,-27.920933,47.592449,94.0,0,690.0
538008115,1715670611,-27.920767,47.592884,93.0,0,670.0
538008115,1715670641,-27.9203,47.594234,93.0,0,680.0
538008115,1715670645,-27.9203,47.594234,93.0,0,680.0
538008115,1715670651,-27.920116,47.5947,93.0,0,680.0
538008115,1715670661,-27.91995,47.5952,93.0,0,670.0
538008115,1715670721,-27.918917,47.598,94.0,0,680.0
538008115,1715670731,-27.918768,47.598415,93.0,0,670.0
538008115,1715670761,-27.918249,47.599785,94.0,0,660.0
538008115,1715670764,-27.918249,47.599785,94.0,0,660.0
538008115,1715670781,-27.917933,47.6007,93.0,0,680.0
538008115,1715670821,-27.9172,47.602531,93.0,0,660.0
538008115,1715670862,-27.9165,47.604416,93.0,0,670.0
538008115,1715670900,-27.915899,47.606152,92.0,0,680.0
538008115,1715671005,-27.914133,47.610802,91.0,0,660.0
538008115,1715671642,-27.903334,47.639034,90.0,0,670.0
538008115,1715671866,-27.899584,47.648701,90.0,0,650.0
538008115,1715671895,-27.899067,47.650066,91.0,0,660.0
538008115,1715672005,-27.897249,47.654934,91.0,0,680.0
538008115,1715672864,-27.882883,47.692902,91.0,0,680.0
538008115,1715672886,-27.882532,47.693768,91.0,0,660.0
538008115,1715672996,-27.880617,47.69865,91.0,0,650.0
538008115,1715673117,-27.878616,47.704082,91.0,0,680.0
538008115,1715673356,-27.874634,47.714851,92.0,0,670.0
538008115,1715673926,-27.865084,47.740383,91.0,0,650.0
538008115,1715673946,-27.864733,47.741318,91.0,0,660.0
538008115,1715674225,-27.860283,47.7537,90.0,0,680.0
538008115,1715674392,-27.857616,47.761234,90.0,0,690.0
538008115,1715674449,-27.856817,47.7635,90.0,0,670.0
538008115,1715674552,-27.855133,47.768349,90.0,0,670.0
538008115,1715674633,-27.853916,47.771915,90.0,0,690.0
538008115,1715675196,-27.844049,47.796368,90.0,0,640.0
538008115,1715675334,-27.841566,47.802418,90.0,0,650.0
538008115,1715675405,-27.840267,47.805569,90.0,0,640.0
538008115,1715675441,-27.839567,47.807201,91.0,0,640.0
538008115,1715675472,-27.839001,47.808567,91.0,0,640.0
538008115,1715675555,-27.837549,47.812084,91.0,0,650.0
538008115,1715675684,-27.83535,47.817833,91.0,0,660.0
538008115,1715675764,-27.834,47.821419,91.0,0,650.0
538008115,1715675777,-27.833834,47.821934,92.0,0,680.0
538008115,1715675856,-27.832399,47.825432,92.0,0,650.0
538008115,1715675915,-27.831284,47.828182,93.0,0,640.0
538008115,1715676131,-27.827333,47.838032,93.0,0,660.0
538008115,1715676356,-27.823282,47.847916,94.0,0,650.0
538008115,1715676468,-27.821199,47.852818,93.0,0,640.0
538008115,1715676481,-27.820999,47.853268,93.0,0,640.0
538008115,1715676672,-27.817417,47.862267,94.0,0,650.0
538008115,1715676684,-27.817217,47.862751,94.0,0,650.0
538008115,1715676812,-27.815367,47.867332,94.0,0,650.0
538008115,1715676828,-27.814684,47.869083,94.0,0,650.0
538008115,1715677001,-27.811632,47.876667,93.0,0,660.0
538008115,1715677058,-27.810516,47.879383,93.0,0,650.0
538008115,1715677174,-27.808367,47.884731,91.0,0,650.0
538008115,1715677214,-27.8076,47.886482,91.0,0,640.0
538008115,1715677304,-27.806017,47.890415,90.0,0,660.0
538008115,1715677434,-27.803766,47.896099,90.0,0,650.0
538008115,1715677554,-27.801567,47.901283,90.0,0,630.0
538008115,1715677817,-27.796883,47.912518,90.0,0,640.0
538008115,1715677884,-27.795633,47.915531,91.0,0,650.0
538008115,1715677944,-27.79455,47.918217,91.0,0,650.0
538008115,1715678061,-27.79245,47.92345,91.0,0,640.0
538008115,1715678092,-27.791918,47.924816,91.0,0,650.0
538008115,1715678209,-27.789766,47.929649,92.0,0,630.0
538008115,1715678282,-27.788267,47.933067,92.0,0,630.0
538008115,1715678352,-27.786917,47.936066,92.0,0,630.0
538008115,1715678637,-27.781883,47.948517,91.0,0,680.0
538008115,1715678749,-27.78005,47.953419,91.0,0,660.0
538008115,1715678987,-27.776068,47.96405,91.0,0,680.0
538008115,1715679077,-27.774651,47.968082,91.0,0,680.0
538008115,1715679215,-27.772367,47.9743,92.0,0,670.0
538008115,1715679223,-27.772182,47.974751,92.0,0,660.0
538008115,1715679354,-27.769966,47.980598,92.0,0,650.0
538008115,1715679464,-27.768066,47.985535,92.0,0,670.0
538008115,1715679527,-27.767099,47.988251,92.0,0,690.0
538008115,1715679638,-27.765383,47.993168,92.0,0,690.0
538008115,1715679796,-27.7628,48.000366,92.0,0,680.0
538008115,1715679836,-27.762117,48.002151,93.0,0,670.0
538008115,1715680226,-27.755516,48.019932,93.0,0,670.0
538008115,1715680346,-27.75355,48.025349,93.0,0,670.0
538008115,1715680386,-27.752832,48.027233,94.0,0,660.0
538008115,1715680395,-27.752684,48.027699,94.0,0,660.0
538008115,1715680427,-27.752184,48.029083,94.0,0,680.0
538008115,1715680714,-27.747566,48.042484,94.0,0,690.0
538008115,1715681029,-27.7425,48.056885,94.0,0,680.0
538008115,1715681097,-27.7414,48.060066,94.0,0,700.0
538008115,1715681146,-27.740549,48.062416,94.0,0,670.0
538008115,1715681170,-27.7402,48.063332,94.0,0,670.0
538008115,1715681336,-27.737432,48.071098,93.0,0,690.0
538008115,1715681906,-27.728434,48.097466,94.0,0,700.0
538008115,1715681987,-27.727182,48.101131,94.0,0,670.0
538008115,1715682057,-27.726084,48.1045,95.0,0,690.0
538008115,1715682309,-27.721817,48.116116,96.0,0,680.0
538008115,1715682385,-27.720516,48.119816,96.0,0,670.0
538008115,1715682499,-27.718733,48.124985,96.0,0,690.0
538008115,1715682535,-27.71805,48.126919,95.0,0,670.0
538008115,1715682545,-27.717882,48.127399,96.0,0,690.0
538008115,1715682575,-27.717417,48.128799,95.0,0,690.0
538008115,1715682599,-27.7171,48.1297,95.0,0,680.0
538008115,1715682675,-27.715717,48.133469,95.0,0,660.0
538008115,1715682697,-27.715401,48.134468,96.0,0,680.0
538008115,1715683046,-27.709917,48.1511,97.0,0,690.0
538008115,1715683053,-27.709766,48.151516,97.0,0,680.0
538008115,1715683123,-27.708532,48.154919,97.0,0,670.0
538008115,1715683284,-27.705799,48.162418,97.0,0,670.0
538008115,1715683534,-27.701616,48.174351,98.0,0,690.0
538008115,1715683574,-27.700983,48.176216,98.0,0,690.0
538008115,1715683617,-27.7003,48.178131,97.0,0,670.0
538008115,1715684086,-27.692133,48.200481,97.0,0,670.0
538008115,1715684496,-27.684933,48.219883,97.0,0,660.0
538008115,1715684656,-27.682068,48.227348,98.0,0,650.0
538008115,1715684954,-27.6763,48.241402,98.0,0,630.0
538008115,1715685018,-27.675068,48.244083,97.0,0,630.0
538008115,1715685195,-27.671499,48.252583,98.0,0,640.0
538008115,1715685641,-27.662701,48.273232,98.0,0,630.0
538008115,1715685758,-27.660366,48.278767,98.0,0,640.0
538008115,1715685836,-27.658783,48.282433,98.0,0,650.0
538008115,1715685892,-27.657583,48.285217,98.0,0,650.0
538008115,1715685975,-27.656033,48.289051,98.0,0,650.0
538008115,1715686156,-27.652834,48.297367,97.0,0,660.0
538008115,1715686215,-27.651733,48.300152,96.0,0,660.0
538008115,1715686313,-27.6499,48.304817,96.0,0,670.0
538008115,1715686494,-27.6467,48.313099,97.0,0,660.0
538008115,1715686607,-27.644667,48.318199,97.0,0,660.0
538008115,1715686896,-27.63965,48.331699,96.0,0,670.0
538008115,1715686905,-27.6395,48.332134,97.0,0,690.0
538008115,1715686955,-27.638617,48.33445,97.0,0,670.0
538008115,1715687124,-27.635584,48.342316,96.0,0,670.0
538008115,1715687335,-27.631866,48.352016,96.0,0,660.0
538008115,1715687404,-27.630684,48.355251,96.0,0,660.0
538008115,1715687524,-27.628468,48.360733,95.0,0,650.0
538008115,1715687934,-27.621201,48.379635,95.0,0,650.0
538008115,1715688174,-27.616899,48.390732,95.0,0,660.0
538008115,1715688224,-27.616016,48.392982,95.0,0,660.0
538008115,1715688273,-27.615116,48.395351,96.0,0,670.0
538008115,1715688343,-27.613899,48.398533,95.0,0,660.0
538008115,1715688748,-27.606867,48.417168,97.0,0,670.0
538008115,1715688806,-27.60585,48.419968,97.0,0,680.0
538008115,1715688925,-27.603783,48.425667,98.0,0,670.0
538008115,1715689203,-27.598833,48.438801,98.0,0,670.0
538008115,1715689297,-27.59725,48.443031,98.0,0,670.0
538008115,1715689326,-27.59675,48.444466,99.0,0,680.0
538008115,1715689517,-27.593416,48.453499,99.0,0,670.0
538008115,1715689855,-27.587334,48.469749,100.0,0,670.0
538008115,1715690015,-27.584467,48.477451,101.0,0,680.0
538008115,1715690104,-27.5828,48.481815,100.0,0,660.0
538008115,1715690383,-27.577801,48.495399,101.0,0,680.0
538008115,1715690552,-27.574766,48.503616,101.0,0,660.0
538008115,1715690603,-27.573851,48.50605,100.0,0,670.0
538008115,1715690734,-27.571383,48.512333,100.0,0,660.0
538008115,1715690933,-27.567734,48.522068,101.0,0,680.0
538008115,1715690975,-27.566967,48.524017,102.0,0,650.0
538008115,1715690994,-27.566601,48.525002,100.0,0,660.0
538008115,1715691084,-27.565001,48.52935,101.0,0,690.0
538008115,1715691114,-27.564449,48.530869,101.0,0,670.0
538008115,1715691267,-27.561768,48.538181,100.0,0,670.0
538008115,1715691485,-27.557533,48.548634,100.0,0,640.0
538008115,1715691585,-27.555582,48.553417,101.0,0,640.0
538008115,1715691645,-27.554399,48.556301,101.0,0,650.0
538008115,1715691703,-27.553217,48.559132,101.0,0,640.0
538008115,1715697553,-27.444599,48.843285,99.0,0,680.0
538008115,1715698745,-27.422501,48.9002,100.0,0,640.0
538008115,1715699097,-27.415916,48.916882,100.0,0,650.0
538008115,1715699177,-27.41445,48.920715,100.0,0,650.0
538008115,1715699215,-27.413668,48.922668,100.0,0,650.0
538008115,1715699303,-27.411966,48.926918,100.0,0,650.0
538008115,1715699408,-27.410049,48.931816,101.0,0,650.0
538008115,1715699443,-27.409332,48.933651,100.0,0,650.0
538008115,1715699606,-27.406233,48.941349,100.0,0,650.0
538008115,1715699724,-27.403868,48.947048,100.0,0,640.0
538008115,1715700067,-27.397232,48.963165,99.0,0,640.0
538008115,1715700861,-27.381666,49.000732,97.0,0,660.0
538008115,1715700902,-27.381018,49.002632,97.0,0,670.0
538008115,1715700952,-27.380133,49.005032,97.0,0,670.0
538008115,1715702514,-27.353283,49.078518,95.0,0,680.0
538008115,1715711018,-27.20035,49.481651,100.0,0,680.0
538008115,1715711087,-27.199034,49.48505,100.0,0,650.0
538008115,1715711273,-27.195333,49.494167,100.0,0,650.0
538008115,1715711354,-27.193899,49.497952,100.0,0,660.0
538008115,1715711375,-27.193501,49.498917,100.0,0,650.0
538008115,1715711508,-27.191067,49.505165,101.0,0,660.0
538008115,1715711523,-27.190651,49.506168,100.0,0,660.0
538008115,1715711590,-27.189533,49.509033,100.0,0,660.0
538008115,1715711601,-27.18915,49.509983,100.0,0,660.0
538008115,1715711610,-27.188984,49.510433,101.0,0,660.0
538008115,1715711621,-27.188816,49.510933,101.0,0,670.0
538008115,1715711631,-27.188601,49.511501,100.0,0,670.0
538008115,1715711632,-27.188601,49.511501,100.0,0,670.0
538008115,1715711642,-27.188383,49.512051,101.0,0,670.0
538008115,1715711644,-27.188383,49.512051,101.0,0,670.0
538008115,1715711661,-27.188049,49.512917,101.0,0,670.0
538008115,1715711670,-27.187883,49.513401,100.0,0,670.0
538008115,1715711676,-27.187883,49.513401,100.0,0,670.0
538008115,1715711681,-27.187717,49.513901,101.0,0,680.0
538008115,1715711691,-27.187517,49.514435,100.0,0,670.0
538008115,1715711692,-27.187517,49.514435,100.0,0,670.0
538008115,1715711702,-27.187332,49.514915,101.0,0,670.0
538008115,1715711721,-27.186983,49.515835,101.0,0,670.0
538008115,1715711731,-27.1868,49.516266,100.0,0,660.0
538008115,1715711741,-27.1866,49.5168,101.0,0,660.0
538008115,1715711746,-27.1866,49.5168,101.0,0,660.0
538008115,1715711751,-27.186399,49.517284,100.0,0,660.0
538008115,1715711762,-27.186199,49.517818,101.0,0,660.0
538008115,1715711772,-27.186033,49.51825,100.0,0,670.0
538008115,1715711781,-27.18585,49.518734,101.0,0,660.0
538008115,1715711791,-27.18565,49.519218,101.0,0,650.0
538008115,1715711801,-27.18545,49.519699,101.0,0,660.0
538008115,1715711811,-27.185249,49.520233,101.0,0,660.0
538008115,1715711820,-27.185083,49.520668,101.0,0,660.0
538008115,1715711832,-27.184868,49.521198,101.0,0,670.0
538008115,1715711841,-27.1847,49.521633,101.0,0,670.0
538008115,1715711851,-27.184517,49.522133,101.0,0,670.0
538008115,1715711861,-27.184334,49.522617,101.0,0,660.0
538008115,1715711880,-27.183968,49.523548,101.0,0,670.0
538008115,1715711892,-27.183767,49.524132,101.0,0,680.0
538008115,1715711911,-27.183451,49.525017,101.0,0,680.0
538008115,1715711952,-27.182684,49.527065,101.0,0,670.0
538008115,1715711962,-27.182533,49.527569,101.0,0,670.0
538008115,1715711971,-27.182367,49.528,101.0,0,680.0
538008115,1715712000,-27.18185,49.529469,99.0,0,670.0
538008115,1715712012,-27.181667,49.530018,101.0,0,690.0
538008115,1715712014,-27.181667,49.530018,101.0,0,690.0
538008115,1715712022,-27.181482,49.530499,99.0,0,680.0
538008115,1715712031,-27.181368,49.530899,101.0,0,690.0
538008115,1715712052,-27.180983,49.531918,99.0,0,670.0
538008115,1715712060,-27.180817,49.532349,99.0,0,670.0
538008115,1715712072,-27.180634,49.532883,99.0,0,680.0
538008115,1715712091,-27.1803,49.533867,99.0,0,680.0
538008115,1715712112,-27.179916,49.534882,99.0,0,670.0
538008115,1715712131,-27.179583,49.535816,99.0,0,680.0
538008115,1715712146,-27.179382,49.53635,100.0,0,680.0
538008115,1715712262,-27.177134,49.542034,100.0,0,660.0
538008115,1715712405,-27.174549,49.548832,100.0,0,660.0
538008115,1715712525,-27.1723,49.554585,101.0,0,660.0
538008115,1715712745,-27.168133,49.565102,99.0,0,660.0
538008115,1715713056,-27.16235,49.579681,99.0,0,660.0
538008115,1715713148,-27.160633,49.583984,98.0,0,660.0
538008115,1715713336,-27.15715,49.592834,97.0,0,660.0
538008115,1715713488,-27.154333,49.5998,98.0,0,650.0
538008115,1715713779,-27.1488,49.613468,99.0,0,650.0
538008115,1715714133,-27.141916,49.630417,99.0,0,650.0
538008115,1715714159,-27.141518,49.631401,99.0,0,650.0
538008115,1715714219,-27.14035,49.634266,98.0,0,650.0
538008115,1715714314,-27.1385,49.638901,99.0,0,650.0
538008115,1715714561,-27.133867,49.650749,98.0,0,650.0
538008115,1715714885,-27.127968,49.665718,96.0,0,660.0
538008115,1715714984,-27.12615,49.6703,97.0,0,650.0
538008115,1715715132,-27.123318,49.6772,97.0,0,640.0
538008115,1715715252,-27.121082,49.682701,97.0,0,650.0
538008115,1715715703,-27.112734,49.703499,97.0,0,650.0
538008115,1715715804,-27.110767,49.708183,97.0,0,630.0
538008115,1715715813,-27.110617,49.708599,97.0,0,650.0
538008115,1715715838,-27.110201,49.709518,98.0,0,630.0
538008115,1715715874,-27.109432,49.711349,97.0,0,640.0
538008115,1715716064,-27.1057,49.720165,98.0,0,640.0
538008115,1715716084,-27.10535,49.72105,98.0,0,650.0
538008115,1715716144,-27.104151,49.723816,97.0,0,640.0
538008115,1715716265,-27.101933,49.729366,97.0,0,650.0
538008115,1715716318,-27.10095,49.731716,98.0,0,650.0
538008115,1715716384,-27.0996,49.734901,98.0,0,650.0
538008115,1715716519,-27.097067,49.740982,97.0,0,650.0
538008115,1715716685,-27.09375,49.748798,98.0,0,620.0
538008115,1715716826,-27.091133,49.755417,97.0,0,670.0
538008115,1715716945,-27.089216,49.761131,97.0,0,710.0
538008115,1715717216,-27.0854,49.774166,98.0,0,700.0
538008115,1715717243,-27.084949,49.7756,98.0,0,700.0
538008115,1715717300,-27.083967,49.77845,97.0,0,680.0
538008115,1715717301,-27.083967,49.77845,97.0,0,680.0
538008115,1715717335,-27.083532,49.779884,97.0,0,690.0
538008115,1715717341,-27.083384,49.780369,97.0,0,700.0
538008115,1715717344,-27.083384,49.780369,97.0,0,700.0
538008115,1715717360,-27.083082,49.781284,98.0,0,710.0
538008115,1715717433,-27.081949,49.784668,98.0,0,690.0
538008115,1715717465,-27.081432,49.786098,98.0,0,660.0
538008115,1715717508,-27.080784,49.788017,97.0,0,680.0
538008115,1715717555,-27.079967,49.790333,97.0,0,690.0
538008115,1715717600,-27.079149,49.792702,97.0,0,700.0
538008115,1715717601,-27.079149,49.792702,97.0,0,700.0
538008115,1715717610,-27.079,49.793133,98.0,0,690.0
538008115,1715717615,-27.079,49.793133,98.0,0,690.0
538008115,1715717652,-27.078333,49.795132,96.0,0,690.0
538008115,1715717681,-27.07785,49.796551,97.0,0,690.0
538008115,1715718044,-27.072132,49.813633,97.0,0,690.0
538008115,1715718064,-27.071833,49.814583,97.0,0,700.0
538008115,1715718246,-27.068916,49.823067,98.0,0,680.0
538008115,1715718331,-27.06735,49.827366,97.0,0,690.0
538008115,1715718432,-27.065582,49.832184,98.0,0,670.0
538008115,1715718456,-27.065283,49.833118,99.0,0,680.0
538008115,1715718496,-27.064583,49.835068,99.0,0,680.0
538008115,1715718624,-27.062317,49.841301,99.0,0,670.0
538008115,1715719031,-27.055033,49.86095,101.0,0,660.0
538008115,1715719288,-27.050266,49.873016,101.0,0,640.0
538008115,1715719354,-27.048967,49.876434,101.0,0,670.0
538008115,1715719458,-27.0471,49.881248,100.0,0,670.0
538008115,1715719464,-27.046949,49.881634,101.0,0,670.0
538008115,1715719465,-27.046949,49.881634,101.0,0,670.0
538008115,1715719535,-27.045584,49.885101,102.0,0,640.0
538008115,1715719594,-27.044468,49.887951,101.0,0,660.0
538008115,1715719655,-27.043333,49.890884,100.0,0,670.0
538008115,1715719743,-27.041651,49.895168,99.0,0,660.0
538008115,1715719888,-27.039034,49.901966,101.0,0,660.0
538008115,1715719977,-27.03735,49.906334,101.0,0,660.0
538008115,1715720013,-27.036633,49.908218,100.0,0,660.0
538008115,1715720014,-27.036633,49.908218,100.0,0,660.0
538008115,1715720034,-27.036266,49.909184,101.0,0,660.0
538008115,1715720078,-27.035534,49.911049,100.0,0,660.0
538008115,1715720293,-27.031584,49.92165,100.0,0,670.0
538008115,1715720324,-27.031033,49.9231,99.0,0,650.0
538008115,1715720483,-27.028116,49.930801,100.0,0,650.0
538008115,1715720552,-27.026833,49.934151,98.0,0,660.0
538008115,1715720585,-27.026266,49.935566,99.0,0,650.0
538008115,1715720685,-27.024366,49.940315,99.0,0,660.0
538008115,1715720692,-27.024218,49.940735,99.0,0,660.0
538008115,1715720724,-27.023582,49.942268,99.0,0,650.0
538008115,1715720853,-27.021133,49.948467,100.0,0,670.0
538008115,1715721113,-27.016251,49.960835,99.0,0,650.0
538008115,1715721132,-27.015882,49.961735,99.0,0,660.0
538008115,1715721145,-27.015682,49.962299,98.0,0,660.0
538008115,1715721255,-27.013666,49.967434,98.0,0,640.0
538008115,1715721393,-27.011032,49.974049,99.0,0,660.0
538008115,1715721455,-27.009916,49.976818,97.0,0,660.0
538008115,1715721465,-27.009718,49.977402,98.0,0,660.0
538008115,1715721665,-27.006067,49.986816,99.0,0,660.0
538008115,1715721715,-27.005083,49.989166,98.0,0,650.0
538008115,1715721794,-27.003567,49.992916,97.0,0,650.0
538008115,1715721896,-27.0016,49.997665,98.0,0,650.0
538008115,1715722093,-26.998533,50.007267,97.0,0,740.0
538008115,1715722154,-26.9979,50.010181,97.0,0,740.0
538008115,1715722174,-26.997667,50.011234,96.0,0,770.0
538008115,1715722203,-26.9974,50.012749,96.0,0,770.0
538008115,1715722264,-26.996817,50.015717,96.0,0,760.0
538008115,1715722385,-26.995533,50.021633,96.0,0,730.0
538008115,1715722504,-26.994183,50.027466,96.0,0,750.0
538008115,1715722757,-26.991367,50.039867,98.0,0,760.0
538008115,1715722774,-26.991182,50.040833,98.0,0,760.0
538008115,1715722917,-26.989532,50.047966,99.0,0,730.0
538008115,1715723166,-26.986567,50.060482,98.0,0,760.0
538008115,1715723225,-26.98595,50.063519,99.0,0,760.0
538008115,1715723244,-26.985718,50.064484,98.0,0,760.0
538008115,1715723314,-26.984966,50.068115,98.0,0,760.0
538008115,1715723534,-26.982849,50.07925,99.0,0,780.0
538008115,1715723716,-26.981167,50.088451,99.0,0,780.0
538008115,1715723907,-26.979134,50.098148,99.0,0,760.0
538008115,1715724069,-26.977467,50.106335,99.0,0,750.0
538008115,1715724196,-26.976183,50.112919,99.0,0,760.0
538008115,1715724222,-26.975918,50.114517,101.0,0,780.0
538008115,1715724366,-26.974567,50.121651,99.0,0,770.0
538008115,1715724506,-26.9732,50.128899,100.0,0,760.0
538008115,1715724811,-26.970167,50.144749,98.0,0,760.0
538008115,1715724879,-26.969584,50.147781,98.0,0,760.0
538008115,1715724951,-26.9687,50.151882,99.0,0,750.0
538008115,1715725037,-26.967733,50.155983,99.0,0,740.0
538008115,1715725094,-26.967016,50.15905,99.0,0,730.0
538008115,1715725215,-26.965567,50.165051,100.0,0,750.0
538008115,1715725531,-26.962168,50.181465,100.0,0,750.0
538008115,1715725636,-26.961117,50.18655,99.0,0,760.0
538008115,1715725695,-26.960466,50.189651,99.0,0,760.0
538008115,1715725736,-26.960068,50.191631,100.0,0,770.0
538008115,1715725773,-26.95965,50.193668,99.0,0,760.0
538008115,1715725795,-26.95945,50.194683,99.0,0,770.0
538008115,1715725890,-26.958532,50.199318,99.0,0,760.0
538008115,1715725895,-26.958433,50.199833,99.0,0,760.0
538008115,1715726015,-26.957216,50.205967,99.0,0,770.0
538008115,1715726407,-26.953068,50.225819,99.0,0,770.0
538008115,1715726414,-26.952967,50.226318,99.0,0,760.0
538008115,1715726527,-26.951866,50.231918,99.0,0,770.0
538008115,1715726612,-26.950951,50.236431,99.0,0,770.0
538008115,1715726717,-26.94985,50.241516,98.0,0,740.0
538008115,1715726792,-26.949051,50.245567,99.0,0,760.0
538008115,1715726864,-26.948334,50.2491,99.0,0,770.0
538008115,1715726892,-26.94805,50.250549,98.0,0,770.0
538008115,1715727304,-26.944134,50.271351,99.0,0,770.0
538008115,1715727414,-26.942883,50.276882,99.0,0,750.0
538008115,1715727502,-26.941917,50.281418,99.0,0,760.0
538008115,1715727689,-26.940033,50.290466,100.0,0,760.0
538008115,1715727743,-26.939333,50.293499,99.0,0,760.0
538008115,1715727843,-26.9382,50.298584,99.0,0,760.0
538008115,1715727933,-26.93725,50.303051,99.0,0,760.0
538008115,1715727953,-26.93705,50.3041,99.0,0,770.0
538008115,1715728394,-26.932516,50.326233,98.0,0,770.0
538008115,1715728533,-26.931017,50.333218,98.0,0,760.0
538008115,1715728725,-26.928932,50.342716,99.0,0,770.0
538008115,1715728789,-26.928316,50.345669,97.0,0,760.0
538008115,1715728915,-26.926968,50.352116,96.0,0,750.0
538008115,1715729104,-26.924833,50.361465,96.0,0,750.0
538008115,1715729555,-26.920116,50.383469,96.0,0,770.0
538008115,1715729592,-26.91975,50.385319,95.0,0,760.0
538008115,1715729615,-26.9195,50.386349,95.0,0,760.0
538008115,1715729714,-26.918367,50.391132,95.0,0,740.0
538008115,1715730218,-26.913151,50.415432,95.0,0,750.0
538008115,1715730277,-26.91255,50.418331,95.0,0,750.0
538008115,1715730906,-26.906233,50.449017,95.0,0,760.0
538008115,1715730963,-26.905666,50.451935,95.0,0,770.0
538008115,1715731127,-26.904133,50.459831,95.0,0,770.0
538008115,1715731273,-26.9027,50.467117,96.0,0,770.0
538008115,1715731286,-26.902599,50.467667,96.0,0,770.0
538008115,1715731333,-26.902134,50.4701,96.0,0,780.0
538008115,1715731473,-26.900734,50.476933,96.0,0,780.0
538008115,1715731495,-26.900551,50.477917,96.0,0,780.0
538008115,1715731536,-26.90015,50.479935,97.0,0,770.0
538008115,1715731596,-26.899633,50.482883,96.0,0,790.0
538008115,1715731637,-26.89925,50.484818,96.0,0,770.0
538008115,1715731724,-26.898417,50.489151,95.0,0,790.0
538008115,1715731736,-26.898317,50.489681,95.0,0,780.0
538008115,1715731826,-26.897551,50.494019,95.0,0,790.0
538008115,1715732188,-26.894518,50.511398,95.0,0,790.0
538008115,1715732515,-26.891768,50.527382,95.0,0,780.0
538008115,1715732751,-26.889784,50.538918,95.0,0,780.0
538008115,1715732867,-26.888918,50.5443,95.0,0,790.0
538008115,1715732948,-26.888268,50.548233,95.0,0,780.0
538008115,1715732982,-26.887882,50.550152,95.0,0,770.0
538008115,1715733097,-26.886517,50.55545,95.0,0,740.0
538008115,1715733213,-26.885017,50.5611,96.0,0,740.0
538008115,1715733386,-26.882999,50.569248,97.0,0,730.0
538008115,1715733437,-26.882351,50.571815,96.0,0,740.0
538008115,1715733611,-26.880199,50.580399,96.0,0,740.0
538008115,1715733647,-26.879784,50.581882,96.0,0,720.0
538008115,1715734293,-26.872667,50.613632,98.0,0,740.0
538008115,1715734377,-26.871668,50.617634,98.0,0,740.0
538008115,1715734852,-26.866617,50.641468,98.0,0,780.0
538008115,1715735203,-26.863234,50.659035,99.0,0,780.0
538008115,1715735365,-26.861633,50.666985,98.0,0,770.0
538008115,1715735495,-26.860617,50.673634,98.0,0,820.0
538008115,1715736483,-26.850683,50.722965,98.0,0,760.0
538008115,1715736806,-26.847334,50.738869,98.0,0,760.0
538008115,1715736879,-26.8466,50.742416,98.0,0,750.0
538008115,1715737033,-26.844982,50.750416,97.0,0,760.0
538008115,1715737063,-26.844601,50.7519,98.0,0,740.0
538008115,1715737076,-26.844517,50.75235,98.0,0,750.0
538008115,1715737127,-26.84395,50.754868,99.0,0,750.0
538008115,1715737188,-26.843349,50.757866,98.0,0,770.0
538008115,1715737285,-26.842266,50.762798,97.0,0,750.0
538008115,1715737503,-26.8398,50.773682,97.0,0,750.0
538008115,1715737633,-26.83835,50.780018,98.0,0,740.0
538008115,1715738132,-26.832884,50.804867,99.0,0,750.0
538008115,1715738167,-26.832518,50.806332,99.0,0,750.0
538008115,1715738467,-26.828917,50.821201,99.0,0,750.0
538008115,1715738493,-26.828568,50.822582,99.0,0,740.0
538008115,1715738553,-26.827868,50.825649,99.0,0,750.0
538008115,1715738673,-26.826483,50.831551,99.0,0,750.0
538008115,1715738732,-26.82575,50.834549,98.0,0,740.0
538008115,1715738755,-26.825533,50.835602,99.0,0,760.0
538008115,1715738815,-26.824867,50.838585,98.0,0,750.0
538008115,1715738945,-26.823433,50.844933,98.0,0,760.0
538008115,1715739104,-26.821716,50.852852,97.0,0,750.0
538008115,1715739214,-26.820482,50.858269,98.0,0,740.0
538008115,1715739586,-26.81645,50.876469,97.0,0,760.0
538008115,1715739595,-26.816351,50.8769,98.0,0,760.0
538008115,1715739844,-26.813566,50.889267,98.0,0,760.0
538008115,1715740491,-26.806749,50.920769,96.0,0,760.0
538008115,1715740546,-26.80625,50.923302,96.0,0,770.0
538008115,1715741457,-26.799282,50.967983,96.0,0,790.0
538008115,1715741493,-26.799,50.969982,97.0,0,810.0
538008115,1715741767,-26.7971,50.983383,96.0,0,780.0
538008115,1715741782,-26.796917,50.984318,96.0,0,770.0
538008115,1715742044,-26.7941,50.997017,96.0,0,740.0
538008115,1715742076,-26.793699,50.998367,96.0,0,710.0
538008115,1715742353,-26.79035,51.011917,96.0,0,730.0
538008115,1715742463,-26.788982,51.017166,96.0,0,730.0
538008115,1715742639,-26.786917,51.025517,96.0,0,730.0
538008115,1715742902,-26.783916,51.038567,96.0,0,750.0
538008115,1715743538,-26.777533,51.069649,96.0,0,770.0
538008115,1715745066,-26.761232,51.145718,99.0,0,770.0
538008115,1715745186,-26.759899,51.151798,99.0,0,760.0
538008115,1715745466,-26.757,51.165852,98.0,0,760.0
538008115,1715745575,-26.755917,51.171482,98.0,0,770.0
538008115,1715745697,-26.754732,51.177551,99.0,0,780.0
538008115,1715745777,-26.753918,51.181618,99.0,0,760.0
538008115,1715745836,-26.753317,51.184685,100.0,0,770.0
538008115,1715745954,-26.752184,51.190868,100.0,0,780.0
538008115,1715746103,-26.750732,51.198483,99.0,0,780.0
538008115,1715746145,-26.750366,51.200584,100.0,0,780.0
538008115,1715746193,-26.749866,51.203018,99.0,0,750.0
538008115,1715746235,-26.749468,51.205067,100.0,0,770.0
538008115,1715746316,-26.748699,51.209202,100.0,0,780.0
538008115,1715746623,-26.745667,51.225231,100.0,0,780.0
538008115,1715747163,-26.7402,51.25275,100.0,0,770.0
538008115,1715747253,-26.739233,51.257301,100.0,0,740.0
538008115,1715747273,-26.739033,51.25845,100.0,0,770.0
538008115,1715747284,-26.738934,51.258884,99.0,0,760.0
538008115,1715747533,-26.736017,51.271584,100.0,0,750.0
538008115,1715747673,-26.734467,51.278751,100.0,0,760.0
538008115,1715747743,-26.733717,51.282215,99.0,0,750.0
538008115,1715747823,-26.7328,51.286331,100.0,0,760.0
538008115,1715747869,-26.732367,51.288383,100.0,0,750.0
538008115,1715748047,-26.730368,51.297565,100.0,0,760.0
538008115,1715748052,-26.730249,51.298134,101.0,0,750.0
538008115,1715748083,-26.729982,51.299648,100.0,0,770.0
538008115,1715748170,-26.729151,51.303699,100.0,0,760.0
538008115,1715748295,-26.727734,51.310398,101.0,0,750.0
538008115,1715748434,-26.7262,51.317516,100.0,0,770.0
538008115,1715748565,-26.724817,51.324219,100.0,0,780.0
538008115,1715748593,-26.724501,51.325718,101.0,0,780.0
538008115,1715748814,-26.7222,51.337082,100.0,0,780.0
538008115,1715748833,-26.722,51.338051,100.0,0,770.0
538008115,1715749152,-26.718599,51.354549,100.0,0,770.0
538008115,1715749164,-26.718483,51.355068,100.0,0,770.0
538008115,1715749181,-26.71825,51.356033,100.0,0,750.0
538008115,1715749192,-26.718117,51.356583,101.0,0,750.0
538008115,1715749202,-26.718033,51.357117,101.0,0,770.0
538008115,1715749212,-26.717916,51.357601,100.0,0,760.0
538008115,1715749231,-26.717699,51.358582,100.0,0,760.0
538008115,1715749262,-26.717367,51.360233,101.0,0,780.0
538008115,1715749282,-26.717167,51.361217,100.0,0,770.0
538008115,1715749291,-26.717068,51.361732,100.0,0,770.0
538008115,1715749301,-26.716949,51.362183,101.0,0,760.0
538008115,1715749312,-26.716818,51.362801,101.0,0,760.0
538008115,1715749322,-26.7167,51.363266,101.0,0,760.0
538008115,1715749341,-26.716534,51.36425,101.0,0,780.0
538008115,1715749361,-26.716333,51.365284,101.0,0,770.0
538008115,1715749372,-26.716217,51.365849,101.0,0,780.0
538008115,1715749382,-26.716118,51.366367,101.0,0,770.0
538008115,1715749391,-26.716049,51.366852,102.0,0,780.0
538008115,1715749401,-26.715933,51.367367,101.0,0,780.0
538008115,1715749411,-26.715834,51.36795,101.0,0,780.0
538008115,1715749421,-26.71575,51.368416,101.0,0,780.0
538008115,1715749432,-26.715616,51.369034,102.0,0,770.0
538008115,1715749442,-26.715517,51.369549,101.0,0,770.0
538008115,1715749451,-26.71545,51.369949,101.0,0,770.0
538008115,1715749455,-26.71545,51.369949,101.0,0,770.0
538008115,1715749461,-26.715334,51.370468,101.0,0,770.0
538008115,1715749481,-26.715151,51.371517,102.0,0,790.0
538008115,1715749492,-26.715033,51.372082,101.0,0,770.0
538008115,1715749502,-26.714916,51.372601,101.0,0,770.0
538008115,1715749511,-26.714849,51.373066,102.0,0,780.0
538008115,1715749521,-26.714701,51.373585,101.0,0,760.0
538008115,1715749531,-26.714617,51.374119,101.0,0,770.0
538008115,1715749541,-26.7145,51.374584,101.0,0,770.0
538008115,1715749562,-26.714283,51.375782,102.0,0,780.0
538008115,1715749571,-26.714167,51.376251,101.0,0,760.0
538008115,1715749574,-26.714167,51.376251,101.0,0,760.0
538008115,1715749582,-26.7141,51.376717,102.0,0,780.0
538008115,1715749644,-26.713467,51.379883,102.0,0,780.0
538008115,1715749712,-26.712683,51.38345,102.0,0,770.0
538008115,1715749838,-26.711332,51.389633,101.0,0,750.0
538008115,1715750097,-26.708483,51.403049,101.0,0,770.0
538008115,1715750197,-26.707382,51.408184,101.0,0,760.0
538008115,1715750414,-26.7048,51.419418,101.0,0,760.0
538008115,1715750536,-26.703533,51.425598,101.0,0,760.0
538008115,1715750714,-26.7015,51.434834,102.0,0,750.0
538008115,1715750815,-26.70035,51.440048,101.0,0,760.0
538008115,1715751493,-26.692432,51.474682,101.0,0,750.0
538008115,1715751593,-26.6912,51.479782,100.0,0,750.0
538008115,1715751713,-26.689833,51.485931,101.0,0,760.0
538008115,1715751763,-26.689318,51.488499,101.0,0,760.0
538008115,1715751941,-26.68755,51.497868,102.0,0,790.0
538008115,1715752154,-26.6854,51.50885,101.0,0,770.0
538008115,1715752263,-26.684349,51.514534,102.0,0,770.0
538008115,1715752414,-26.682833,51.522415,103.0,0,780.0
538008115,1715752534,-26.681633,51.528717,102.0,0,780.0
538008115,1715752570,-26.681334,51.5303,103.0,0,790.0
538008115,1715752955,-26.677151,51.550667,102.0,0,770.0
538008115,1715753145,-26.675182,51.560501,102.0,0,770.0
538008115,1715753304,-26.673433,51.568649,100.0,0,770.0
538008115,1715753434,-26.672068,51.575382,100.0,0,750.0
538008115,1715753475,-26.671633,51.577316,100.0,0,750.0
538008115,1715753507,-26.671301,51.578968,100.0,0,760.0
538008115,1715753533,-26.670967,51.580448,100.0,0,750.0
538008115,1715753684,-26.669233,51.58815,100.0,0,750.0
538008115,1715753897,-26.667,51.598984,101.0,0,760.0
538008115,1715753934,-26.666533,51.600967,101.0,0,760.0
538008115,1715754285,-26.6625,51.618767,99.0,0,750.0
538008115,1715754496,-26.660116,51.629433,100.0,0,760.0
538008115,1715754515,-26.659883,51.630402,100.0,0,760.0
538008115,1715754575,-26.65925,51.633499,100.0,0,760.0
538008115,1715754582,-26.659134,51.634018,100.0,0,770.0
538008115,1715754622,-26.658716,51.636017,101.0,0,770.0
538008115,1715754631,-26.6586,51.636517,101.0,0,750.0
538008115,1715754644,-26.658466,51.637081,101.0,0,750.0
538008115,1715754652,-26.65835,51.6376,101.0,0,770.0
538008115,1715754682,-26.658033,51.639133,100.0,0,760.0
538008115,1715754692,-26.657949,51.639599,101.0,0,760.0
538008115,1715754702,-26.657833,51.640217,100.0,0,770.0
538008115,1715754722,-26.6576,51.641232,100.0,0,750.0
538008115,1715754742,-26.657383,51.6422,100.0,0,760.0
538008115,1715754752,-26.657267,51.642715,100.0,0,750.0
538008115,1715754762,-26.657133,51.643215,100.0,0,760.0
538008115,1715754782,-26.656918,51.644249,100.0,0,760.0
538008115,1715754792,-26.656767,51.644733,100.0,0,740.0
538008115,1715754802,-26.656683,51.645248,100.0,0,750.0
538008115,1715754812,-26.656584,51.645718,100.0,0,760.0
538008115,1715754842,-26.6562,51.647282,100.0,0,740.0
538008115,1715754852,-26.656099,51.64785,101.0,0,760.0
538008115,1715754865,-26.656,51.648369,100.0,0,770.0
538008115,1715754872,-26.655899,51.648815,100.0,0,760.0
538008115,1715754882,-26.655817,51.649334,100.0,0,770.0
538008115,1715754902,-26.65555,51.650333,100.0,0,760.0
538008115,1715754912,-26.655451,51.650848,100.0,0,760.0
538008115,1715754932,-26.655233,51.651867,100.0,0,760.0
538008115,1715754937,-26.655233,51.651867,100.0,0,760.0
538008115,1715754942,-26.655117,51.652367,100.0,0,750.0
538008115,1715754972,-26.6548,51.653915,100.0,0,770.0
538008115,1715754982,-26.654699,51.654415,99.0,0,760.0
538008115,1715754986,-26.654699,51.654415,99.0,0,760.0
538008115,1715754991,-26.654617,51.654816,100.0,0,770.0
538008115,1715755002,-26.654484,51.655384,100.0,0,760.0
538008115,1715755012,-26.6544,51.655949,100.0,0,770.0
538008115,1715755022,-26.654284,51.656517,100.0,0,780.0
538008115,1715755032,-26.654182,51.657017,100.0,0,770.0
538008115,1715755042,-26.654083,51.657532,100.0,0,770.0
538008115,1715755051,-26.654016,51.657951,100.0,0,770.0
538008115,1715755062,-26.653868,51.658501,100.0,0,770.0
538008115,1715755082,-26.6537,51.65955,100.0,0,780.0
538008115,1715755092,-26.653566,51.660049,100.0,0,770.0
538008115,1715755111,-26.653383,51.660969,100.0,0,770.0
538008115,1715755131,-26.653168,51.662048,101.0,0,770.0
538008115,1715755133,-26.653168,51.662048,101.0,0,770.0
538008115,1715755142,-26.653032,51.662601,100.0,0,750.0
538008115,1715755152,-26.652967,51.663181,101.0,0,790.0
538008115,1715755171,-26.652782,51.664082,101.0,0,780.0
538008115,1715755182,-26.652617,51.66465,99.0,0,760.0
538008115,1715755191,-26.6525,51.665134,100.0,0,750.0
538008115,1715755202,-26.652416,51.665684,100.0,0,780.0
538008115,1715755211,-26.652317,51.666134,100.0,0,770.0
538008115,1715755222,-26.652233,51.666698,100.0,0,770.0
538008115,1715755231,-26.652134,51.667168,100.0,0,770.0
538008115,1715755242,-26.652,51.667717,100.0,0,760.0
538008115,1715755286,-26.651632,51.669785,100.0,0,790.0
538008115,1715755722,-26.646868,51.6922,100.0,0,770.0
538008115,1715756023,-26.643551,51.707481,100.0,0,770.0
538008115,1715756123,-26.642584,51.712551,100.0,0,780.0
538008115,1715756311,-26.64065,51.722218,100.0,0,770.0
538008115,1715756493,-26.638884,51.731434,101.0,0,780.0
538008115,1715756639,-26.637466,51.738667,100.0,0,770.0
538008115,1715757416,-26.629284,51.778782,100.0,0,750.0
538008115,1715757545,-26.627817,51.785381,100.0,0,770.0
538008115,1715758024,-26.622482,51.809799,102.0,0,750.0
538008115,1715758277,-26.619551,51.822701,102.0,0,750.0
538008115,1715758417,-26.617933,51.829933,103.0,0,760.0
538008115,1715758476,-26.617233,51.833035,103.0,0,750.0
538008115,1715758835,-26.613016,51.851566,103.0,0,760.0
538008115,1715758883,-26.61245,51.854099,103.0,0,750.0
538008115,1715758894,-26.61235,51.854618,103.0,0,750.0
538008115,1715758946,-26.611767,51.857285,103.0,0,750.0
538008115,1715759004,-26.611099,51.860416,103.0,0,760.0
538008115,1715759084,-26.610268,51.864552,103.0,0,780.0
538008115,1715759533,-26.605534,51.888084,103.0,0,790.0
538008115,1715759583,-26.605,51.890682,102.0,0,770.0
538008115,1715759813,-26.602516,51.902584,101.0,0,760.0
538008115,1715759962,-26.601032,51.910381,101.0,0,770.0
538008115,1715760113,-26.599617,51.918201,102.0,0,780.0
538008115,1715760230,-26.598618,51.923931,101.0,0,790.0
538008115,1715760417,-26.596617,51.933834,101.0,0,760.0
538008115,1715760639,-26.59445,51.945232,101.0,0,780.0
538008115,1715760783,-26.592916,51.952934,101.0,0,760.0
538008115,1715761126,-26.589251,51.970768,103.0,0,760.0
538008115,1715761215,-26.588266,51.975483,103.0,0,770.0
538008115,1715761333,-26.586901,51.981716,103.0,0,760.0
538008115,1715761407,-26.58605,51.985382,103.0,0,750.0
538008115,1715761786,-26.581717,52.005234,103.0,0,750.0
538008115,1715761934,-26.579983,52.013149,103.0,0,760.0
538008115,1715762052,-26.578568,52.019501,103.0,0,760.0
538008115,1715762145,-26.577551,52.02425,103.0,0,760.0
538008115,1715762175,-26.577217,52.025818,103.0,0,750.0
538008115,1715762217,-26.576782,52.027916,103.0,0,760.0
538008115,1715762397,-26.57485,52.037369,103.0,0,780.0
538008115,1715762457,-26.57415,52.040516,103.0,0,750.0
538008115,1715762507,-26.57365,52.043152,103.0,0,760.0
538008115,1715762548,-26.5732,52.045235,103.0,0,760.0
538008115,1715762603,-26.572483,52.04845,104.0,0,750.0
538008115,1715762727,-26.571217,52.054718,103.0,0,760.0
538008115,1715762943,-26.568867,52.0662,103.0,0,760.0
538008115,1715763133,-26.566883,52.075619,103.0,0,770.0
538008115,1715763212,-26.565916,52.080418,104.0,0,780.0
538008115,1715763336,-26.564449,52.08675,103.0,0,740.0
538008115,1715763533,-26.562117,52.097233,103.0,0,760.0
538008115,1715763687,-26.560467,52.105019,104.0,0,750.0
538008115,1715763787,-26.559267,52.110352,104.0,0,740.0
538008115,1715763864,-26.558268,52.114532,104.0,0,750.0
538008115,1715763965,-26.557083,52.119919,104.0,0,760.0
538008115,1715764087,-26.555616,52.126251,104.0,0,750.0
538008115,1715764196,-26.5543,52.131916,104.0,0,740.0
538008115,1715764394,-26.551783,52.142517,104.0,0,760.0
538008115,1715764456,-26.55105,52.145699,105.0,0,750.0
538008115,1715764649,-26.54875,52.155834,105.0,0,760.0
538008115,1715764653,-26.548634,52.15625,104.0,0,750.0
538008115,1715764852,-26.546133,52.166901,105.0,0,750.0
538008115,1715764892,-26.545601,52.169018,104.0,0,760.0
538008115,1715764992,-26.544333,52.174351,105.0,0,730.0
538008115,1715765206,-26.541733,52.185349,104.0,0,730.0
538008115,1715765343,-26.539867,52.192684,103.0,0,740.0
538008115,1715765585,-26.536751,52.20525,103.0,0,720.0
538008115,1715765695,-26.535334,52.211018,105.0,0,750.0
538008115,1715765771,-26.534283,52.215233,104.0,0,750.0
538008115,1715765865,-26.533133,52.219933,105.0,0,770.0
538008115,1715766155,-26.530666,52.235466,103.0,0,790.0
538008115,1715766386,-26.52865,52.247784,104.0,0,780.0
538008115,1715766404,-26.528482,52.248833,104.0,0,790.0
538008115,1715766536,-26.527134,52.255684,104.0,0,770.0
538008115,1715766665,-26.525766,52.2626,103.0,0,780.0
538008115,1715766715,-26.525299,52.265217,103.0,0,790.0
538008115,1715766813,-26.524418,52.270535,102.0,0,790.0
538008115,1715766836,-26.524233,52.271534,102.0,0,790.0
538008115,1715766857,-26.524067,52.272598,102.0,0,780.0
538008115,1715766873,-26.523916,52.273716,102.0,0,800.0
538008115,1715766927,-26.523466,52.276283,102.0,0,780.0
538008115,1715767022,-26.522583,52.281532,102.0,0,790.0
538008115,1715767075,-26.5222,52.284168,101.0,0,800.0
538008115,1715767283,-26.520416,52.295151,101.0,0,780.0
538008115,1715767405,-26.519449,52.301517,101.0,0,810.0
538008115,1715767435,-26.519199,52.303032,101.0,0,800.0
538008115,1715767545,-26.518351,52.308716,101.0,0,790.0
538008115,1715767655,-26.517418,52.314499,101.0,0,790.0
538008115,1715767755,-26.516632,52.319717,101.0,0,790.0
538008115,1715767872,-26.515583,52.326,101.0,0,780.0
538008115,1715767885,-26.515467,52.326515,102.0,0,780.0
538008115,1715767943,-26.514917,52.329601,101.0,0,780.0
538008115,1715767992,-26.514433,52.332268,102.0,0,770.0
538008115,1715768052,-26.513832,52.3354,102.0,0,780.0
538008115,1715768247,-26.512068,52.345367,102.0,0,790.0
538008115,1715768252,-26.511967,52.345882,102.0,0,790.0
538008115,1715768314,-26.511433,52.348984,102.0,0,790.0
538008115,1715768356,-26.511032,52.351185,102.0,0,780.0
538008115,1715768543,-26.508917,52.361069,102.0,0,750.0
538008115,1715768735,-26.506849,52.370949,102.0,0,770.0
538008115,1715768876,-26.505367,52.378181,102.0,0,760.0
538008115,1715768927,-26.504801,52.380867,101.0,0,760.0
538008115,1715769018,-26.503933,52.385448,101.0,0,770.0
538008115,1715769056,-26.50355,52.387482,100.0,0,770.0
538008115,1715769175,-26.502466,52.393734,101.0,0,780.0
538008115,1715769233,-26.501818,52.396851,100.0,0,780.0
538008115,1715769295,-26.50115,52.399918,101.0,0,760.0
538008115,1715769327,-26.500834,52.401451,100.0,0,750.0
538008115,1715769356,-26.500517,52.402931,101.0,0,760.0
538008115,1715769377,-26.500282,52.404018,101.0,0,760.0
538008115,1715769484,-26.4991,52.409649,100.0,0,750.0
538008115,1715769565,-26.49815,52.41375,101.0,0,760.0
538008115,1715769612,-26.497618,52.416218,101.0,0,760.0
538008115,1715769712,-26.496517,52.421398,101.0,0,760.0
538008115,1715769726,-26.496401,52.421951,100.0,0,760.0
538008115,1715769732,-26.4963,52.422432,101.0,0,770.0
538008115,1715769954,-26.4937,52.433701,101.0,0,740.0
538008115,1715769995,-26.493217,52.435848,101.0,0,760.0
538008115,1715770186,-26.491034,52.445549,101.0,0,760.0
538008115,1715770303,-26.489651,52.451717,101.0,0,770.0
538008115,1715770382,-26.48875,52.455799,101.0,0,760.0
538008115,1715770542,-26.486834,52.4641,103.0,0,760.0
538008115,1715770682,-26.485018,52.471283,102.0,0,740.0
538008115,1715770848,-26.483101,52.479568,101.0,0,760.0
538008115,1715770952,-26.481817,52.485184,101.0,0,750.0
538008115,1715771029,-26.480984,52.488766,102.0,0,760.0
538008115,1715771743,-26.472433,52.525517,101.0,0,760.0
538008115,1715771945,-26.470118,52.535618,100.0,0,760.0
538008115,1715772147,-26.467899,52.545799,100.0,0,780.0
538008115,1715772284,-26.466383,52.552898,99.0,0,760.0
538008115,1715772497,-26.46435,52.563633,99.0,0,780.0
538008115,1715772614,-26.463182,52.569683,99.0,0,780.0
538008115,1715772855,-26.460817,52.581867,100.0,0,770.0
538008115,1715773343,-26.455967,52.60635,98.0,0,760.0
538008115,1715773473,-26.454582,52.612816,98.0,0,750.0
538008115,1715773713,-26.452299,52.624817,98.0,0,770.0
538008115,1715774114,-26.448549,52.644917,98.0,0,790.0
538008115,1715774154,-26.448168,52.646866,98.0,0,770.0
538008115,1715774264,-26.44705,52.652382,98.0,0,750.0
538008115,1715774312,-26.446518,52.654816,98.0,0,750.0
538008115,1715774435,-26.44525,52.660801,98.0,0,760.0
538008115,1715774706,-26.442432,52.674316,98.0,0,760.0
538008115,1715774804,-26.441383,52.679333,99.0,0,760.0
538008115,1715774816,-26.44125,52.679882,98.0,0,770.0
538008115,1715774876,-26.440651,52.68285,98.0,0,770.0
538008115,1715775054,-26.438766,52.691883,99.0,0,770.0
538008115,1715775066,-26.438667,52.692402,99.0,0,770.0
538008115,1715775146,-26.437866,52.696434,99.0,0,780.0
538008115,1715775263,-26.436733,52.70245,99.0,0,770.0
538008115,1715775313,-26.436251,52.705051,100.0,0,780.0
538008115,1715775325,-26.436132,52.705551,100.0,0,760.0
538008115,1715775419,-26.435183,52.710182,100.0,0,770.0
538008115,1715775434,-26.435017,52.711151,100.0,0,780.0
538008115,1715775473,-26.434601,52.713219,100.0,0,750.0
538008115,1715775493,-26.434418,52.714134,99.0,0,770.0
538008115,1715775554,-26.433849,52.717201,100.0,0,760.0
538008115,1715775613,-26.43335,52.719784,100.0,0,770.0
538008115,1715775663,-26.432882,52.722301,100.0,0,770.0
538008115,1715775673,-26.43265,52.723316,100.0,0,770.0
538008115,1715775878,-26.430683,52.733482,100.0,0,770.0
538008115,1715776009,-26.429417,52.740131,99.0,0,770.0
538008115,1715776034,-26.42915,52.741718,99.0,0,790.0
538008115,1715776112,-26.428368,52.745785,100.0,0,770.0
538008115,1715776335,-26.426233,52.757,100.0,0,780.0
538008115,1715776477,-26.424816,52.764118,100.0,0,780.0
538008115,1715776633,-26.423233,52.772202,99.0,0,760.0
538008115,1715776696,-26.422583,52.775215,99.0,0,770.0
538008115,1715777043,-26.418266,52.792633,99.0,0,750.0
538008115,1715777274,-26.415318,52.804066,99.0,0,750.0
538008115,1715777346,-26.414516,52.807568,98.0,0,760.0
538008115,1715777802,-26.409451,52.830334,96.0,0,750.0
538008115,1715778066,-26.406616,52.843117,97.0,0,750.0
538008115,1715778138,-26.405817,52.846668,97.0,0,750.0
538008115,1715778402,-26.403032,52.859852,96.0,0,750.0
538008115,1715778565,-26.401466,52.867718,96.0,0,780.0
538008115,1715778578,-26.401367,52.868198,96.0,0,770.0
538008115,1715778616,-26.400967,52.870182,97.0,0,780.0
538008115,1715778713,-26.400084,52.875134,97.0,0,790.0
538008115,1715778977,-26.397766,52.888065,97.0,0,770.0
538008115,1715779059,-26.397051,52.892052,98.0,0,780.0
538008115,1715779116,-26.39645,52.89505,98.0,0,760.0
538008115,1715779188,-26.395767,52.898533,98.0,0,770.0
538008115,1715779508,-26.392633,52.914581,97.0,0,780.0
538008115,1715779515,-26.39255,52.915066,98.0,0,760.0
538008115,1715779726,-26.390533,52.925617,98.0,0,770.0
538008115,1715779843,-26.389433,52.931618,99.0,0,790.0
538008115,1715779945,-26.388483,52.936699,99.0,0,780.0
538008115,1715780035,-26.38765,52.941265,99.0,0,770.0
538008115,1715780144,-26.386467,52.9468,99.0,0,750.0
538008115,1715780584,-26.381132,52.968933,101.0,0,750.0
538008115,1715780693,-26.379784,52.974434,101.0,0,740.0
538008115,1715780714,-26.379551,52.975567,101.0,0,760.0
538008115,1715780844,-26.378033,52.982166,101.0,0,740.0
538008115,1715781064,-26.375383,52.993401,101.0,0,750.0
538008115,1715781144,-26.374483,52.997452,101.0,0,760.0
538008115,1715781197,-26.373966,53.00005,101.0,0,760.0
538008115,1715781214,-26.373734,53.001019,100.0,0,750.0
538008115,1715781264,-26.373249,53.003532,100.0,0,770.0
538008115,1715781324,-26.372583,53.006649,100.0,0,760.0
538008115,1715781555,-26.370117,53.018398,101.0,0,760.0
538008115,1715781667,-26.3689,53.024082,101.0,0,770.0
538008115,1715781822,-26.367132,53.0322,101.0,0,760.0
538008115,1715781984,-26.365517,53.040466,100.0,0,780.0
538008115,1715782053,-26.364901,53.044048,101.0,0,790.0
538008115,1715782074,-26.36475,53.044983,100.0,0,790.0
538008115,1715782116,-26.364349,53.047134,100.0,0,790.0
538008115,1715782183,-26.363768,53.050652,101.0,0,780.0
538008115,1715782366,-26.362249,53.059849,100.0,0,780.0
538008115,1715782373,-26.362167,53.060349,101.0,0,790.0
538008115,1715782577,-26.360416,53.070618,101.0,0,780.0
538008115,1715782582,-26.360332,53.071068,100.0,0,790.0
538008115,1715782756,-26.35895,53.079819,100.0,0,800.0
538008115,1715782959,-26.357401,53.090034,99.0,0,780.0
538008115,1715782994,-26.357018,53.092117,100.0,0,780.0
538008115,1715783029,-26.356716,53.093651,100.0,0,780.0
538008115,1715783084,-26.356083,53.096699,100.0,0,770.0
538008115,1715783234,-26.3542,53.104183,101.0,0,730.0
538008115,1715783324,-26.353018,53.108749,101.0,0,740.0
538008115,1715783454,-26.3514,53.115299,101.0,0,730.0
538008115,1715783615,-26.3494,53.123333,101.0,0,750.0
538008115,1715783778,-26.347418,53.131382,101.0,0,740.0
538008115,1715783824,-26.346817,53.133801,101.0,0,740.0
538008115,1715783904,-26.345818,53.137932,101.0,0,730.0
538008115,1715783964,-26.345133,53.140919,101.0,0,740.0
538008115,1715784064,-26.343983,53.145966,101.0,0,760.0
538008115,1715784086,-26.343767,53.146984,101.0,0,760.0
538008115,1715784097,-26.343651,53.147499,101.0,0,760.0
538008115,1715784173,-26.342699,53.151585,101.0,0,740.0
538008115,1715784894,-26.336033,53.188801,102.0,0,760.0
538008115,1715784954,-26.335432,53.191883,102.0,0,770.0
538008115,1715785086,-26.334101,53.198551,102.0,0,760.0
538008115,1715785204,-26.332817,53.2047,102.0,0,760.0
538008115,1715785344,-26.3314,53.211884,101.0,0,780.0
538008115,1715785404,-26.330816,53.215015,101.0,0,770.0
538008115,1715785484,-26.33005,53.219116,101.0,0,770.0
538008115,1715785555,-26.329317,53.222767,101.0,0,760.0
538008115,1715785644,-26.328382,53.227219,102.0,0,760.0
538008115,1715785811,-26.32675,53.235481,101.0,0,780.0
538008115,1715785865,-26.326134,53.238602,100.0,0,760.0
538008115,1715785884,-26.325933,53.239498,100.0,0,760.0
538008115,1715786145,-26.322968,53.252731,101.0,0,760.0
538008115,1715786189,-26.322468,53.254768,101.0,0,740.0
538008115,1715786351,-26.32045,53.263283,101.0,0,740.0
538008115,1715786464,-26.319218,53.268833,101.0,0,750.0
538008115,1715786844,-26.314684,53.287968,101.0,0,740.0
538008115,1715787035,-26.3125,53.297531,101.0,0,740.0
538008115,1715787255,-26.309834,53.308651,100.0,0,730.0
538008115,1715787503,-26.306816,53.321182,99.0,0,740.0
538008115,1715787564,-26.306067,53.3242,100.0,0,730.0
538008115,1715787579,-26.30595,53.324718,100.0,0,750.0
538008115,1715787718,-26.304216,53.331635,100.0,0,720.0
538008115,1715787903,-26.302151,53.341232,101.0,0,780.0
538008115,1715788022,-26.300917,53.347252,100.0,0,760.0
538008115,1715788146,-26.2997,53.353367,101.0,0,780.0
538008115,1715788993,-26.291267,53.396935,102.0,0,770.0
538008115,1715789263,-26.2887,53.410831,101.0,0,790.0
538008115,1715789296,-26.288401,53.412369,102.0,0,770.0
538008115,1715789498,-26.286484,53.422699,100.0,0,780.0
538008115,1715789626,-26.285267,53.429283,101.0,0,780.0
538008115,1715789642,-26.285067,53.430367,101.0,0,780.0
538008115,1715789674,-26.2848,53.431915,101.0,0,790.0
538008115,1715789733,-26.284184,53.434982,102.0,0,760.0
538008115,1715789889,-26.282633,53.442719,102.0,0,790.0
538008115,1715790036,-26.28125,53.450401,101.0,0,790.0
538008115,1715790086,-26.280817,53.453018,101.0,0,810.0
538008115,1715790171,-26.280033,53.45705,101.0,0,780.0
538008115,1715790431,-26.277517,53.470284,101.0,0,770.0
538008115,1715790915,-26.27235,53.495316,101.0,0,750.0
538008115,1715790946,-26.272034,53.496784,101.0,0,750.0
538008115,1715790975,-26.271667,53.498318,101.0,0,750.0
538008115,1715791233,-26.268517,53.511501,101.0,0,760.0
538008115,1715791664,-26.263918,53.533169,99.0,0,780.0
538008115,1715791708,-26.263517,53.535183,99.0,0,760.0
538008115,1715791724,-26.263317,53.536201,99.0,0,780.0
538008115,1715791746,-26.263149,53.537266,99.0,0,770.0
538008115,1715791794,-26.26265,53.539749,99.0,0,780.0
538008115,1715791923,-26.261383,53.546249,98.0,0,760.0
538008115,1715791986,-26.260866,53.549267,98.0,0,790.0
538008115,1715792016,-26.260584,53.550781,98.0,0,790.0
538008115,1715792024,-26.260517,53.551285,98.0,0,790.0
538008115,1715792124,-26.259567,53.556381,98.0,0,770.0
538008115,1715792166,-26.259199,53.558315,98.0,0,780.0
538008115,1715792203,-26.258833,53.560383,98.0,0,790.0
538008115,1715792393,-26.25705,53.569767,97.0,0,770.0
538008115,1715793236,-26.247816,53.611034,97.0,0,750.0
538008115,1715793354,-26.246532,53.616966,98.0,0,760.0
538008115,1715793515,-26.244783,53.624882,98.0,0,760.0
538008115,1715793646,-26.243317,53.631332,98.0,0,760.0
538008115,1715793773,-26.241934,53.637783,98.0,0,770.0
538008115,1715793805,-26.241617,53.639317,98.0,0,770.0
538008115,1715793824,-26.2414,53.640202,98.0,0,760.0
538008115,1715793848,-26.241167,53.641251,97.0,0,770.0
538008115,1715794122,-26.23815,53.655167,98.0,0,760.0
538008115,1715794222,-26.237066,53.660149,98.0,0,760.0
538008115,1715794355,-26.235683,53.666698,99.0,0,760.0
538008115,1715794505,-26.234016,53.674252,99.0,0,760.0
538008115,1715794545,-26.233583,53.676201,100.0,0,760.0
538008115,1715794625,-26.2327,53.680351,100.0,0,770.0
538008115,1715794838,-26.230618,53.690899,100.0,0,770.0
538008115,1715794894,-26.230034,53.693901,99.0,0,770.0
538008115,1715794957,-26.229418,53.696999,100.0,0,780.0
538008115,1715794992,-26.228983,53.699001,99.0,0,760.0
538008115,1715795132,-26.227501,53.706066,99.0,0,760.0
538008115,1715795255,-26.226133,53.712185,98.0,0,750.0
538008115,1715795262,-26.226067,53.712601,99.0,0,760.0
538008115,1715795315,-26.2255,53.715149,98.0,0,760.0
538008115,1715795377,-26.224817,53.718132,98.0,0,740.0
538008115,1715795466,-26.2239,53.722584,98.0,0,770.0
538008115,1715795504,-26.223482,53.724533,98.0,0,760.0
538008115,1715795867,-26.219633,53.742619,98.0,0,760.0
538008115,1715795877,-26.219534,53.743069,98.0,0,760.0
538008115,1715795972,-26.218433,53.748051,99.0,0,760.0
538008115,1715795993,-26.218218,53.749035,99.0,0,750.0
538008115,1715796012,-26.218,53.75005,98.0,0,760.0
538008115,1715796021,-26.217916,53.750549,99.0,0,770.0
538008115,1715796032,-26.2178,53.751068,99.0,0,770.0
538008115,1715796052,-26.2176,53.752068,99.0,0,770.0
538008115,1715796072,-26.217382,53.753067,99.0,0,760.0
538008115,1715796082,-26.217283,53.753567,99.0,0,770.0
538008115,1715796102,-26.217051,53.754551,99.0,0,750.0
538008115,1715796112,-26.216932,53.755016,98.0,0,760.0
538008115,1715796121,-26.216801,53.755501,98.0,0,740.0
538008115,1715796132,-26.216717,53.756065,98.0,0,750.0
538008115,1715796142,-26.216566,53.75655,97.0,0,750.0
538008115,1715796151,-26.216482,53.757034,98.0,0,750.0
538008115,1715796162,-26.216383,53.757599,98.0,0,760.0
538008115,1715796172,-26.216267,53.758034,97.0,0,760.0
538008115,1715796181,-26.216183,53.758484,98.0,0,750.0
538008115,1715796191,-26.216049,53.758968,98.0,0,750.0
538008115,1715796202,-26.215933,53.759518,97.0,0,750.0
538008115,1715796211,-26.215866,53.759983,98.0,0,770.0
538008115,1715796213,-26.215866,53.759983,98.0,0,770.0
538008115,1715796222,-26.215733,53.760517,97.0,0,750.0
538008115,1715796232,-26.215633,53.761017,98.0,0,750.0
538008115,1715796262,-26.215317,53.762466,98.0,0,770.0
538008115,1715796271,-26.215183,53.763016,98.0,0,760.0
538008115,1715796275,-26.215183,53.763016,98.0,0,760.0
538008115,1715796282,-26.215082,53.763569,98.0,0,770.0
538008115,1715796301,-26.214884,53.764465,98.0,0,750.0
538008115,1715796311,-26.214783,53.764969,99.0,0,780.0
538008115,1715796322,-26.214634,53.765518,98.0,0,760.0
538008115,1715796331,-26.214567,53.765968,99.0,0,760.0
538008115,1715796334,-26.214567,53.765968,99.0,0,760.0
538008115,1715796351,-26.214317,53.766933,97.0,0,750.0
538008115,1715796371,-26.2141,53.767948,97.0,0,750.0
538008115,1715796402,-26.213734,53.769482,98.0,0,740.0
538008115,1715796405,-26.213734,53.769482,98.0,0,740.0
538008115,1715796411,-26.21365,53.769932,98.0,0,750.0
538008115,1715796421,-26.213499,53.770367,98.0,0,740.0
538008115,1715796431,-26.213383,53.770966,98.0,0,730.0
538008115,1715796442,-26.213266,53.771465,98.0,0,750.0
538008115,1715796471,-26.212917,53.772919,98.0,0,750.0
538008115,1715796491,-26.212683,53.773899,98.0,0,740.0
538008115,1715796501,-26.212566,53.774399,99.0,0,750.0
538008115,1715796531,-26.212282,53.775917,99.0,0,770.0
538008115,1715796595,-26.211599,53.778915,98.0,0,750.0
538008115,1715796668,-26.210867,53.782433,99.0,0,770.0
538008115,1715796866,-26.208549,53.7925,99.0,0,750.0
538008115,1715796983,-26.20715,53.79855,99.0,0,750.0
538008115,1715797135,-26.205334,53.806118,99.0,0,740.0
538008115,1715797573,-26.200583,53.828281,99.0,0,770.0
538008115,1715797733,-26.198883,53.836285,98.0,0,770.0
538008115,1715797763,-26.198549,53.837833,99.0,0,770.0
538008115,1715797805,-26.198168,53.839867,99.0,0,770.0
538008115,1715797863,-26.197567,53.84285,99.0,0,780.0
538008115,1715797993,-26.196266,53.849468,99.0,0,790.0
538008115,1715798133,-26.194733,53.856533,99.0,0,770.0
538008115,1715798263,-26.193451,53.863152,99.0,0,780.0
538008115,1715798767,-26.1884,53.888283,98.0,0,770.0
538008115,1715798877,-26.187218,53.893848,98.0,0,750.0
538008115,1715798925,-26.186701,53.896301,98.0,0,770.0
538008115,1715799171,-26.184099,53.908432,98.0,0,770.0
538008115,1715799215,-26.183567,53.910885,97.0,0,770.0
538008115,1715799245,-26.18325,53.912315,97.0,0,760.0
538008115,1715799415,-26.18145,53.920784,97.0,0,750.0
538008115,1715799555,-26.179934,53.927685,98.0,0,760.0
538008115,1715799574,-26.179684,53.928684,97.0,0,760.0
538008115,1715799615,-26.179251,53.930717,97.0,0,770.0
538008115,1715799629,-26.179132,53.931267,98.0,0,760.0
538008115,1715799754,-26.17775,53.937752,98.0,0,770.0
538008115,1715800032,-26.174749,53.951515,97.0,0,760.0
538008115,1715800208,-26.172832,53.959885,97.0,0,740.0
538008115,1715800242,-26.172449,53.961918,97.0,0,770.0
538008115,1715800350,-26.171383,53.966782,97.0,0,760.0
538008115,1715800498,-26.169884,53.974251,97.0,0,770.0
538008115,1715800582,-26.168983,53.978748,97.0,0,780.0
538008115,1715800644,-26.168383,53.981682,97.0,0,780.0
538008115,1715800702,-26.167784,53.984718,98.0,0,760.0
538008115,1715800764,-26.167168,53.987633,98.0,0,770.0
538008115,1715800877,-26.1661,53.993198,98.0,0,780.0
538008115,1715800903,-26.165783,53.994682,98.0,0,770.0
538008115,1715801158,-26.163366,54.007149,98.0,0,780.0
538008115,1715801252,-26.162382,54.012169,98.0,0,780.0
538008115,1715801286,-26.16205,54.013668,98.0,0,760.0
538008115,1715801334,-26.161568,54.016151,97.0,0,760.0
538008115,1715801398,-26.16095,54.019199,98.0,0,770.0
538008115,1715801495,-26.159983,54.0242,99.0,0,770.0
538008115,1715801542,-26.159483,54.026699,99.0,0,770.0
538008115,1715801553,-26.159401,54.027199,98.0,0,780.0
538008115,1715801572,-26.159184,54.028301,98.0,0,770.0
538008115,1715801602,-26.158916,54.029766,99.0,0,770.0
538008115,1715801611,-26.158817,54.030231,99.0,0,760.0
538008115,1715801642,-26.158518,54.031799,98.0,0,780.0
538008115,1715801671,-26.158266,54.033268,98.0,0,770.0
538008115,1715801675,-26.158266,54.033268,98.0,0,770.0
538008115,1715801702,-26.157949,54.034817,99.0,0,770.0
538008115,1715801711,-26.15785,54.035316,99.0,0,770.0
538008115,1715801722,-26.157717,54.035866,100.0,0,770.0
538008115,1715801745,-26.157534,54.036816,100.0,0,770.0
538008115,1715801805,-26.156933,54.039848,98.0,0,770.0
538008115,1715801831,-26.156668,54.041317,99.0,0,760.0
538008115,1715801842,-26.156584,54.041882,100.0,0,800.0
538008115,1715801851,-26.156584,54.041882,100.0,0,800.0
538008115,1715801862,-26.156418,54.0429,99.0,0,790.0
538008115,1715801903,-26.156,54.044968,99.0,0,780.0
538008115,1715801951,-26.155533,54.047401,99.0,0,780.0
538008115,1715801962,-26.155434,54.047966,100.0,0,780.0
538008115,1715801971,-26.15535,54.048416,99.0,0,780.0
538008115,1715802012,-26.154966,54.0504,99.0,0,770.0
538008115,1715802031,-26.154766,54.051533,100.0,0,780.0
538008115,1715802062,-26.154467,54.053066,100.0,0,770.0
538008115,1715802082,-26.154284,54.0541,100.0,0,780.0
538008115,1715802161,-26.1534,54.058083,100.0,0,750.0
538008115,1715802433,-26.150217,54.071815,101.0,0,750.0
538008115,1715802463,-26.149866,54.073349,101.0,0,760.0
538008115,1715802583,-26.14855,54.079517,100.0,0,770.0
538008115,1715802699,-26.147301,54.085098,100.0,0,750.0
538008115,1715802753,-26.146532,54.088116,100.0,0,750.0
538008115,1715802823,-26.145733,54.091702,101.0,0,760.0
538008115,1715802930,-26.14465,54.096733,99.0,0,750.0
538008115,1715802948,-26.144466,54.097752,100.0,0,760.0
538008115,1715803495,-26.138451,54.12545,100.0,0,780.0
538008115,1715803748,-26.135883,54.13805,98.0,0,770.0
538008115,1715803755,-26.135799,54.138569,99.0,0,780.0
538008115,1715803794,-26.135418,54.140499,97.0,0,760.0
538008115,1715803853,-26.134768,54.143517,97.0,0,770.0
538008115,1715803928,-26.134083,54.146935,98.0,0,780.0
538008115,1715803964,-26.133633,54.148869,97.0,0,740.0
538008115,1715804135,-26.132116,54.157269,97.0,0,800.0
538008115,1715804225,-26.131283,54.161766,96.0,0,770.0
538008115,1715804402,-26.12965,54.170551,97.0,0,780.0
538008115,1715804475,-26.128933,54.174049,97.0,0,750.0
538008115,1715804524,-26.128433,54.176483,97.0,0,770.0
538008115,1715804574,-26.127899,54.179001,96.0,0,760.0
538008115,1715804675,-26.126883,54.183849,97.0,0,760.0
538008115,1715804855,-26.124916,54.192616,97.0,0,760.0
538008115,1715804915,-26.124268,54.195599,97.0,0,760.0
538008115,1715804974,-26.123617,54.198551,98.0,0,770.0
538008115,1715805013,-26.123182,54.2005,97.0,0,750.0
538008115,1715805166,-26.121584,54.207901,97.0,0,770.0
538008115,1715805173,-26.121483,54.208332,97.0,0,760.0
538008115,1715805419,-26.118784,54.220184,98.0,0,750.0
538008115,1715805475,-26.118116,54.223133,99.0,0,750.0
538008115,1715805502,-26.1178,54.224602,99.0,0,770.0
538008115,1715805556,-26.1173,54.227051,99.0,0,770.0
538008115,1715805563,-26.117167,54.227531,98.0,0,760.0
538008115,1715805586,-26.116966,54.228584,98.0,0,760.0
538008115,1715805633,-26.116449,54.231018,99.0,0,760.0
538008115,1715805693,-26.11585,54.234001,97.0,0,770.0
538008115,1715805723,-26.115534,54.235451,98.0,0,770.0
538008115,1715805966,-26.113001,54.247383,97.0,0,760.0
538008115,1715806062,-26.111967,54.252266,98.0,0,780.0
538008115,1715806074,-26.111851,54.252766,98.0,0,780.0
538008115,1715806083,-26.111799,54.253319,98.0,0,770.0
538008115,1715806134,-26.111282,54.255768,98.0,0,770.0
538008115,1715806205,-26.110617,54.259201,97.0,0,780.0
538008115,1715806222,-26.110434,54.260132,97.0,0,780.0
538008115,1715806374,-26.10895,54.267651,98.0,0,770.0
538008115,1715806384,-26.10885,54.268032,98.0,0,760.0
538008115,1715806483,-26.1078,54.273033,98.0,0,760.0
538008115,1715806496,-26.107718,54.273582,98.0,0,770.0
538008115,1715806572,-26.106951,54.2771,99.0,0,760.0
538008115,1715806604,-26.106583,54.279068,99.0,0,770.0
538008115,1715806712,-26.10545,54.284485,98.0,0,750.0
538008115,1715806726,-26.10535,54.285034,99.0,0,780.0
538008115,1715806867,-26.103849,54.292049,99.0,0,760.0
538008115,1715806967,-26.102882,54.296982,98.0,0,770.0
538008115,1715807094,-26.101517,54.303318,99.0,0,760.0
538008115,1715807394,-26.098333,54.318268,98.0,0,770.0
538008115,1715807454,-26.097733,54.321251,98.0,0,770.0
538008115,1715807534,-26.096933,54.325233,98.0,0,770.0
538008115,1715807733,-26.094833,54.335152,99.0,0,760.0
538008115,1715807844,-26.093733,54.340717,99.0,0,790.0
538008115,1715807854,-26.093616,54.341167,99.0,0,770.0
538008115,1715807865,-26.093533,54.341667,99.0,0,780.0
538008115,1715808035,-26.091801,54.350182,99.0,0,760.0
538008115,1715808134,-26.090851,54.355148,99.0,0,760.0
538008115,1715808225,-26.09,54.359669,99.0,0,770.0
538008115,1715808252,-26.089684,54.361149,99.0,0,760.0
538008115,1715808305,-26.089149,54.363701,99.0,0,780.0
538008115,1715808404,-26.08815,54.368649,99.0,0,760.0
538008115,1715808577,-26.086367,54.377232,100.0,0,770.0
538008115,1715808667,-26.085466,54.381718,100.0,0,770.0
538008115,1715808756,-26.084566,54.386299,100.0,0,780.0
538008115,1715808834,-26.083683,54.390331,101.0,0,750.0
538008115,1715808917,-26.082817,54.394367,100.0,0,760.0
538008115,1715809007,-26.081783,54.398849,101.0,0,750.0
538008115,1715809341,-26.078167,54.416016,101.0,0,770.0
538008115,1715809359,-26.078033,54.416569,101.0,0,750.0
538008115,1715809383,-26.0777,54.418083,100.0,0,760.0
538008115,1715809542,-26.076082,54.425652,100.0,0,770.0
538008115,1715809547,-26.075951,54.426102,100.0,0,760.0
538008115,1715809737,-26.0739,54.435684,100.0,0,770.0
538008115,1715809785,-26.073366,54.438148,100.0,0,760.0
538008115,1715809923,-26.071817,54.445217,100.0,0,760.0
538008115,1715809925,-26.071817,54.445217,100.0,0,760.0
538008115,1715809945,-26.071617,54.446167,100.0,0,760.0
538008115,1715809993,-26.071033,54.448666,100.0,0,750.0
538008115,1715810223,-26.068501,54.460335,100.0,0,760.0
538008115,1715810306,-26.067551,54.464382,101.0,0,750.0
538008115,1715810405,-26.06645,54.469467,101.0,0,770.0
538008115,1715810441,-26.06605,54.471466,101.0,0,770.0
538008115,1715810454,-26.06595,54.471985,102.0,0,770.0
538008115,1715810515,-26.065283,54.475067,101.0,0,760.0
538008115,1715810567,-26.064751,54.477566,101.0,0,780.0
538008115,1715810633,-26.063932,54.481167,101.0,0,760.0
538008115,1715810659,-26.063717,54.482166,101.0,0,760.0
538008115,1715810683,-26.0634,54.48365,101.0,0,760.0
538008115,1715811153,-26.058149,54.507198,98.0,0,750.0
538008115,1715811163,-26.05805,54.507633,98.0,0,750.0
538008115,1715811293,-26.056566,54.514168,99.0,0,760.0
538008115,1715811703,-26.052383,54.534416,99.0,0,750.0
538008115,1715811763,-26.051701,54.537399,99.0,0,760.0
538008115,1715812085,-26.048401,54.553268,98.0,0,760.0
538008115,1715812154,-26.047684,54.556816,99.0,0,770.0
538008115,1715812187,-26.04735,54.5583,98.0,0,760.0
538008115,1715812313,-26.045982,54.564617,99.0,0,760.0
538008115,1715812974,-26.039467,54.597401,99.0,0,780.0
538008115,1715813337,-26.036034,54.615452,99.0,0,780.0
538008115,1715813383,-26.035618,54.617966,99.0,0,780.0
538008115,1715813544,-26.034018,54.626034,99.0,0,770.0
538008115,1715813754,-26.032084,54.636532,99.0,0,790.0
538008115,1715814021,-26.0296,54.649948,99.0,0,780.0
538008115,1715814587,-26.024532,54.677952,98.0,0,760.0
538008115,1715814686,-26.0235,54.682884,99.0,0,760.0
538008115,1715815695,-26.01255,54.732498,98.0,0,750.0
538008115,1715815821,-26.011168,54.738449,98.0,0,750.0
538008115,1715816083,-26.008118,54.751617,97.0,0,760.0
538008115,1715816211,-26.006666,54.757984,98.0,0,750.0
538008115,1715816230,-26.006533,54.758518,99.0,0,750.0
538008115,1715816334,-26.005283,54.763882,98.0,0,750.0
538008115,1715816400,-26.004517,54.766899,97.0,0,740.0
538008115,1715816615,-26.001932,54.777634,98.0,0,750.0
538008115,1715816645,-26.001568,54.779118,99.0,0,740.0
538008115,1715816723,-26.000633,54.7831,98.0,0,760.0
538008115,1715816784,-25.999983,54.786068,99.0,0,760.0
538008115,1715816996,-25.997633,54.796268,97.0,0,750.0
538008115,1715817114,-25.99625,54.802067,97.0,0,740.0
538008115,1715817125,-25.996117,54.802616,97.0,0,740.0
538008115,1715817195,-25.995367,54.806,97.0,0,760.0
538008115,1715817215,-25.99515,54.806969,97.0,0,770.0
538008115,1715817355,-25.993584,54.813732,96.0,0,760.0
538008115,1715817864,-25.98875,54.838848,98.0,0,800.0
538008115,1715817973,-25.987801,54.844269,98.0,0,790.0
538008115,1715818000,-25.987617,54.845318,98.0,0,780.0
538008115,1715818058,-25.987083,54.848301,99.0,0,780.0
538008115,1715818087,-25.986782,54.849785,98.0,0,780.0
538008115,1715818184,-25.985884,54.854698,98.0,0,780.0
538008115,1715818197,-25.985767,54.855251,99.0,0,780.0
538008115,1715818305,-25.984833,54.860668,98.0,0,800.0
538008115,1715818389,-25.98415,54.8647,99.0,0,780.0
538008115,1715818895,-25.979982,54.890182,99.0,0,780.0
538008115,1715818991,-25.979099,54.895134,99.0,0,780.0
538008115,1715819283,-25.976482,54.909698,99.0,0,790.0
538008115,1715819376,-25.9757,54.91415,99.0,0,790.0
538008115,1715819428,-25.975267,54.916698,98.0,0,780.0
538008115,1715819501,-25.974617,54.92065,99.0,0,800.0
538008115,1715819553,-25.9741,54.923168,97.0,0,760.0
538008115,1715819561,-25.974016,54.923618,97.0,0,770.0
538008115,1715819627,-25.973301,54.926567,98.0,0,740.0
538008115,1715819696,-25.972383,54.929966,98.0,0,730.0
538008115,1715820262,-25.9652,54.957802,99.0,0,720.0
538008115,1715820366,-25.963867,54.962749,98.0,0,730.0
538008115,1715820433,-25.96295,54.966118,99.0,0,730.0
538008115,1715820506,-25.962049,54.969551,99.0,0,720.0
538008115,1715820651,-25.960117,54.976917,99.0,0,740.0
538008115,1715820902,-25.957767,54.989433,99.0,0,780.0
538008115,1715820945,-25.957451,54.991501,98.0,0,800.0
538008115,1715821015,-25.957033,54.994034,99.0,0,800.0
538008115,1715821235,-25.955032,55.006233,99.0,0,800.0
538008115,1715821405,-25.953501,55.014702,99.0,0,780.0
538008115,1715821465,-25.952818,55.017666,98.0,0,760.0
538008115,1715821755,-25.94945,55.032032,98.0,0,750.0
538008115,1715821895,-25.948,55.038982,99.0,0,780.0
538008115,1715822183,-25.944883,55.053349,98.0,0,750.0
538008115,1715822313,-25.943518,55.05975,98.0,0,760.0
538008115,1715822435,-25.942183,55.065666,97.0,0,750.0
538008115,1715822556,-25.940866,55.071602,99.0,0,760.0
538008115,1715822589,-25.9405,55.073116,99.0,0,750.0
538008115,1715822626,-25.940067,55.075031,99.0,0,750.0
538008115,1715822637,-25.939951,55.075535,98.0,0,750.0
538008115,1715822763,-25.938334,55.081966,98.0,0,740.0
538008115,1715822875,-25.936951,55.087383,98.0,0,730.0
538008115,1715822975,-25.935749,55.092232,97.0,0,750.0
538008115,1715823075,-25.934616,55.097134,97.0,0,750.0
538008115,1715823116,-25.934168,55.099083,97.0,0,740.0
538008115,1715823127,-25.93405,55.099567,98.0,0,740.0
538008115,1715823305,-25.932034,55.108299,97.0,0,760.0
538008115,1715823351,-25.931618,55.110367,96.0,0,770.0
538008115,1715823448,-25.930918,55.114216,96.0,0,770.0
538008115,1715823545,-25.92985,55.120083,95.0,0,780.0
538008115,1715823624,-25.92915,55.124035,96.0,0,780.0
538008115,1715823698,-25.928516,55.127449,96.0,0,790.0
538008115,1715823808,-25.9275,55.132751,96.0,0,760.0
538008115,1715823904,-25.926533,55.13755,96.0,0,780.0
538008115,1715824036,-25.925283,55.143967,95.0,0,780.0
538008115,1715824220,-25.923634,55.152618,95.0,0,760.0
538008115,1715824452,-25.921232,55.164165,95.0,0,760.0
538008115,1715824691,-25.918768,55.175835,96.0,0,770.0
538008115,1715825093,-25.914499,55.195415,97.0,0,750.0
538008115,1715825294,-25.912184,55.205181,96.0,0,750.0
538008115,1715825338,-25.911716,55.207115,96.0,0,740.0
538008115,1715825475,-25.91025,55.213932,96.0,0,780.0
538008115,1715825505,-25.909983,55.215302,96.0,0,770.0
538008115,1715825534,-25.909651,55.216702,96.0,0,750.0
538008115,1715825615,-25.908751,55.220699,96.0,0,760.0
538008115,1715825637,-25.908533,55.221684,96.0,0,750.0
538008115,1715825725,-25.907534,55.225967,97.0,0,740.0
538008115,1715825864,-25.905933,55.232849,97.0,0,760.0
538008115,1715826663,-25.896383,55.27195,98.0,0,730.0
538008115,1715826857,-25.894068,55.281181,97.0,0,750.0
538008115,1715826972,-25.89275,55.287033,96.0,0,780.0
538008115,1715826977,-25.89275,55.287033,96.0,0,780.0
538008115,1715826984,-25.892668,55.287533,96.0,0,780.0
538008115,1715827049,-25.8922,55.290417,96.0,0,810.0
538008115,1715827087,-25.89185,55.292416,96.0,0,780.0
538008115,1715827213,-25.890818,55.298698,95.0,0,800.0
538008115,1715827355,-25.8897,55.3055,95.0,0,800.0
538008115,1715827433,-25.889084,55.309433,95.0,0,780.0
538008115,1715827528,-25.888433,55.313801,95.0,0,790.0
538008115,1715827722,-25.887033,55.323383,93.0,0,810.0
538008115,1715827813,-25.886316,55.327648,93.0,0,770.0
538008115,1715828105,-25.883766,55.34145,93.0,0,780.0
538008115,1715828293,-25.882084,55.350468,94.0,0,780.0
538008115,1715828385,-25.881184,55.354767,93.0,0,760.0
538008115,1715828893,-25.876167,55.379051,94.0,0,770.0
538008115,1715828912,-25.87595,55.380001,94.0,0,760.0
538008115,1715829117,-25.873949,55.389648,95.0,0,760.0
538008115,1715829227,-25.872784,55.394981,95.0,0,760.0
538008115,1715829355,-25.871367,55.40115,95.0,0,750.0
538008115,1715829412,-25.870716,55.404068,95.0,0,750.0
538008115,1715829452,-25.870283,55.405998,95.0,0,760.0
538008115,1715829487,-25.869932,55.407433,95.0,0,760.0
538008115,1715829533,-25.869383,55.409851,96.0,0,760.0
538008115,1715829765,-25.866882,55.421001,96.0,0,760.0
538008115,1715830055,-25.863882,55.435001,96.0,0,770.0
538008115,1715830203,-25.862284,55.44215,95.0,0,750.0
538008115,1715830442,-25.8598,55.453766,96.0,0,750.0
538008115,1715830517,-25.8591,55.457169,95.0,0,760.0
538008115,1715830583,-25.858433,55.460499,96.0,0,770.0
538008115,1715830592,-25.858351,55.461048,96.0,0,780.0
538008115,1715830603,-25.858217,55.461582,96.0,0,770.0
538008115,1715830660,-25.858433,55.460499,96.0,0,770.0
538008115,1715830810,-25.8561,55.471268,97.0,0,760.0
538008115,1715830897,-25.855167,55.475651,96.0,0,750.0
538008115,1715831113,-25.853132,55.486332,96.0,0,790.0
538008115,1715831437,-25.850149,55.501919,95.0,0,780.0
538008115,1715831584,-25.848783,55.509182,95.0,0,780.0
538008115,1715831634,-25.848333,55.5116,95.0,0,780.0
538008115,1715831651,-25.84815,55.512516,95.0,0,770.0
538008115,1715831661,-25.848066,55.513,95.0,0,780.0
538008115,1715831715,-25.847616,55.515415,95.0,0,780.0
538008115,1715831807,-25.8468,55.519768,95.0,0,780.0
538008115,1715831875,-25.846184,55.523216,95.0,0,790.0
538008115,1715831957,-25.845417,55.527065,95.0,0,770.0
538008115,1715832097,-25.844151,55.533798,95.0,0,770.0
538008115,1715832149,-25.843683,55.536266,95.0,0,780.0
538008115,1715832274,-25.842449,55.542549,95.0,0,780.0
538008115,1715832335,-25.841883,55.545448,95.0,0,760.0
538008115,1715832418,-25.8412,55.549252,95.0,0,780.0
538008115,1715832668,-25.8388,55.561367,94.0,0,760.0
538008115,1715832748,-25.837982,55.565151,95.0,0,760.0
538008115,1715832896,-25.836399,55.572399,95.0,0,760.0
538008115,1715833039,-25.834999,55.579132,95.0,0,780.0
538008115,1715833096,-25.834383,55.581951,94.0,0,750.0
538008115,1715833196,-25.833332,55.5868,94.0,0,760.0
538008115,1715833285,-25.832451,55.591,94.0,0,770.0
538008115,1715833293,-25.83235,55.591549,94.0,0,770.0
538008115,1715833497,-25.830383,55.601116,94.0,0,770.0
538008115,1715833583,-25.829468,55.60545,94.0,0,760.0
538008115,1715833731,-25.828033,55.612568,94.0,0,770.0
538008115,1715833742,-25.827932,55.613098,94.0,0,770.0
538008115,1715833873,-25.826633,55.619301,94.0,0,760.0
538008115,1715834207,-25.822983,55.635067,94.0,0,750.0
538008115,1715834216,-25.822884,55.635551,95.0,0,750.0
538008115,1715834293,-25.822033,55.639381,94.0,0,760.0
538008115,1715834633,-25.818399,55.655617,95.0,0,760.0
538008115,1715834754,-25.817133,55.661385,95.0,0,750.0
538008115,1715834963,-25.814833,55.671383,95.0,0,750.0
538008115,1715835014,-25.814251,55.673851,95.0,0,760.0
538008115,1715835295,-25.811533,55.687401,95.0,0,770.0
538008115,1715835907,-25.805799,55.716999,95.0,0,770.0
538008115,1715836046,-25.804483,55.723732,95.0,0,770.0
538008115,1715836276,-25.802233,55.734882,95.0,0,760.0
538008115,1715837423,-25.78985,55.790798,98.0,0,750.0
538008115,1715837593,-25.787916,55.799118,98.0,0,760.0
538008115,1715837723,-25.786417,55.805534,98.0,0,750.0
538008115,1715837918,-25.784517,55.814949,98.0,0,780.0
538008115,1715837943,-25.78425,55.816433,98.0,0,790.0
538008115,1715837966,-25.784018,55.817368,98.0,0,760.0
538008115,1715838123,-25.782333,55.825333,98.0,0,750.0
538008115,1715838163,-25.781918,55.827316,98.0,0,760.0
538008115,1715838253,-25.780951,55.831768,98.0,0,750.0
538008115,1715838433,-25.779051,55.840698,98.0,0,750.0
538008115,1715838443,-25.77895,55.841183,98.0,0,760.0
538008115,1715838463,-25.778749,55.842182,98.0,0,770.0
538008115,1715838473,-25.778618,55.842766,98.0,0,770.0
538008115,1715838513,-25.778217,55.844715,98.0,0,760.0
538008115,1715838623,-25.777082,55.850201,98.0,0,760.0
538008115,1715838633,-25.777,55.8507,98.0,0,760.0
538008115,1715838725,-25.776083,55.855202,98.0,0,760.0
538008115,1715838754,-25.775766,55.856701,98.0,0,750.0
538008115,1715838912,-25.774117,55.864784,99.0,0,760.0
538008115,1715838942,-25.773832,55.866234,99.0,0,780.0
538008115,1715838951,-25.773733,55.866684,99.0,0,760.0
538008115,1715838972,-25.7735,55.867733,99.0,0,760.0
538008115,1715838991,-25.773317,55.868698,99.0,0,770.0
538008115,1715839002,-25.773216,55.869251,99.0,0,770.0
538008115,1715839011,-25.773117,55.869701,99.0,0,760.0
538008115,1715839024,-25.772984,55.870251,99.0,0,760.0
538008115,1715839042,-25.7728,55.871201,99.0,0,760.0
538008115,1715839045,-25.7728,55.871201,99.0,0,760.0
538008115,1715839062,-25.772583,55.872318,99.0,0,760.0
538008115,1715839071,-25.772467,55.872768,99.0,0,760.0
538008115,1715839092,-25.772266,55.873768,99.0,0,760.0
538008115,1715839102,-25.77215,55.874268,99.0,0,760.0
538008115,1715839111,-25.772051,55.874718,99.0,0,770.0
538008115,1715839122,-25.77195,55.875267,99.0,0,770.0
538008115,1715839131,-25.771868,55.875717,99.0,0,770.0
538008115,1715839141,-25.771749,55.876217,99.0,0,760.0
538008115,1715839152,-25.771633,55.876766,99.0,0,770.0
538008115,1715839162,-25.771549,55.877216,99.0,0,770.0
538008115,1715839171,-25.77145,55.877716,99.0,0,770.0
538008115,1715839182,-25.771334,55.878265,99.0,0,770.0
538008115,1715839192,-25.771233,55.878765,99.0,0,770.0
538008115,1715839201,-25.771133,55.879269,99.0,0,770.0
538008115,1715839212,-25.771017,55.879784,99.0,0,770.0
538008115,1715839222,-25.770918,55.880283,99.0,0,770.0
538008115,1715839231,-25.770817,55.880733,99.0,0,770.0
538008115,1715839242,-25.7707,55.881332,99.0,0,760.0
538008115,1715839252,-25.770617,55.881783,99.0,0,780.0
538008115,1715839272,-25.770384,55.882782,99.0,0,760.0
538008115,1715839282,-25.770283,55.883282,99.0,0,770.0
538008115,1715839302,-25.770082,55.8843,99.0,0,770.0
538008115,1715839312,-25.769966,55.88475,99.0,0,760.0
538008115,1715839321,-25.769882,55.88525,99.0,0,770.0
538008115,1715839332,-25.769768,55.885799,99.0,0,770.0
538008115,1715839342,-25.76965,55.88625,99.0,0,760.0
538008115,1715839351,-25.76955,55.886749,99.0,0,760.0
538008115,1715839362,-25.769432,55.887348,99.0,0,770.0
538008115,1715839381,-25.769234,55.888302,99.0,0,760.0
538008115,1715839391,-25.769117,55.888802,99.0,0,750.0
538008115,1715839402,-25.768999,55.889301,99.0,0,760.0
538008115,1715839441,-25.768633,55.891251,99.0,0,780.0
538008115,1715839451,-25.768534,55.891766,99.0,0,790.0
538008115,1715839462,-25.7684,55.8923,99.0,0,770.0
538008115,1715839474,-25.768333,55.8927,99.0,0,780.0
538008115,1715839492,-25.768118,55.893818,99.0,0,760.0
538008115,1715839495,-25.768118,55.893818,99.0,0,760.0
538008115,1715839511,-25.76795,55.894833,99.0,0,790.0
538008115,1715839524,-25.767834,55.895317,99.0,0,770.0
538008115,1715839531,-25.76775,55.895767,99.0,0,770.0
538008115,1715839562,-25.76745,55.897316,99.0,0,780.0
538008115,1715839571,-25.767349,55.897835,99.0,0,780.0
538008115,1715839620,-25.767151,55.898834,99.0,0,780.0
538008115,1715839834,-25.764767,55.910885,99.0,0,770.0
538008115,1715840166,-25.761433,55.927334,99.0,0,780.0
538008115,1715840345,-25.7596,55.936333,98.0,0,760.0
538008115,1715840454,-25.758484,55.941898,99.0,0,760.0
538008115,1715840617,-25.756849,55.949917,99.0,0,780.0
538008115,1715840694,-25.756033,55.953934,99.0,0,770.0
538008115,1715840757,-25.755417,55.957001,99.0,0,780.0
538008115,1715840846,-25.754618,55.961433,99.0,0,780.0
538008115,1715841014,-25.752884,55.970032,100.0,0,770.0
538008115,1715841362,-25.749451,55.987617,99.0,0,770.0
538008115,1715841583,-25.747267,55.998634,98.0,0,780.0
538008115,1715841734,-25.7458,56.006119,98.0,0,770.0
538008115,1715841834,-25.744633,56.011051,97.0,0,720.0
538008115,1715841954,-25.743067,56.016884,98.0,0,740.0
538008115,1715842054,-25.741899,56.021732,98.0,0,740.0
538008115,1715842803,-25.732849,56.059017,100.0,0,750.0
538008115,1715842956,-25.731182,56.066631,99.0,0,760.0
538008115,1715843069,-25.730049,56.072334,100.0,0,770.0
538008115,1715843196,-25.728783,56.078918,100.0,0,770.0
538008115,1715843334,-25.727367,56.086033,100.0,0,770.0
538008115,1715843425,-25.726482,56.090599,100.0,0,780.0
538008115,1715843523,-25.725567,56.09565,100.0,0,790.0
538008115,1715843655,-25.724266,56.102383,101.0,0,780.0
538008115,1715843755,-25.723284,56.107468,100.0,0,780.0
538008115,1715844232,-25.718582,56.131733,100.0,0,770.0
538008115,1715844742,-25.713484,56.157749,100.0,0,770.0
538008115,1715844891,-25.711933,56.165432,100.0,0,770.0
538008115,1715844892,-25.711933,56.165432,100.0,0,770.0
538008115,1715844940,-25.711451,56.1679,101.0,0,770.0
538008115,1715845034,-25.710484,56.17255,101.0,0,770.0
538008115,1715845125,-25.709499,56.177166,102.0,0,770.0
538008115,1715845394,-25.706617,56.1912,102.0,0,760.0
538008115,1715845514,-25.705317,56.197369,102.0,0,760.0
538008115,1715845681,-25.703583,56.205601,102.0,0,770.0
538008115,1715845771,-25.702717,56.210316,102.0,0,780.0
538008115,1715845917,-25.7012,56.218033,102.0,0,770.0
538008115,1715845968,-25.700701,56.220684,102.0,0,780.0
538008115,1715846027,-25.700132,56.223782,103.0,0,770.0
538008115,1715846044,-25.699917,56.224869,103.0,0,780.0
538008115,1715846145,-25.699017,56.23,102.0,0,780.0
538008115,1715846263,-25.697832,56.236168,103.0,0,770.0
538008115,1715846435,-25.69615,56.244968,103.0,0,770.0
538008115,1715846685,-25.693583,56.2579,103.0,0,770.0
538008115,1715846814,-25.692167,56.264702,103.0,0,750.0
538008115,1715846853,-25.691683,56.266716,103.0,0,740.0
538008115,1715847026,-25.689583,56.275417,103.0,0,740.0
538008115,1715847066,-25.689083,56.277515,103.0,0,750.0
538008115,1715847416,-25.684834,56.295368,102.0,0,740.0
538008115,1715847674,-25.681566,56.308617,102.0,0,750.0
538008115,1715847726,-25.680918,56.311234,103.0,0,740.0
538008115,1715847966,-25.677933,56.323399,102.0,0,740.0
538008115,1715848024,-25.677151,56.326534,102.0,0,740.0
538008115,1715848074,-25.676517,56.329033,103.0,0,730.0
538008115,1715848235,-25.67445,56.337299,103.0,0,730.0
538008115,1715848544,-25.670467,56.353085,102.0,0,740.0
538008115,1715848556,-25.670317,56.353634,102.0,0,750.0
538008115,1715848663,-25.669001,56.359234,102.0,0,750.0
538008115,1715848724,-25.668283,56.362282,102.0,0,760.0
538008115,1715848816,-25.66725,56.367001,101.0,0,760.0
538008115,1715848936,-25.665882,56.373135,101.0,0,760.0
538008115,1715849075,-25.664333,56.380268,101.0,0,760.0
538008115,1715849184,-25.663082,56.385883,101.0,0,770.0
538008115,1715849257,-25.662434,56.389465,101.0,0,790.0
538008115,1715849616,-25.658966,56.407768,101.0,0,780.0
538008115,1715849676,-25.658434,56.410915,102.0,0,790.0
538008115,1715849734,-25.657932,56.413952,101.0,0,780.0
538008115,1715849945,-25.655983,56.424816,101.0,0,780.0
538008115,1715850064,-25.6549,56.430916,101.0,0,790.0
538008115,1715850105,-25.654533,56.432934,101.0,0,770.0
538008115,1715850185,-25.653851,56.436981,100.0,0,790.0
538008115,1715850284,-25.65295,56.442081,101.0,0,790.0
538008115,1715850424,-25.651716,56.449234,101.0,0,790.0
538008115,1715850538,-25.650784,56.454918,101.0,0,800.0
538008115,1715850683,-25.649483,56.462482,101.0,0,790.0
538008115,1715850863,-25.647617,56.471668,101.0,0,760.0
538008115,1715850983,-25.646366,56.477783,101.0,0,770.0
538008115,1715851203,-25.644083,56.488949,101.0,0,760.0
538008115,1715851293,-25.643118,56.493484,101.0,0,760.0
538008115,1715851455,-25.641399,56.501652,101.0,0,760.0
538008115,1715851545,-25.640516,56.506168,101.0,0,770.0
538008115,1715851674,-25.639168,56.512749,100.0,0,770.0
538008115,1715851814,-25.637716,56.519833,100.0,0,770.0
538008115,1715851916,-25.6367,56.524883,101.0,0,770.0
538008115,1715851967,-25.636217,56.527401,100.0,0,770.0
538008115,1715851998,-25.635918,56.528915,101.0,0,770.0
538008115,1715852153,-25.634283,56.536884,101.0,0,760.0
538008115,1715852323,-25.63245,56.545582,102.0,0,770.0
538008115,1715852346,-25.632217,56.54665,102.0,0,760.0
538008115,1715852365,-25.631983,56.547668,102.0,0,760.0
538008115,1715852405,-25.631567,56.549717,102.0,0,760.0
538008115,1715852506,-25.630449,56.554817,102.0,0,770.0
538008115,1715852525,-25.630234,56.555782,102.0,0,770.0
538008115,1715852642,-25.629032,56.561882,102.0,0,770.0
538008115,1715852654,-25.628918,56.56245,102.0,0,770.0
538008115,1715852826,-25.627068,56.571201,102.0,0,760.0
538008115,1715852924,-25.625933,56.576248,102.0,0,750.0
538008115,1715853129,-25.62365,56.586468,102.0,0,760.0
538008115,1715853430,-25.620132,56.601799,103.0,0,760.0
538008115,1715853496,-25.61935,56.605469,103.0,0,770.0
538008115,1715853577,-25.618418,56.60955,103.0,0,740.0
538008115,1715853732,-25.616917,56.616199,103.0,0,760.0
538008115,1715853750,-25.616449,56.618282,103.0,0,760.0
538008115,1715853874,-25.615049,56.625118,103.0,0,770.0
538008115,1715853937,-25.614416,56.628166,103.0,0,760.0
538008115,1715853948,-25.614317,56.628632,103.0,0,760.0
538008115,1715854053,-25.6131,56.634399,104.0,0,760.0
538008115,1715854189,-25.611633,56.641167,104.0,0,750.0
538008115,1715854247,-25.61095,56.644299,104.0,0,760.0
538008115,1715854309,-25.610268,56.647366,104.0,0,750.0
538008115,1715854338,-25.609949,56.648949,104.0,0,760.0
538008115,1715854396,-25.609266,56.652134,104.0,0,760.0
538008115,1715854407,-25.609167,56.652668,104.0,0,770.0
538008115,1715854476,-25.608418,56.656265,104.0,0,760.0
538008115,1715854575,-25.607349,56.661568,104.0,0,770.0
538008115,1715854617,-25.606882,56.6637,104.0,0,760.0
538008115,1715854809,-25.604883,56.673618,105.0,0,760.0
538008115,1715854904,-25.603783,56.678833,105.0,0,760.0
538008115,1715855174,-25.600918,56.693115,105.0,0,780.0
538008115,1715855501,-25.597483,56.710033,106.0,0,770.0
538008115,1715855720,-25.595051,56.721817,106.0,0,770.0
538008115,1715855769,-25.594482,56.724468,106.0,0,770.0
538008115,1715855817,-25.593933,56.727081,106.0,0,770.0
538008115,1715855902,-25.592966,56.731899,106.0,0,780.0
538008115,1715856001,-25.591883,56.737167,106.0,0,760.0
538008115,1715856099,-25.590933,56.742001,106.0,0,770.0
538008115,1715856195,-25.589899,56.747284,106.0,0,770.0
538008115,1715856215,-25.589701,56.748333,106.0,0,780.0
538008115,1715856255,-25.589333,56.750416,105.0,0,780.0
538008115,1715856441,-25.587183,56.760517,106.0,0,750.0
538008115,1715856461,-25.586933,56.761566,105.0,0,750.0
538008115,1715856498,-25.586567,56.763149,105.0,0,750.0
538008115,1715857037,-25.580517,56.791767,105.0,0,750.0
538008115,1715857215,-25.578382,56.801384,106.0,0,760.0
538008115,1715857313,-25.577284,56.806534,105.0,0,760.0
538008115,1715857434,-25.575832,56.812866,106.0,0,750.0
538008115,1715857664,-25.573183,56.825218,106.0,0,750.0
538008115,1715857715,-25.572582,56.8279,106.0,0,760.0
538008115,1715857844,-25.571068,56.834751,107.0,0,760.0
538008115,1715857943,-25.569851,56.840168,107.0,0,760.0
538008115,1715858063,-25.56835,56.846466,108.0,0,750.0
538008115,1715858093,-25.567966,56.848068,108.0,0,750.0
538008115,1715858126,-25.5676,56.849731,108.0,0,760.0
538008115,1715858253,-25.566151,56.856682,108.0,0,780.0
538008115,1715858413,-25.56435,56.865368,108.0,0,770.0
538008115,1715858537,-25.563017,56.871784,106.0,0,770.0
538008115,1715858688,-25.561333,56.879902,107.0,0,770.0
538008115,1715858698,-25.561234,56.880432,107.0,0,770.0
538008115,1715859084,-25.556883,56.901382,107.0,0,770.0
538008115,1715859237,-25.555233,56.909416,107.0,0,770.0
538008115,1715859344,-25.55405,56.915298,106.0,0,770.0
538008115,1715859537,-25.551983,56.925549,106.0,0,760.0
538008115,1715859583,-25.551468,56.928165,106.0,0,770.0
538008115,1715859704,-25.550133,56.93465,106.0,0,760.0
538008115,1715859764,-25.5495,56.937916,107.0,0,770.0
538008115,1715859826,-25.548849,56.941151,107.0,0,770.0
538008115,1715859932,-25.5476,56.947102,107.0,0,760.0
538008115,1715860221,-25.544184,56.962185,108.0,0,760.0
538008115,1715860342,-25.542683,56.969051,108.0,0,760.0
538008115,1715860355,-25.542549,56.969631,108.0,0,760.0
538008115,1715860417,-25.541834,56.97295,108.0,0,760.0
538008115,1715860448,-25.541483,56.974567,108.0,0,760.0
538008115,1715860842,-25.536716,56.996117,108.0,0,760.0
538008115,1715860894,-25.536133,56.998768,108.0,0,760.0
538008115,1715861010,-25.5348,57.004818,108.0,0,750.0
538008115,1715861072,-25.534,57.008434,108.0,0,750.0
538008115,1715861132,-25.533266,57.011768,108.0,0,770.0
538008115,1715861238,-25.532084,57.017166,108.0,0,750.0
538008115,1715861266,-25.5317,57.018833,107.0,0,750.0
538008115,1715861576,-25.528084,57.035534,108.0,0,770.0
538008115,1715861645,-25.527283,57.039299,107.0,0,760.0
538008115,1715861701,-25.526699,57.04195,107.0,0,760.0
538008115,1715861898,-25.524384,57.052849,107.0,0,760.0
538008115,1715861935,-25.523951,57.054966,108.0,0,750.0
538008115,1715861955,-25.523701,57.056099,107.0,0,770.0
538008115,1715862075,-25.522318,57.062569,107.0,0,760.0
538008115,1715862198,-25.52095,57.06905,107.0,0,760.0
538008115,1715862325,-25.519417,57.076134,107.0,0,750.0
538008115,1715862381,-25.518833,57.0788,107.0,0,760.0
538008115,1715862504,-25.517282,57.085869,108.0,0,770.0
538008115,1715862733,-25.514566,57.098167,107.0,0,740.0
538008115,1715862822,-25.513451,57.103016,108.0,0,750.0
538008115,1715862891,-25.512716,57.106335,108.0,0,760.0
538008115,1715862987,-25.511499,57.111752,109.0,0,760.0
538008115,1715863097,-25.510218,57.117668,108.0,0,760.0
538008115,1715863332,-25.507366,57.130566,107.0,0,750.0
538008115,1715863444,-25.505983,57.136517,108.0,0,750.0
538008115,1715863532,-25.50485,57.14135,108.0,0,750.0
538008115,1715863593,-25.504084,57.144634,108.0,0,750.0
538008115,1715863653,-25.503401,57.147781,109.0,0,760.0
538008115,1715863664,-25.503267,57.148369,109.0,0,750.0
538008115,1715863758,-25.5021,57.153301,109.0,0,750.0
538008115,1715863836,-25.501066,57.157581,109.0,0,750.0
538008115,1715863905,-25.500134,57.161449,109.0,0,740.0
538008115,1715863984,-25.499149,57.165699,109.0,0,740.0
538008115,1715864058,-25.498234,57.169567,110.0,0,750.0
538008115,1715864157,-25.49695,57.174999,109.0,0,750.0
538008115,1715864235,-25.495867,57.179352,109.0,0,740.0
538008115,1715864438,-25.493483,57.19035,109.0,0,770.0
538008115,1715864519,-25.492582,57.194683,109.0,0,770.0
538008115,1715864524,-25.492468,57.195217,109.0,0,770.0
538008115,1715864617,-25.491432,57.200199,109.0,0,760.0
538008115,1715864701,-25.4904,57.204983,109.0,0,770.0
538008115,1715864737,-25.489983,57.206768,109.0,0,750.0
538008115,1715864953,-25.48745,57.218616,109.0,0,760.0
538008115,1715865003,-25.486883,57.221283,109.0,0,770.0
538008115,1715865055,-25.4863,57.224167,109.0,0,770.0
538008115,1715865087,-25.486017,57.22575,108.0,0,780.0
538008115,1715865315,-25.483633,57.238281,108.0,0,770.0
538008115,1715865472,-25.481934,57.246883,108.0,0,780.0
538008115,1715865533,-25.481333,57.250198,109.0,0,790.0
538008115,1715865558,-25.481117,57.25135,108.0,0,770.0
538008115,1715865584,-25.48085,57.252934,108.0,0,790.0
538008115,1715865657,-25.48015,57.256866,108.0,0,780.0
538008115,1715866019,-25.476549,57.276283,107.0,0,780.0
538008115,1715866084,-25.475883,57.280018,108.0,0,790.0
538008115,1715866125,-25.475451,57.282215,107.0,0,770.0
538008115,1715866153,-25.475183,57.283833,107.0,0,780.0
538008115,1715866351,-25.473167,57.294449,105.0,0,750.0
538008115,1715866404,-25.472532,57.297218,106.0,0,760.0
538008115,1715866596,-25.470167,57.307281,107.0,0,750.0
538008115,1715866659,-25.469433,57.310482,106.0,0,750.0
538008115,1715866727,-25.468582,57.314117,106.0,0,750.0
538008115,1715867029,-25.465166,57.330082,106.0,0,760.0
538008115,1715867146,-25.46385,57.336433,106.0,0,760.0
538008115,1715867186,-25.4634,57.338669,106.0,0,770.0
538008115,1715867308,-25.462084,57.344982,106.0,0,770.0
538008115,1715867486,-25.460083,57.354584,106.0,0,760.0
538008115,1715867714,-25.457617,57.366734,106.0,0,780.0
538008115,1715867736,-25.457382,57.367783,106.0,0,770.0
538008115,1715867761,-25.457167,57.368881,105.0,0,780.0
538008115,1715867834,-25.456301,57.373066,106.0,0,770.0
538008115,1715867896,-25.455683,57.376251,106.0,0,780.0
538008115,1715867991,-25.454767,57.3811,106.0,0,780.0
538008115,1715868155,-25.452967,57.390118,106.0,0,760.0
538008115,1715868247,-25.451967,57.394817,106.0,0,770.0
538008115,1715868260,-25.451834,57.395401,106.0,0,760.0
538008115,1715868456,-25.449818,57.405998,106.0,0,770.0
538008115,1715868792,-25.445818,57.423717,105.0,0,750.0
538008115,1715869296,-25.439734,57.449902,105.0,0,780.0
538008115,1715869334,-25.43935,57.451916,105.0,0,780.0
538008115,1715869343,-25.439266,57.452499,105.0,0,780.0
538008115,1715869525,-25.437416,57.461899,104.0,0,770.0
538008115,1715869793,-25.4347,57.476032,104.0,0,780.0
538008115,1715869883,-25.433767,57.480801,104.0,0,780.0
538008115,1715870074,-25.431868,57.490685,104.0,0,780.0
538008115,1715870092,-25.431667,57.491718,104.0,0,770.0
538008115,1715870284,-25.429684,57.501598,104.0,0,770.0
538008115,1715870434,-25.4282,57.509434,104.0,0,780.0
538008115,1715870524,-25.427282,57.514198,104.0,0,770.0
538008115,1715870574,-25.42675,57.516766,104.0,0,780.0
538008115,1715870797,-25.424517,57.528267,104.0,0,770.0
538008115,1715871017,-25.422251,57.539719,104.0,0,760.0
538008115,1715871076,-25.421633,57.542866,104.0,0,760.0
538008115,1715871206,-25.420282,57.549599,105.0,0,770.0
538008115,1715871297,-25.419399,57.554333,105.0,0,790.0
538008115,1715871426,-25.417982,57.561268,105.0,0,770.0
538008115,1715871547,-25.416817,57.5676,105.0,0,780.0
538008115,1715871637,-25.415916,57.572216,105.0,0,770.0
538008115,1715871863,-25.413467,57.584217,105.0,0,760.0
538008115,1715871925,-25.412733,57.587334,105.0,0,750.0
538008115,1715872254,-25.4088,57.604584,105.0,0,750.0
538008115,1715872463,-25.406116,57.615433,104.0,0,740.0
538008115,1715873006,-25.39945,57.643452,105.0,0,750.0
538008115,1715873105,-25.398216,57.64875,105.0,0,750.0
538008115,1715873254,-25.396418,57.656567,105.0,0,760.0
538008115,1715873627,-25.392384,57.676102,105.0,0,770.0
538008115,1715873698,-25.391582,57.679901,106.0,0,760.0
538008115,1715873747,-25.391033,57.682449,105.0,0,760.0
538008115,1715873804,-25.390368,57.685665,106.0,0,770.0
538008115,1715873915,-25.389099,57.691418,105.0,0,760.0
538008115,1715873956,-25.388651,57.693466,104.0,0,770.0
538008115,1715873994,-25.388149,57.695667,104.0,0,760.0
538008115,1715874136,-25.386499,57.70295,104.0,0,750.0
538008115,1715874384,-25.383751,57.716068,104.0,0,770.0
538008115,1715874447,-25.383101,57.7192,104.0,0,770.0
538008115,1715874484,-25.382618,57.721352,105.0,0,750.0
538008115,1715874553,-25.381832,57.724968,104.0,0,760.0
538008115,1715874583,-25.3815,57.726532,104.0,0,760.0
538008115,1715874773,-25.379383,57.736534,103.0,0,760.0
538008115,1715875061,-25.376284,57.751068,103.0,0,760.0
538008115,1715875215,-25.374483,57.75935,104.0,0,760.0
538008115,1715875305,-25.373449,57.764034,103.0,0,760.0
538008115,1715875392,-25.372534,57.768185,104.0,0,760.0
538008115,1715875868,-25.367399,57.793331,104.0,0,770.0
538008115,1715876033,-25.365618,57.80225,104.0,0,770.0
538008115,1715876098,-25.365,57.805416,105.0,0,780.0
538008115,1715876106,-25.364883,57.805984,104.0,0,770.0
538008115,1715876266,-25.363167,57.814384,104.0,0,780.0
538008115,1715876413,-25.361584,57.822266,103.0,0,770.0
538008115,1715876686,-25.358784,57.836552,105.0,0,780.0
538008115,1715876766,-25.357967,57.840767,105.0,0,770.0
538008115,1715877023,-25.355284,57.854416,105.0,0,770.0
538008115,1715877761,-25.347183,57.893784,106.0,0,760.0
538008115,1715877849,-25.346251,57.898132,106.0,0,760.0
538008115,1715878016,-25.3444,57.907284,106.0,0,780.0
538008115,1715878056,-25.343967,57.909416,107.0,0,760.0
538008115,1715878216,-25.342182,57.918018,106.0,0,760.0
538008115,1715878454,-25.339718,57.930817,105.0,0,780.0
538008115,1715878623,-25.337917,57.939899,106.0,0,770.0
538008115,1715878694,-25.337151,57.943699,106.0,0,770.0
538008115,1715878714,-25.336933,57.944767,106.0,0,770.0
538008115,1715878784,-25.336132,57.948517,106.0,0,770.0
538008115,1715878844,-25.335484,57.951733,106.0,0,760.0
538008115,1715878954,-25.334351,57.957649,106.0,0,780.0
538008115,1715879074,-25.333166,57.964066,106.0,0,780.0
538008115,1715879254,-25.331333,57.973801,106.0,0,780.0
538008115,1715879296,-25.3309,57.975948,106.0,0,770.0
538008115,1715879324,-25.330601,57.977516,107.0,0,780.0
538008115,1715879357,-25.330299,57.979183,107.0,0,780.0
538008115,1715879517,-25.328617,57.987801,107.0,0,770.0
538008115,1715879613,-25.327417,57.993084,106.0,0,760.0
538008115,1715879843,-25.324533,58.005383,107.0,0,750.0
538008115,1715879896,-25.3239,58.008099,106.0,0,750.0
538008115,1715879935,-25.323433,58.010181,106.0,0,760.0
538008115,1715880143,-25.3209,58.021366,106.0,0,760.0
538008115,1715880223,-25.319933,58.025684,106.0,0,760.0
538008115,1715880243,-25.3197,58.026749,106.0,0,760.0
538008115,1715880323,-25.318716,58.030949,106.0,0,750.0
538008115,1715880342,-25.318483,58.032066,106.0,0,760.0
538008115,1715880352,-25.31835,58.0326,106.0,0,750.0
538008115,1715880362,-25.318233,58.033134,106.0,0,760.0
538008115,1715880371,-25.318117,58.033615,106.0,0,760.0
538008115,1715880392,-25.317867,58.034733,106.0,0,760.0
538008115,1715880402,-25.317766,58.035267,106.0,0,760.0
538008115,1715880407,-25.317766,58.035267,106.0,0,760.0
538008115,1715880412,-25.31765,58.035801,106.0,0,770.0
538008115,1715880421,-25.317551,58.036282,106.0,0,760.0
538008115,1715880431,-25.317417,58.036816,106.0,0,760.0
538008115,1715880462,-25.317083,58.038502,106.0,0,770.0
538008115,1715880472,-25.316999,58.039032,106.0,0,770.0
538008115,1715880473,-25.316999,58.039032,106.0,0,770.0
538008115,1715880481,-25.316883,58.039566,106.0,0,770.0
538008115,1715880491,-25.316799,58.040051,106.0,0,770.0
538008115,1715880511,-25.316584,58.041183,107.0,0,780.0
538008115,1715880522,-25.3165,58.041718,107.0,0,780.0
538008115,1715880532,-25.316383,58.042252,107.0,0,780.0
538008115,1715880541,-25.316299,58.042732,107.0,0,780.0
538008115,1715880542,-25.316299,58.042732,107.0,0,780.0
538008115,1715880571,-25.316017,58.04435,107.0,0,780.0
538008115,1715880572,-25.316017,58.04435,107.0,0,780.0
538008115,1715880582,-25.315901,58.044933,106.0,0,780.0
538008115,1715880601,-25.315683,58.045952,106.0,0,770.0
538008115,1715880611,-25.315582,58.046482,106.0,0,770.0
538008115,1715880621,-25.3155,58.047016,106.0,0,780.0
538008115,1715880631,-25.315384,58.0476,106.0,0,780.0
538008115,1715880632,-25.315384,58.0476,106.0,0,780.0
538008115,1715880652,-25.315166,58.048668,106.0,0,780.0
538008115,1715880691,-25.314783,58.050781,106.0,0,780.0
538008115,1715880702,-25.314667,58.051315,106.0,0,780.0
538008115,1715880722,-25.314466,58.052383,106.0,0,770.0
538008115,1715880741,-25.314234,58.053383,106.0,0,760.0
538008115,1715880756,-25.3141,58.053902,106.0,0,760.0
538008115,1715880772,-25.313868,58.055065,106.0,0,760.0
538008115,1715880791,-25.313633,58.056,106.0,0,750.0
538008115,1715880811,-25.313368,58.057049,105.0,0,750.0
538008115,1715880832,-25.313116,58.058151,105.0,0,750.0
538008115,1715880871,-25.312634,58.060135,105.0,0,740.0
538008115,1715880882,-25.312483,58.060768,105.0,0,740.0
538008115,1715880892,-25.312384,58.061234,105.0,0,750.0
538008115,1715880937,-25.311867,58.063316,105.0,0,740.0
538008115,1715880967,-25.311466,58.064919,105.0,0,750.0
538008115,1715880998,-25.3111,58.066433,105.0,0,740.0
538008115,1715881005,-25.310949,58.067001,105.0,0,740.0
538008115,1715881267,-25.307667,58.080467,104.0,0,740.0
538008115,1715881323,-25.306868,58.083549,104.0,0,730.0
538008115,1715881465,-25.305033,58.090782,104.0,0,750.0
538008115,1715882023,-25.297768,58.119919,105.0,0,760.0
538008115,1715882165,-25.296049,58.127167,104.0,0,740.0
538008115,1715882189,-25.295799,58.128216,104.0,0,750.0
538008115,1715882394,-25.293118,58.139252,105.0,0,770.0
538008115,1715882504,-25.292168,58.145,103.0,0,790.0
538008115,1715882595,-25.291384,58.14975,102.0,0,780.0
538008115,1715882714,-25.290417,58.155968,102.0,0,800.0
538008115,1715882734,-25.290283,58.157001,102.0,0,810.0
538008115,1715882764,-25.290051,58.158615,102.0,0,810.0
538008115,1715882904,-25.289017,58.165882,101.0,0,800.0
538008115,1715882997,-25.288317,58.170467,101.0,0,810.0
538008115,1715883223,-25.286301,58.182335,101.0,0,780.0
538008115,1715883265,-25.2859,58.184383,102.0,0,780.0
538008115,1715883467,-25.283916,58.194717,102.0,0,770.0
538008115,1715883517,-25.283417,58.197418,103.0,0,780.0
538008115,1715883569,-25.282917,58.199902,102.0,0,770.0
538008115,1715883644,-25.28215,58.204067,102.0,0,780.0
538008115,1715883768,-25.280916,58.210232,102.0,0,770.0
538008115,1715883857,-25.279984,58.214951,103.0,0,770.0
538008115,1715883966,-25.278833,58.220669,102.0,0,770.0
538008115,1715884125,-25.277117,58.228951,102.0,0,770.0
538008115,1715884195,-25.276367,58.232533,102.0,0,770.0
538008115,1715884325,-25.275,58.2393,103.0,0,770.0
538008115,1715884425,-25.273933,58.24445,101.0,0,760.0
538008115,1715884633,-25.271618,58.255116,101.0,0,760.0
538008115,1715884656,-25.271366,58.256233,102.0,0,760.0
538008115,1715884725,-25.270599,58.259785,101.0,0,770.0
538008115,1715884763,-25.270132,58.261883,102.0,0,770.0
538008115,1715884836,-25.269382,58.265415,102.0,0,760.0
538008115,1715884883,-25.268833,58.268017,102.0,0,760.0
538008115,1715884933,-25.268333,58.270466,100.0,0,770.0
538008115,1715885034,-25.26725,58.275616,101.0,0,770.0
538008115,1715885228,-25.2652,58.285332,102.0,0,750.0
538008115,1715885263,-25.264767,58.287315,102.0,0,760.0
538008115,1715885326,-25.264084,58.290417,101.0,0,750.0
538008115,1715885633,-25.260468,58.306183,102.0,0,750.0
538008115,1715885759,-25.259083,58.312267,102.0,0,750.0
538008115,1715885833,-25.258101,58.316284,102.0,0,750.0
538008115,1715885873,-25.257618,58.318317,101.0,0,750.0
538008115,1715885881,-25.2575,58.318817,102.0,0,750.0
538008115,1715885882,-25.2575,58.318817,102.0,0,750.0
538008115,1715885892,-25.257383,58.319332,102.0,0,750.0
538008115,1715885902,-25.25725,58.319881,102.0,0,750.0
538008115,1715885903,-25.25725,58.319881,102.0,0,750.0
538008115,1715885922,-25.257017,58.3209,101.0,0,760.0
538008115,1715885923,-25.257017,58.3209,101.0,0,760.0
538008115,1715885941,-25.256783,58.321869,101.0,0,750.0
538008115,1715885942,-25.256783,58.321869,101.0,0,750.0
538008115,1715885969,-25.256533,58.322933,102.0,0,750.0
538008115,1715885982,-25.2563,58.323967,102.0,0,750.0
538008115,1715885992,-25.256201,58.324417,101.0,0,760.0
538008115,1715886001,-25.256083,58.324867,102.0,0,750.0
538008115,1715886002,-25.256083,58.324867,102.0,0,750.0
538008115,1715886012,-25.255951,58.325432,102.0,0,750.0
538008115,1715886052,-25.255484,58.327518,102.0,0,750.0
538008115,1715886072,-25.255234,58.328533,102.0,0,750.0
538008115,1715886082,-25.255117,58.329033,102.0,0,750.0
538008115,1715886153,-25.254267,58.332535,101.0,0,740.0
538008115,1715886172,-25.254017,58.333599,101.0,0,750.0
538008115,1715886181,-25.253918,58.334,101.0,0,740.0
538008115,1715886192,-25.253782,58.334568,101.0,0,750.0
538008115,1715886202,-25.253651,58.335117,101.0,0,750.0
538008115,1715886207,-25.253651,58.335117,101.0,0,750.0
538008115,1715886226,-25.253401,58.336132,101.0,0,740.0
538008115,1715886232,-25.253283,58.336651,101.0,0,740.0
538008115,1715886233,-25.253283,58.336651,101.0,0,740.0
538008115,1715886272,-25.2528,58.338684,101.0,0,750.0
538008115,1715886292,-25.252567,58.339699,101.0,0,750.0
538008115,1715886302,-25.252451,58.340218,101.0,0,750.0
538008115,1715886303,-25.252451,58.340218,101.0,0,750.0
538008115,1715886312,-25.25235,58.340668,101.0,0,750.0
538008115,1715886332,-25.252132,58.341702,102.0,0,760.0
538008115,1715886342,-25.252016,58.342266,101.0,0,760.0
538008115,1715886344,-25.252016,58.342266,101.0,0,760.0
538008115,1715886352,-25.251917,58.342716,101.0,0,760.0
538008115,1715886362,-25.251801,58.3433,101.0,0,770.0
538008115,1715886372,-25.251717,58.3438,101.0,0,770.0
538008115,1715886412,-25.251316,58.345867,101.0,0,770.0
538008115,1715886422,-25.2512,58.346382,102.0,0,780.0
538008115,1715886487,-25.250633,58.349483,103.0,0,780.0
538008115,1715886643,-25.249033,58.35775,103.0,0,770.0
538008115,1715886653,-25.248966,58.358166,103.0,0,770.0
538008115,1715886713,-25.248283,58.361282,103.0,0,760.0
538008115,1715886867,-25.246616,58.369034,101.0,0,760.0
538008115,1715887033,-25.244717,58.377731,102.0,0,770.0
538008115,1715887125,-25.243767,58.382435,102.0,0,770.0
538008115,1715887163,-25.243349,58.384449,102.0,0,770.0
538008115,1715887313,-25.241817,58.392181,102.0,0,770.0
538008115,1715887445,-25.24045,58.398918,101.0,0,770.0
538008115,1715887534,-25.23955,58.403534,101.0,0,760.0
538008115,1715887879,-25.235968,58.421017,101.0,0,770.0
538008115,1715888017,-25.234484,58.428185,101.0,0,770.0
538008115,1715888163,-25.232918,58.435833,101.0,0,760.0
538008115,1715888229,-25.232233,58.438969,101.0,0,770.0
538008115,1715888321,-25.2313,58.443481,101.0,0,770.0
538008115,1715888351,-25.230917,58.445084,100.0,0,760.0
538008115,1715888721,-25.227016,58.464199,100.0,0,760.0
538008115,1715888850,-25.2258,58.470318,101.0,0,780.0
538008115,1715889076,-25.223383,58.48185,99.0,0,760.0
538008115,1715889173,-25.222317,58.486866,99.0,0,770.0
538008115,1715889266,-25.221333,58.491432,100.0,0,760.0
538008115,1715889352,-25.220367,58.495869,100.0,0,770.0
538008115,1715889533,-25.218332,58.504902,100.0,0,760.0
538008115,1715889592,-25.2176,58.507935,99.0,0,750.0
538008115,1715889778,-25.215651,58.516933,99.0,0,770.0
538008115,1715889794,-25.21545,58.517948,99.0,0,770.0
538008115,1715889843,-25.214899,58.520515,100.0,0,770.0
538008115,1715889855,-25.2148,58.521015,100.0,0,770.0
538008115,1715889892,-25.21435,58.523033,100.0,0,750.0
538008115,1715889935,-25.213934,58.524982,99.0,0,760.0
538008115,1715890012,-25.213051,58.529049,100.0,0,750.0
538008115,1715890057,-25.212633,58.531017,100.0,0,760.0
538008115,1715890085,-25.212267,58.532551,99.0,0,750.0
538008115,1715890193,-25.211082,58.538033,100.0,0,760.0
538008115,1715890313,-25.209749,58.544083,100.0,0,760.0
538008115,1715890444,-25.208218,58.550667,101.0,0,750.0
538008115,1715890452,-25.208117,58.551117,100.0,0,760.0
538008115,1715890573,-25.206699,58.557133,100.0,0,740.0
538008115,1715890636,-25.205982,58.560165,100.0,0,740.0
538008115,1715890698,-25.205282,58.563148,100.0,0,750.0
538008115,1715890713,-25.205,58.564201,100.0,0,740.0
538008115,1715890897,-25.203083,58.573318,100.0,0,760.0
538008115,1715890996,-25.202066,58.57835,100.0,0,770.0
538008115,1715891003,-25.20195,58.578815,100.0,0,770.0
538008115,1715891143,-25.2006,58.585899,100.0,0,780.0
538008115,1715891183,-25.200199,58.587917,100.0,0,780.0
538008115,1715891380,-25.198334,58.597698,100.0,0,780.0
538008115,1715891383,-25.198267,58.598148,100.0,0,780.0
538008115,1715891453,-25.197634,58.601582,100.0,0,780.0
538008115,1715891593,-25.196367,58.608719,99.0,0,780.0
538008115,1715891876,-25.193567,58.622784,99.0,0,770.0
538008115,1715891913,-25.193132,58.624718,99.0,0,760.0
538008115,1715892036,-25.191933,58.630669,99.0,0,770.0
538008115,1715892092,-25.191334,58.633617,99.0,0,780.0
538008115,1715892112,-25.191099,58.634651,99.0,0,770.0
538008115,1715892354,-25.188633,58.646599,100.0,0,760.0
538008115,1715892575,-25.186382,58.6577,101.0,0,780.0
538008115,1715892653,-25.185568,58.661716,101.0,0,770.0
538008115,1715892716,-25.184933,58.664833,101.0,0,770.0
538008115,1715892768,-25.18445,58.667252,101.0,0,770.0
538008115,1715892853,-25.183517,58.671883,101.0,0,770.0
538008115,1715892993,-25.182016,58.678749,101.0,0,750.0
538008115,1715893093,-25.180918,58.683884,102.0,0,760.0
538008115,1715893213,-25.179583,58.689999,101.0,0,770.0
538008115,1715893393,-25.177782,58.6992,102.0,0,770.0
538008115,1715893678,-25.174767,58.713501,102.0,0,760.0
538008115,1715893763,-25.173733,58.718117,102.0,0,760.0
538008115,1715893770,-25.173733,58.718117,102.0,0,760.0
538008115,1715893885,-25.172417,58.724068,102.0,0,760.0
538008115,1715893905,-25.172167,58.725132,102.0,0,760.0
538008115,1715893974,-25.171333,58.728748,102.0,0,750.0
538008115,1715894163,-25.169201,58.7384,103.0,0,750.0
538008115,1715894292,-25.167749,58.745033,102.0,0,760.0
538008115,1715894309,-25.16765,58.745533,102.0,0,760.0
538008115,1715894313,-25.167549,58.746052,102.0,0,770.0
538008115,1715894521,-25.165417,58.756317,102.0,0,770.0
538008115,1715894604,-25.164467,58.760849,101.0,0,760.0
538008115,1715894685,-25.163584,58.76495,101.0,0,770.0
538008115,1715894725,-25.163151,58.766983,101.0,0,760.0
538008115,1715894843,-25.161882,58.773048,101.0,0,770.0
538008115,1715894857,-25.161766,58.773548,101.0,0,760.0
538008115,1715894973,-25.1605,58.779583,101.0,0,770.0
538008115,1715895031,-25.159983,58.782101,101.0,0,770.0
538008115,1715895091,-25.1593,58.785568,100.0,0,780.0
538008115,1715895226,-25.158001,58.792168,100.0,0,770.0
538008115,1715895286,-25.157383,58.795235,100.0,0,770.0
538008115,1715895303,-25.157232,58.796185,100.0,0,790.0
538008115,1715895348,-25.156816,58.798233,100.0,0,770.0
538008115,1715895467,-25.155684,58.804249,100.0,0,780.0
538008115,1715895503,-25.155251,58.806183,99.0,0,760.0
538008115,1715895666,-25.153566,58.814117,99.0,0,780.0
538008115,1715895758,-25.152634,58.818619,99.0,0,770.0
538008115,1715895976,-25.15045,58.829517,99.0,0,760.0
538008115,1715896093,-25.149183,58.835419,99.0,0,770.0
538008115,1715896534,-25.14485,58.857285,98.0,0,770.0
538008115,1715896797,-25.142134,58.870033,98.0,0,750.0
538008115,1715897086,-25.138884,58.884201,99.0,0,750.0
538008115,1715897352,-25.135851,58.897598,99.0,0,760.0
538008115,1715897657,-25.132601,58.912418,98.0,0,770.0
538008115,1715897773,-25.131317,58.918365,99.0,0,750.0
538008115,1715897943,-25.129316,58.926849,100.0,0,750.0
538008115,1715898372,-25.124451,58.948349,100.0,0,760.0
538008115,1715898425,-25.123917,58.950783,101.0,0,760.0
538008115,1715898575,-25.122168,58.958302,101.0,0,740.0
538008115,1715898911,-25.1182,58.975468,102.0,0,740.0
538008115,1715898972,-25.117517,58.978516,102.0,0,760.0
538008115,1715899463,-25.112034,59.003468,102.0,0,750.0
538008115,1715899562,-25.110849,59.008518,102.0,0,740.0
538008115,1715899744,-25.108816,59.017715,103.0,0,760.0
538008115,1715900112,-25.10465,59.036652,103.0,0,740.0
538008115,1715900275,-25.102783,59.044983,104.0,0,760.0
538008115,1715900477,-25.100767,59.055233,103.0,0,770.0
538008115,1715900617,-25.099382,59.062569,103.0,0,770.0
538008115,1715900641,-25.099199,59.063599,103.0,0,780.0
538008115,1715900652,-25.099016,59.064583,103.0,0,770.0
538008115,1715900934,-25.096201,59.079117,103.0,0,770.0
538008115,1715900981,-25.095766,59.08165,103.0,0,780.0
538008115,1715901067,-25.095016,59.085835,103.0,0,790.0
538008115,1715901094,-25.094767,59.087284,103.0,0,780.0
538008115,1715901189,-25.093884,59.092033,103.0,0,780.0
538008115,1715901242,-25.093317,59.0951,103.0,0,780.0
538008115,1715901591,-25.090017,59.112583,103.0,0,780.0
538008115,1715901727,-25.088751,59.119766,103.0,0,790.0
538008115,1715901762,-25.08835,59.121849,103.0,0,780.0
538008115,1715901823,-25.087784,59.124985,102.0,0,780.0
538008115,1715901890,-25.0872,59.128082,102.0,0,780.0
538008115,1715901962,-25.086468,59.132217,103.0,0,790.0
538008115,1715902113,-25.085117,59.140018,103.0,0,800.0
538008115,1715902177,-25.0846,59.143131,103.0,0,800.0
538008115,1715902186,-25.084499,59.14365,102.0,0,790.0
538008115,1715902203,-25.084417,59.144184,102.0,0,790.0
538008115,1715902237,-25.084032,59.146282,103.0,0,780.0
538008115,1715902303,-25.08345,59.149883,103.0,0,790.0
538008115,1715902393,-25.082666,59.154499,102.0,0,780.0
538008115,1715902543,-25.081284,59.162334,102.0,0,780.0
538008115,1715902556,-25.0812,59.16275,103.0,0,790.0
538008115,1715902706,-25.079884,59.170631,102.0,0,780.0
538008115,1715902766,-25.079384,59.173717,103.0,0,790.0
538008115,1715902994,-25.077183,59.1856,102.0,0,770.0
538008115,1715903173,-25.075018,59.194801,102.0,0,750.0
538008115,1715903333,-25.073067,59.202999,104.0,0,750.0
538008115,1715903493,-25.0711,59.211231,104.0,0,740.0
538008115,1715903662,-25.069017,59.220066,104.0,0,760.0
538008115,1715903705,-25.06855,59.222099,103.0,0,760.0
538008115,1715903885,-25.066334,59.2314,105.0,0,750.0
538008115,1715903937,-25.065733,59.234032,104.0,0,750.0
538008115,1715903994,-25.065033,59.237068,105.0,0,760.0
538008115,1715904075,-25.064016,59.241333,104.0,0,750.0
538008115,1715904298,-25.061268,59.2528,104.0,0,750.0
538008115,1715904317,-25.061033,59.253784,105.0,0,750.0
538008115,1715904464,-25.059134,59.261616,105.0,0,750.0
538008115,1715904702,-25.056084,59.274132,106.0,0,750.0
538008115,1715904822,-25.054567,59.280434,105.0,0,750.0
538008115,1715905081,-25.051332,59.293949,106.0,0,750.0
538008115,1715905154,-25.050417,59.297649,105.0,0,740.0
538008115,1715905273,-25.04895,59.303951,106.0,0,760.0
538008115,1715905354,-25.048134,59.308067,106.0,0,780.0
538008115,1715905390,-25.047832,59.309715,105.0,0,790.0
538008115,1715905591,-25.045717,59.320915,107.0,0,770.0
538008115,1715905770,-25.043983,59.330067,106.0,0,770.0
538008115,1715905822,-25.043367,59.333248,107.0,0,780.0
538008115,1715905850,-25.043182,59.334251,106.0,0,780.0
538008115,1715906188,-25.03965,59.352348,106.0,0,770.0
538008115,1715906336,-25.03805,59.360352,106.0,0,780.0
538008115,1715906376,-25.037649,59.362499,106.0,0,770.0
538008115,1715906433,-25.037033,59.365601,106.0,0,770.0
538008115,1715906595,-25.035334,59.374199,107.0,0,780.0
538008115,1715906827,-25.032818,59.386433,107.0,0,770.0
538008115,1715906963,-25.031267,59.393932,107.0,0,770.0
538008115,1715907026,-25.030649,59.397099,107.0,0,780.0
538008115,1715907154,-25.029167,59.40395,107.0,0,770.0
538008115,1715907524,-25.025066,59.423599,106.0,0,760.0
538008115,1715907583,-25.024384,59.426785,106.0,0,760.0
538008115,1715907704,-25.023083,59.433167,106.0,0,770.0
538008115,1715907835,-25.021601,59.439999,106.0,0,750.0
538008115,1715908075,-25.0187,59.452682,106.0,0,760.0
538008115,1715908165,-25.0177,59.457382,106.0,0,760.0
538008115,1715908316,-25.015882,59.465351,107.0,0,760.0
538008115,1715908401,-25.014883,59.470001,106.0,0,760.0
538008115,1715908596,-25.012632,59.480133,106.0,0,750.0
538008115,1715908634,-25.012199,59.482201,106.0,0,760.0
538008115,1715908783,-25.010517,59.4897,106.0,0,760.0
538008115,1715909162,-25.0058,59.510101,106.0,0,740.0
538008115,1715909573,-25.000816,59.531818,107.0,0,750.0
538008115,1715909684,-24.9995,59.537632,107.0,0,760.0
538008115,1715909694,-24.999384,59.538216,107.0,0,750.0
538008115,1715909781,-24.99835,59.542885,106.0,0,760.0
538008115,1715909818,-24.99795,59.544567,106.0,0,760.0
538008115,1715910054,-24.995001,59.557335,108.0,0,750.0
538008115,1715910096,-24.994516,59.559467,108.0,0,750.0
538008115,1715910162,-24.993668,59.563168,108.0,0,760.0
538008115,1715910313,-24.9918,59.571232,109.0,0,750.0
538008115,1715910348,-24.9914,59.572849,109.0,0,750.0
538008115,1715910466,-24.989883,59.5793,109.0,0,750.0
538008115,1715910766,-24.986383,59.595432,108.0,0,760.0
538008115,1715910925,-24.984484,59.604069,108.0,0,760.0
538008115,1715911081,-24.98255,59.612617,108.0,0,760.0
538008115,1715911143,-24.98185,59.615768,107.0,0,750.0
538008115,1715911365,-24.979116,59.627602,108.0,0,750.0
538008115,1715911424,-24.978416,59.630798,108.0,0,760.0
538008115,1715911564,-24.976749,59.638199,107.0,0,750.0
538008115,1715911633,-24.975901,59.641983,108.0,0,750.0
538008115,1715911682,-24.975332,59.644615,107.0,0,760.0
538008115,1715911954,-24.972366,59.659134,107.0,0,770.0
538008115,1715911966,-24.97225,59.659618,106.0,0,760.0
538008115,1715912042,-24.971399,59.663883,106.0,0,770.0
538008115,1715912162,-24.97015,59.670265,107.0,0,770.0
538008115,1715912172,-24.970066,59.67075,107.0,0,780.0
538008115,1715912275,-24.968967,59.676201,106.0,0,780.0
538008115,1715912552,-24.966034,59.691032,107.0,0,780.0
538008115,1715912706,-24.9645,59.699017,106.0,0,770.0
538008115,1715912816,-24.963318,59.704948,106.0,0,760.0
538008115,1715913254,-24.958633,59.728168,106.0,0,760.0
538008115,1715913302,-24.958151,59.730816,105.0,0,770.0
538008115,1715913534,-24.955833,59.743069,106.0,0,770.0
538008115,1715913584,-24.955282,59.745701,106.0,0,760.0
538008115,1715913764,-24.953367,59.755165,104.0,0,770.0
538008115,1715913793,-24.953051,59.756733,104.0,0,760.0
538008115,1715913917,-24.951834,59.76305,104.0,0,770.0
538008115,1715914113,-24.949751,59.773499,106.0,0,760.0
538008115,1715914174,-24.949118,59.776699,105.0,0,780.0
538008115,1715914327,-24.947517,59.784534,104.0,0,770.0
538008115,1715914368,-24.947083,59.786701,105.0,0,770.0
538008115,1715914652,-24.943916,59.801868,105.0,0,750.0
538008115,1715914852,-24.941732,59.812302,106.0,0,770.0
538008115,1715914972,-24.94035,59.818684,105.0,0,770.0
538008115,1715914992,-24.940117,59.819733,105.0,0,760.0
538008115,1715915159,-24.938316,59.828152,105.0,0,770.0
538008115,1715915923,-24.929333,59.869034,107.0,0,750.0
538008115,1715916004,-24.928368,59.873219,107.0,0,750.0
538008115,1715916052,-24.927868,59.875381,106.0,0,750.0
538008115,1715916414,-24.9233,59.895016,106.0,0,760.0
538008115,1715916503,-24.9221,59.899769,108.0,0,740.0
538008115,1715916665,-24.920134,59.908367,107.0,0,760.0
538008115,1715916945,-24.916834,59.92345,108.0,0,760.0
538008115,1715917015,-24.915968,59.927235,108.0,0,750.0
538008115,1715917125,-24.914583,59.933167,109.0,0,740.0
538008115,1715917285,-24.912634,59.941868,109.0,0,760.0
538008115,1715917457,-24.910732,59.951218,109.0,0,770.0
538008115,1715917667,-24.908716,59.96265,107.0,0,800.0
538008115,1715917672,-24.908617,59.963184,107.0,0,800.0
538008115,1715918107,-24.904016,59.986168,106.0,0,780.0
538008115,1715918164,-24.903433,59.989368,106.0,0,780.0
538008115,1715918286,-24.90225,59.99575,105.0,0,790.0
538008115,1715918397,-24.9011,60.001534,106.0,0,770.0
538008115,1715918484,-24.899883,60.006233,106.0,0,720.0
538008115,1715918704,-24.896532,60.017582,105.0,0,720.0
538008115,1715918813,-24.894917,60.023369,105.0,0,730.0
538008115,1715918928,-24.893383,60.029148,105.0,0,740.0
538008115,1715919025,-24.89205,60.034317,105.0,0,730.0
538008115,1715919041,-24.89175,60.035366,105.0,0,730.0
538008115,1715919111,-24.890766,60.039017,105.0,0,720.0
538008115,1715919245,-24.888918,60.045784,105.0,0,730.0
538008115,1715919507,-24.885317,60.059299,104.0,0,730.0
538008115,1715919618,-24.883717,60.065102,105.0,0,720.0
538008115,1715920142,-24.87595,60.092251,104.0,0,720.0
538008115,1715920263,-24.874184,60.098385,104.0,0,720.0
538008115,1715920463,-24.871233,60.108452,103.0,0,720.0
538008115,1715920633,-24.868816,60.117134,103.0,0,730.0
538008115,1715921290,-24.860367,60.146767,101.0,0,730.0
538008115,1715921763,-24.853067,60.173618,101.0,0,750.0
538008115,1715921895,-24.851418,60.180183,101.0,0,740.0
538008115,1715922143,-24.848333,60.192719,102.0,0,740.0
538008115,1715922243,-24.847116,60.197716,103.0,0,750.0
538008115,1715922312,-24.846233,60.201218,102.0,0,740.0
538008115,1715922334,-24.845949,60.202282,102.0,0,740.0
538008115,1715922337,-24.845949,60.202282,102.0,0,740.0
538008115,1715922373,-24.845449,60.204285,102.0,0,740.0
538008115,1715922626,-24.841801,60.216583,101.0,0,700.0
538008115,1715922685,-24.840883,60.219616,102.0,0,720.0
538008115,1715922777,-24.8395,60.224083,103.0,0,710.0
538008115,1715922855,-24.838266,60.228119,103.0,0,710.0
538008115,1715922895,-24.837618,60.230099,102.0,0,700.0
538008115,1715922923,-24.837183,60.231499,102.0,0,700.0
538008115,1715922985,-24.836218,60.23455,104.0,0,710.0
538008115,1715923248,-24.832083,60.2477,104.0,0,700.0
538008115,1715923330,-24.830683,60.252132,104.0,0,710.0
538008115,1715923350,-24.830351,60.253132,105.0,0,710.0
538008115,1715923361,-24.830183,60.2537,104.0,0,720.0
538008115,1715923362,-24.830183,60.2537,104.0,0,720.0
538008115,1715923381,-24.829884,60.25465,104.0,0,710.0
538008115,1715923385,-24.829884,60.25465,104.0,0,710.0
538008115,1715923390,-24.829718,60.25515,104.0,0,700.0
538008115,1715923391,-24.829718,60.25515,104.0,0,700.0
538008115,1715923400,-24.82955,60.25565,103.0,0,690.0
538008115,1715923401,-24.82955,60.25565,103.0,0,690.0
538008115,1715923410,-24.829399,60.256168,103.0,0,700.0
538008115,1715923411,-24.829399,60.256168,103.0,0,700.0
538008115,1715923421,-24.829218,60.256733,103.0,0,710.0
538008115,1715923422,-24.829218,60.256733,103.0,0,710.0
538008115,1715923426,-24.829218,60.256733,103.0,0,710.0
538008115,1715923431,-24.82905,60.257233,104.0,0,700.0
538008115,1715923432,-24.82905,60.257233,104.0,0,700.0
538008115,1715923441,-24.828917,60.257702,104.0,0,700.0
538008115,1715923461,-24.828583,60.258751,104.0,0,710.0
538008115,1715923462,-24.828583,60.258751,104.0,0,710.0
538008115,1715923470,-24.828449,60.259216,104.0,0,710.0
538008115,1715923481,-24.828283,60.259766,104.0,0,710.0
538008115,1715923482,-24.828283,60.259766,104.0,0,710.0
538008115,1715923491,-24.828133,60.260284,104.0,0,710.0
538008115,1715923492,-24.828133,60.260284,104.0,0,710.0
538008115,1715923501,-24.827999,60.260735,104.0,0,710.0
538008115,1715923521,-24.827682,60.261749,104.0,0,720.0
538008115,1715923522,-24.827682,60.261749,104.0,0,720.0
538008115,1715923530,-24.827566,60.262218,104.0,0,720.0
538008115,1715923531,-24.827566,60.262218,104.0,0,720.0
538008115,1715923541,-24.8274,60.262833,104.0,0,730.0
538008115,1715923551,-24.82725,60.263332,105.0,0,720.0
538008115,1715923552,-24.82725,60.263332,105.0,0,720.0
538008115,1715923561,-24.827118,60.263851,104.0,0,720.0
538008115,1715923570,-24.826967,60.264317,104.0,0,720.0
538008115,1715923581,-24.826799,60.264866,104.0,0,710.0
538008115,1715923582,-24.826799,60.264866,104.0,0,710.0
538008115,1715923611,-24.826332,60.266418,104.0,0,720.0
538008115,1715923621,-24.8262,60.266884,104.0,0,720.0
538008115,1715923630,-24.826067,60.267334,104.0,0,710.0
538008115,1715923641,-24.825884,60.267967,104.0,0,720.0
538008115,1715923642,-24.825884,60.267967,104.0,0,720.0
538008115,1715923672,-24.825451,60.269501,104.0,0,720.0
538008115,1715923678,-24.825451,60.269501,104.0,0,720.0
538008115,1715923681,-24.825317,60.269966,104.0,0,720.0
538008115,1715923682,-24.825317,60.269966,104.0,0,720.0
538008115,1715923690,-24.825167,60.270432,104.0,0,720.0
538008115,1715923701,-24.825001,60.271049,105.0,0,720.0
538008115,1715923702,-24.825001,60.271049,105.0,0,720.0
538008115,1715923721,-24.824717,60.272068,104.0,0,720.0
538008115,1715923722,-24.824717,60.272068,104.0,0,720.0
538008115,1715923731,-24.824568,60.272583,105.0,0,720.0
538008115,1715923732,-24.824568,60.272583,105.0,0,720.0
538008115,1715923741,-24.824417,60.273083,104.0,0,720.0
538008115,1715923742,-24.824417,60.273083,104.0,0,720.0
538008115,1715923750,-24.824284,60.273548,104.0,0,720.0
538008115,1715923761,-24.824118,60.274117,105.0,0,720.0
538008115,1715923762,-24.824118,60.274117,105.0,0,720.0
538008115,1715923770,-24.823967,60.274567,104.0,0,710.0
538008115,1715923771,-24.823967,60.274567,104.0,0,710.0
538008115,1715923781,-24.823816,60.275066,106.0,0,710.0
538008115,1715923782,-24.823816,60.275066,106.0,0,710.0
538008115,1715923792,-24.823668,60.275635,104.0,0,720.0
538008115,1715923801,-24.823532,60.2761,104.0,0,720.0
538008115,1715923802,-24.823532,60.2761,104.0,0,720.0
538008115,1715923821,-24.82325,60.277134,104.0,0,720.0
538008115,1715923822,-24.82325,60.277134,104.0,0,720.0
538008115,1715923832,-24.823067,60.277748,104.0,0,720.0
538008115,1715923841,-24.822933,60.278198,104.0,0,720.0
538008115,1715923857,-24.822767,60.278767,105.0,0,710.0
538008115,1715923870,-24.822483,60.279682,104.0,0,710.0
538008115,1715924004,-24.820566,60.286366,105.0,0,720.0
538008115,1715924063,-24.819683,60.289398,104.0,0,720.0
538008115,1715924191,-24.817917,60.295631,105.0,0,710.0
538008115,1715924343,-24.815451,60.303917,105.0,0,720.0
538008115,1715924573,-24.811916,60.3158,106.0,0,720.0
538008115,1715924883,-24.807217,60.331818,106.0,0,720.0
538008115,1715924913,-24.806816,60.33345,106.0,0,730.0
538008115,1715925083,-24.804434,60.342365,106.0,0,730.0
538008115,1715925162,-24.803482,60.345951,107.0,0,740.0
538008115,1715925345,-24.8008,60.356049,106.0,0,730.0
538008115,1715925805,-24.794582,60.379967,104.0,0,740.0
538008115,1715925932,-24.792967,60.386616,104.0,0,740.0
538008115,1715925945,-24.792816,60.387184,105.0,0,740.0
538008115,1715926153,-24.789717,60.397919,104.0,0,710.0
538008115,1715926296,-24.787582,60.404968,103.0,0,710.0
538008115,1715926413,-24.785749,60.411068,103.0,0,720.0
538008115,1715927058,-24.776068,60.443466,103.0,0,720.0
538008115,1715927196,-24.773916,60.450535,103.0,0,710.0
538008115,1715927326,-24.771833,60.457134,104.0,0,710.0
538008115,1715927544,-24.768482,60.468166,103.0,0,710.0
538008115,1715927581,-24.76795,60.470081,103.0,0,720.0
538008115,1715927645,-24.767099,60.473167,102.0,0,720.0
538008115,1715927836,-24.764566,60.482834,102.0,0,730.0
538008115,1715927913,-24.76355,60.486832,103.0,0,750.0
538008115,1715928037,-24.761967,60.492916,103.0,0,740.0
538008115,1715928159,-24.760384,60.499035,103.0,0,740.0
538008115,1715928196,-24.759867,60.501019,103.0,0,720.0
538008115,1715928601,-24.754284,60.521969,104.0,0,720.0
538008115,1715928651,-24.753599,60.524467,104.0,0,730.0
538008115,1715928753,-24.7521,60.529633,104.0,0,720.0
538008115,1715928903,-24.749832,60.537369,104.0,0,720.0
538008115,1715928911,-24.749683,60.537834,105.0,0,720.0
538008115,1715928920,-24.74955,60.538349,105.0,0,720.0
538008115,1715928921,-24.74955,60.538349,105.0,0,720.0
538008115,1715928962,-24.748934,60.540401,105.0,0,720.0
538008115,1715928971,-24.748768,60.540901,105.0,0,720.0
538008115,1715929053,-24.747601,60.545033,104.0,0,730.0
538008115,1715929153,-24.746233,60.550217,106.0,0,740.0
538008115,1715929190,-24.745649,60.552299,105.0,0,730.0
538008115,1715929220,-24.745268,60.553883,105.0,0,740.0
538008115,1715929221,-24.745268,60.553883,105.0,0,740.0
538008115,1715929231,-24.7451,60.554451,105.0,0,720.0
538008115,1715929232,-24.7451,60.554451,105.0,0,720.0
538008115,1715929233,-24.7451,60.554451,105.0,0,720.0
538008115,1715929270,-24.744583,60.556435,105.0,0,740.0
538008115,1715929271,-24.744583,60.556435,105.0,0,740.0
538008115,1715929356,-24.74345,60.560719,106.0,0,740.0
538008115,1715929772,-24.737667,60.582802,106.0,0,710.0
538008115,1715929835,-24.736732,60.585934,106.0,0,720.0
538008115,1715929915,-24.735533,60.590069,107.0,0,710.0
538008115,1715930013,-24.734432,60.593716,106.0,0,710.0
538008115,1715930035,-24.73365,60.596317,106.0,0,710.0
538008115,1715930123,-24.732283,60.601051,106.0,0,710.0
538008115,1715930507,-24.726334,60.620766,105.0,0,710.0
538008115,1715930612,-24.724716,60.62635,105.0,0,720.0
538008115,1715930874,-24.7206,60.6399,106.0,0,710.0
538008115,1715930903,-24.72015,60.64135,106.0,0,720.0
538008115,1715930996,-24.7187,60.646149,106.0,0,710.0
538008115,1715931149,-24.716333,60.653782,105.0,0,700.0
538008115,1715931657,-24.708483,60.680099,104.0,0,730.0
538008115,1715931807,-24.706367,60.687832,104.0,0,730.0
538008115,1715931980,-24.704149,60.695633,104.0,0,710.0
538008115,1715932077,-24.702316,60.701733,104.0,0,710.0
538008115,1715932265,-24.699484,60.711418,104.0,0,720.0
538008115,1715932644,-24.694332,60.730934,104.0,0,730.0
538008115,1715932693,-24.693666,60.733398,104.0,0,730.0
538008115,1715932788,-24.6924,60.738182,104.0,0,740.0
538008115,1715932824,-24.691851,60.740185,104.0,0,730.0
538008115,1715932939,-24.690317,60.7458,105.0,0,720.0
538008115,1715933064,-24.68845,60.752583,104.0,0,730.0
538008115,1715933098,-24.688049,60.754017,104.0,0,720.0
538008115,1715933234,-24.68615,60.761234,104.0,0,730.0
538008115,1715933355,-24.684532,60.767368,104.0,0,730.0
538008115,1715933386,-24.684099,60.769032,105.0,0,740.0
538008115,1715933519,-24.68235,60.775799,105.0,0,740.0
538008115,1715933536,-24.6821,60.776783,105.0,0,740.0
538008115,1715933666,-24.680332,60.783615,105.0,0,730.0
538008115,1715933724,-24.679518,60.786716,105.0,0,730.0
538008115,1715933834,-24.677999,60.792484,104.0,0,730.0
538008115,1715933964,-24.676268,60.799183,104.0,0,740.0
538008115,1715933992,-24.6759,60.800682,104.0,0,740.0
538008115,1715934052,-24.675117,60.803799,105.0,0,730.0
538008115,1715934202,-24.673018,60.811619,105.0,0,730.0
538008115,1715934317,-24.67145,60.817333,105.0,0,730.0
538008115,1715934531,-24.668467,60.828152,106.0,0,720.0
538008115,1715934537,-24.668283,60.828766,106.0,0,720.0
538008115,1715934737,-24.665068,60.839066,105.0,0,710.0
538008115,1715934954,-24.661583,60.8503,105.0,0,710.0
538008115,1715935239,-24.657049,60.864616,104.0,0,710.0
538008115,1715935314,-24.6558,60.868568,104.0,0,710.0
538008115,1715935387,-24.654633,60.872284,104.0,0,710.0
538008115,1715935734,-24.649401,60.889984,103.0,0,730.0
538008115,1715936012,-24.645517,60.904148,102.0,0,720.0
538008115,1715936114,-24.644068,60.909233,102.0,0,720.0
538008115,1715936289,-24.641582,60.917732,102.0,0,710.0
538008115,1715936352,-24.640633,60.921185,101.0,0,730.0
538008115,1715936472,-24.63905,60.927181,101.0,0,720.0
538008115,1715936632,-24.637016,60.93515,100.0,0,740.0
538008115,1715936779,-24.635267,60.942135,99.0,0,740.0
538008115,1715936806,-24.634916,60.943565,100.0,0,740.0
538008115,1715937132,-24.630833,60.959717,99.0,0,750.0
538008115,1715937186,-24.630199,60.962284,98.0,0,750.0
538008115,1715937276,-24.629066,60.966682,98.0,0,740.0
538008115,1715937724,-24.62335,60.988716,99.0,0,740.0
538008115,1715937791,-24.622383,60.992134,100.0,0,720.0
538008115,1715937834,-24.621782,60.994133,100.0,0,700.0
538008115,1715937915,-24.62055,60.997932,99.0,0,690.0
538008115,1715937988,-24.61945,61.001301,99.0,0,690.0
538008115,1715938294,-24.614767,61.016315,99.0,0,710.0
538008115,1715938322,-24.6145,61.017181,99.0,0,700.0
538008115,1715938402,-24.613117,61.021568,99.0,0,700.0
538008115,1715938580,-24.610634,61.029835,99.0,0,710.0
538008115,1715938737,-24.608368,61.037651,99.0,0,710.0
538008115,1715938752,-24.608101,61.038567,99.0,0,720.0
538008115,1715938859,-24.606667,61.043549,99.0,0,720.0
538008115,1715938924,-24.605667,61.046982,99.0,0,720.0
538008115,1715939119,-24.60285,61.056252,100.0,0,720.0
538008115,1715939153,-24.603451,61.054249,99.0,0,710.0
538008115,1715939174,-24.60195,61.059067,100.0,0,710.0
538008115,1715939364,-24.599182,61.068417,100.0,0,720.0
538008115,1715939865,-24.5917,61.092731,99.0,0,710.0
538008115,1715939945,-24.590483,61.096699,100.0,0,710.0
538008115,1715940063,-24.588617,61.102531,100.0,0,710.0
538008115,1715940215,-24.586567,61.109917,100.0,0,730.0
538008115,1715940283,-24.585751,61.112865,100.0,0,720.0
538008115,1715940295,-24.585466,61.1138,100.0,0,720.0
538008115,1715940513,-24.582434,61.124699,100.0,0,720.0
538008115,1715940901,-24.577049,61.143848,100.0,0,720.0
538008115,1715941049,-24.575018,61.150818,100.0,0,710.0
538008115,1715941061,-24.574883,61.151318,100.0,0,730.0
538008115,1715941394,-24.570032,61.168133,101.0,0,720.0
538008115,1715941449,-24.569283,61.170551,100.0,0,710.0
538008115,1715941567,-24.567499,61.176449,101.0,0,720.0
538008115,1715941749,-24.564882,61.185368,101.0,0,720.0
538008115,1715941814,-24.5639,61.188766,100.0,0,720.0
538008115,1715941987,-24.561399,61.197201,101.0,0,720.0
538008115,1715942008,-24.561083,61.198181,101.0,0,710.0
538008115,1715942208,-24.558167,61.208118,101.0,0,730.0
538008115,1715942295,-24.55695,61.212631,102.0,0,740.0
538008115,1715942483,-24.554333,61.222084,102.0,0,730.0
538008115,1715942624,-24.552349,61.229183,102.0,0,730.0
538008115,1715942778,-24.550217,61.236732,103.0,0,720.0
538008115,1715942864,-24.548983,61.241234,102.0,0,730.0
538008115,1715942894,-24.548517,61.242783,103.0,0,720.0
538008115,1715943144,-24.545116,61.255466,103.0,0,730.0
538008115,1715943504,-24.540133,61.273869,103.0,0,720.0
538008115,1715943624,-24.5385,61.279949,104.0,0,730.0
538008115,1715943874,-24.535116,61.292782,103.0,0,740.0
538008115,1715943934,-24.5343,61.295784,103.0,0,720.0
538008115,1715943942,-24.534166,61.296318,103.0,0,730.0
538008115,1715944073,-24.532417,61.302933,103.0,0,740.0
538008115,1715944174,-24.531033,61.307983,103.0,0,730.0
538008115,1715944254,-24.529984,61.31205,103.0,0,740.0
538008115,1715944516,-24.526333,61.325268,103.0,0,740.0
538008115,1715944695,-24.524017,61.334332,102.0,0,740.0
538008115,1715944702,-24.523867,61.3349,102.0,0,730.0
538008115,1715944815,-24.5224,61.34045,102.0,0,740.0
538008115,1715945012,-24.519617,61.350483,101.0,0,720.0
538008115,1715945195,-24.516933,61.359417,102.0,0,720.0
538008115,1715945313,-24.515217,61.365318,101.0,0,720.0
538008115,1715945474,-24.512917,61.373367,101.0,0,720.0
538008115,1715945770,-24.508533,61.387733,101.0,0,710.0
538008115,1715945838,-24.507618,61.391251,101.0,0,730.0
538008115,1715945983,-24.505568,61.398731,102.0,0,730.0
538008115,1715946113,-24.503599,61.405083,101.0,0,690.0
538008115,1715946173,-24.502632,61.407951,101.0,0,690.0
538008115,1715946218,-24.501984,61.409931,101.0,0,690.0
538008115,1715946293,-24.50065,61.413834,101.0,0,700.0
538008115,1715946318,-24.500334,61.414783,101.0,0,690.0
538008115,1715946449,-24.498182,61.42115,101.0,0,700.0
538008115,1715946467,-24.497868,61.422115,101.0,0,690.0
538008115,1715946494,-24.4974,61.4235,101.0,0,690.0
538008115,1715946579,-24.496166,61.427532,101.0,0,710.0
538008115,1715946616,-24.495567,61.429501,102.0,0,710.0
538008115,1715946686,-24.494568,61.432934,102.0,0,710.0
538008115,1715946705,-24.494267,61.434032,102.0,0,720.0
538008115,1715946794,-24.493082,61.438366,102.0,0,720.0
538008115,1715947004,-24.490232,61.448734,100.0,0,730.0
538008115,1715947245,-24.487232,61.460518,100.0,0,740.0
538008115,1715947299,-24.486601,61.462952,100.0,0,730.0
538008115,1715947465,-24.484301,61.471233,100.0,0,720.0
538008115,1715947534,-24.483351,61.474583,100.0,0,730.0
538008115,1715947736,-24.480667,61.484402,99.0,0,720.0
538008115,1715947892,-24.4786,61.492134,99.0,0,720.0
538008115,1715948046,-24.476549,61.499516,99.0,0,720.0
538008115,1715948162,-24.474966,61.505199,99.0,0,730.0
538008115,1715948282,-24.473482,61.510582,99.0,0,730.0
538008115,1715948388,-24.472,61.515968,100.0,0,730.0
538008115,1715948808,-24.466516,61.536598,101.0,0,740.0
538008115,1715948835,-24.46615,61.538052,101.0,0,740.0
538008115,1715948881,-24.465616,61.540066,101.0,0,740.0
538008115,1715949153,-24.462084,61.553833,100.0,0,740.0
538008115,1715949426,-24.458517,61.567165,99.0,0,730.0
538008115,1715949469,-24.457968,61.569065,101.0,0,720.0
538008115,1715949536,-24.4569,61.572582,101.0,0,710.0
538008115,1715949733,-24.453867,61.582184,101.0,0,710.0
538008115,1715949785,-24.453083,61.584618,101.0,0,700.0
538008115,1715949943,-24.450567,61.592484,101.0,0,700.0
538008115,1715950025,-24.449333,61.596333,102.0,0,700.0
538008115,1715950033,-24.449167,61.596882,102.0,0,700.0
538008115,1715950063,-24.448683,61.598351,102.0,0,700.0
538008115,1715950393,-24.4438,61.6147,103.0,0,730.0
538008115,1715950460,-24.442966,61.617767,103.0,0,740.0
538008115,1715950523,-24.442083,61.62125,102.0,0,740.0
538008115,1715950803,-24.438299,61.635384,103.0,0,730.0
538008115,1715951028,-24.435217,61.6464,103.0,0,720.0
538008115,1715951334,-24.430717,61.6619,103.0,0,720.0
538008115,1715951455,-24.428949,61.6679,103.0,0,720.0
538008115,1715951543,-24.427683,61.672401,103.0,0,730.0
538008115,1715951597,-24.42695,61.67485,103.0,0,710.0
538008115,1715951666,-24.425917,61.678383,103.0,0,720.0
538008115,1715951764,-24.4245,61.683266,103.0,0,720.0
538008115,1715951894,-24.422583,61.68985,103.0,0,720.0
538008115,1715952024,-24.420717,61.696316,103.0,0,720.0
538008115,1715952093,-24.419733,61.699768,103.0,0,720.0
538008115,1715952131,-24.419283,61.701366,103.0,0,720.0
538008115,1715952174,-24.41855,61.70385,103.0,0,710.0
538008115,1715952183,-24.4184,61.70435,103.0,0,720.0
538008115,1715952223,-24.417833,61.706234,103.0,0,720.0
538008115,1715952276,-24.417084,61.708767,103.0,0,710.0
538008115,1715952457,-24.414417,61.717701,102.0,0,730.0
538008115,1715952595,-24.412333,61.724731,102.0,0,720.0
538008115,1715952615,-24.41205,61.725666,102.0,0,710.0
538008115,1715952714,-24.410583,61.730682,103.0,0,730.0
538008115,1715952922,-24.407932,61.74065,102.0,0,720.0
538008115,1715953014,-24.406651,61.745716,102.0,0,740.0
538008115,1715953377,-24.401632,61.763535,101.0,0,700.0
538008115,1715953437,-24.400734,61.766418,101.0,0,700.0
538008115,1715953614,-24.397966,61.775234,101.0,0,700.0
538008115,1715953654,-24.397383,61.777184,102.0,0,710.0
538008115,1715953748,-24.396217,61.781567,100.0,0,750.0
538008115,1715953833,-24.395067,61.786152,101.0,0,740.0
538008115,1715953907,-24.394167,61.789532,101.0,0,730.0
538008115,1715953944,-24.393618,61.791618,101.0,0,730.0
538008115,1715954013,-24.39275,61.795033,101.0,0,750.0
538008115,1715954034,-24.392532,61.796032,101.0,0,750.0
538008115,1715954154,-24.391001,61.802082,101.0,0,730.0
538008115,1715954214,-24.390217,61.805065,101.0,0,730.0
538008115,1715954435,-24.387133,61.815948,100.0,0,720.0
538008115,1715954474,-24.386551,61.817917,100.0,0,710.0
538008115,1715954504,-24.386133,61.819382,100.0,0,720.0
538008115,1715954576,-24.385117,61.822884,100.0,0,720.0
538008115,1715954685,-24.383568,61.828232,100.0,0,710.0
538008115,1715954755,-24.382467,61.8316,100.0,0,700.0
538008115,1715954925,-24.379749,61.839851,100.0,0,700.0
538008115,1715954955,-24.379267,61.841251,99.0,0,690.0
538008115,1715955095,-24.377016,61.848049,100.0,0,710.0
538008115,1715955163,-24.375868,61.851482,100.0,0,690.0
538008115,1715955233,-24.374767,61.854851,100.0,0,700.0
538008115,1715955378,-24.372351,61.861633,101.0,0,680.0
538008115,1715955500,-24.370518,61.867535,102.0,0,730.0
538008115,1715955655,-24.368401,61.87545,101.0,0,720.0
538008115,1715955775,-24.366768,61.881432,101.0,0,740.0
538008115,1715955903,-24.364967,61.887966,101.0,0,720.0
538008115,1715956114,-24.362,61.898335,101.0,0,730.0
538008115,1715956254,-24.360216,61.904884,101.0,0,730.0
538008115,1715956514,-24.356583,61.91835,101.0,0,720.0
538008115,1715956754,-24.353382,61.930332,101.0,0,730.0
538008115,1715956805,-24.352682,61.932884,102.0,0,720.0
538008115,1715956875,-24.351749,61.936352,102.0,0,730.0
538008115,1715957032,-24.349583,61.944401,102.0,0,730.0
538008115,1715957225,-24.346983,61.953983,102.0,0,730.0
538008115,1715957370,-24.344982,61.961067,103.0,0,720.0
538008115,1715957396,-24.344584,61.962601,103.0,0,730.0
538008115,1715957553,-24.342449,61.970615,103.0,0,720.0
538008115,1715957644,-24.3412,61.975182,103.0,0,730.0
538008115,1715957717,-24.340218,61.978748,103.0,0,720.0
538008115,1715957867,-24.338533,61.985184,102.0,0,730.0
538008115,1715957951,-24.337116,61.990719,102.0,0,730.0
538008115,1715958226,-24.333384,62.004318,103.0,0,720.0
538008115,1715958359,-24.331633,62.010933,102.0,0,730.0
538008115,1715958416,-24.330767,62.013866,103.0,0,720.0
538008115,1715958646,-24.3276,62.025368,104.0,0,740.0
538008115,1715958766,-24.326134,62.031384,102.0,0,760.0
538008115,1715958894,-24.324484,62.037968,100.0,0,730.0
538008115,1715958944,-24.323833,62.040401,100.0,0,730.0
538008115,1715959015,-24.322817,62.043865,100.0,0,710.0
538008115,1715959076,-24.321899,62.046833,100.0,0,700.0
538008115,1715959473,-24.31575,62.066101,100.0,0,690.0
538008115,1715959646,-24.313168,62.074249,100.0,0,700.0
538008115,1715959874,-24.309601,62.0853,100.0,0,690.0
538008115,1715959996,-24.307768,62.091133,101.0,0,710.0
538008115,1715960129,-24.306,62.097569,100.0,0,740.0
538008115,1715960155,-24.305599,62.098934,100.0,0,730.0
538008115,1715960218,-24.304817,62.101883,100.0,0,730.0
538008115,1715960559,-24.300051,62.118351,100.0,0,700.0
538008115,1715960664,-24.298468,62.123749,100.0,0,710.0
538008115,1715960725,-24.297567,62.126701,100.0,0,720.0
538008115,1715960751,-24.2973,62.127666,100.0,0,720.0
538008115,1715960818,-24.29635,62.1311,100.0,0,720.0
538008115,1715961033,-24.293417,62.141918,101.0,0,730.0
538008115,1715961065,-24.292999,62.143383,101.0,0,730.0
538008115,1715961156,-24.2918,62.147732,101.0,0,740.0
538008115,1715961193,-24.291267,62.14975,100.0,0,730.0
538008115,1715961213,-24.291018,62.1507,100.0,0,730.0
538008115,1715961365,-24.289167,62.158085,101.0,0,750.0
538008115,1715961478,-24.287767,62.163582,101.0,0,740.0
538008115,1715961688,-24.285017,62.173901,101.0,0,730.0
538008115,1715961804,-24.2834,62.179783,101.0,0,740.0
538008115,1715961983,-24.280916,62.188583,100.0,0,730.0
538008115,1715962093,-24.279484,62.193932,100.0,0,730.0
538008115,1715962116,-24.279217,62.194866,101.0,0,730.0
538008115,1715962194,-24.278168,62.198833,101.0,0,730.0
538008115,1715962293,-24.276768,62.203682,100.0,0,720.0
538008115,1715962333,-24.276234,62.205616,100.0,0,730.0
538008115,1715962424,-24.275034,62.210098,100.0,0,740.0
538008115,1715962590,-24.272966,62.217884,100.0,0,730.0
538008115,1715962594,-24.2728,62.218433,101.0,0,730.0
538008115,1715962792,-24.2701,62.228134,101.0,0,730.0
538008115,1715962955,-24.267918,62.236099,101.0,0,730.0
538008115,1715963076,-24.266283,62.242031,101.0,0,730.0
538008115,1715963265,-24.263733,62.251434,102.0,0,720.0
538008115,1715963337,-24.262751,62.254883,102.0,0,720.0
538008115,1715963618,-24.258699,62.2687,103.0,0,720.0
538008115,1715963698,-24.257532,62.272717,102.0,0,730.0
538008115,1715963708,-24.257401,62.273167,102.0,0,730.0
538008115,1715963878,-24.255033,62.281551,101.0,0,710.0
538008115,1715963956,-24.253901,62.285583,101.0,0,720.0
538008115,1715964098,-24.252001,62.292416,101.0,0,730.0
538008115,1715964108,-24.251867,62.292915,101.0,0,730.0
538008115,1715964204,-24.250467,62.297852,102.0,0,720.0
538008115,1715964255,-24.249733,62.30035,101.0,0,720.0
538008115,1715964425,-24.247316,62.308617,101.0,0,730.0
538008115,1715964505,-24.246218,62.3125,101.0,0,720.0
538008115,1715964679,-24.243799,62.320915,102.0,0,710.0
538008115,1715964746,-24.242783,62.324368,102.0,0,720.0
538008115,1715964751,-24.242634,62.324848,101.0,0,710.0
538008115,1715964771,-24.24235,62.325832,101.0,0,710.0
538008115,1715964782,-24.242201,62.326366,102.0,0,720.0
538008115,1715964802,-24.241882,62.327351,102.0,0,710.0
538008115,1715964804,-24.241882,62.327351,102.0,0,710.0
538008115,1715964817,-24.241768,62.327801,102.0,0,710.0
538008115,1715964831,-24.241467,62.328781,102.0,0,710.0
538008115,1715964862,-24.241034,62.330299,102.0,0,710.0
538008115,1715964871,-24.2409,62.330734,101.0,0,710.0
538008115,1715964890,-24.240618,62.331718,101.0,0,720.0
538008115,1715964891,-24.240618,62.331718,101.0,0,720.0
538008115,1715964910,-24.240368,62.332634,101.0,0,720.0
538008115,1715964911,-24.240368,62.332634,101.0,0,720.0
538008115,1715964921,-24.240183,62.333218,101.0,0,710.0
538008115,1715964929,-24.240183,62.333218,101.0,0,710.0
538008115,1715964931,-24.240049,62.333649,101.0,0,720.0
538008115,1715964932,-24.240049,62.333649,101.0,0,720.0
538008115,1715964940,-24.239901,62.334133,101.0,0,720.0
538008115,1715964941,-24.239901,62.334133,101.0,0,720.0
538008115,1715965041,-24.2384,62.339031,100.0,0,710.0
538008115,1715965051,-24.238268,62.339516,100.0,0,720.0
538008115,1715965064,-24.238132,62.339951,100.0,0,720.0
538008115,1715965081,-24.237867,62.340965,100.0,0,720.0
538008115,1715965082,-24.237867,62.340965,100.0,0,720.0
538008115,1715965090,-24.237734,62.341351,100.0,0,720.0
538008115,1715965101,-24.237568,62.341984,100.0,0,720.0
538008115,1715965102,-24.237568,62.341984,100.0,0,720.0
538008115,1715965150,-24.2369,62.344299,100.0,0,720.0
538008115,1715965151,-24.2369,62.344299,100.0,0,720.0
538008115,1715965154,-24.2369,62.344299,100.0,0,720.0
538008115,1715965180,-24.236467,62.345749,100.0,0,720.0
538008115,1715965181,-24.236467,62.345749,100.0,0,720.0
538008115,1715965182,-24.236467,62.345749,100.0,0,720.0
538008115,1715965350,-24.23415,62.353516,100.0,0,720.0
538008115,1715965393,-24.233433,62.355865,100.0,0,720.0
538008115,1715965499,-24.231951,62.360718,100.0,0,710.0
538008115,1715965602,-24.230383,62.366116,101.0,0,720.0
538008115,1715965718,-24.228867,62.371567,101.0,0,730.0
538008115,1715965892,-24.226351,62.380348,101.0,0,710.0
538008115,1715965902,-24.226217,62.380833,101.0,0,720.0
538008115,1715965920,-24.226084,62.381332,101.0,0,730.0
538008115,1715966376,-24.2194,62.403851,101.0,0,700.0
538008115,1715966397,-24.219101,62.404835,101.0,0,720.0
538008115,1715966495,-24.217617,62.409718,101.0,0,710.0
538008115,1715966524,-24.217182,62.411182,101.0,0,710.0
538008115,1715966667,-24.215166,62.418018,101.0,0,720.0
538008115,1715966723,-24.214283,62.421001,101.0,0,720.0
538008115,1715966844,-24.212517,62.426899,101.0,0,710.0
538008115,1715966915,-24.211483,62.430267,102.0,0,710.0
538008115,1715966942,-24.211018,62.431732,102.0,0,700.0
538008115,1715966974,-24.210518,62.43325,102.0,0,700.0
538008115,1715967096,-24.208651,62.439117,102.0,0,700.0
538008115,1715967245,-24.206516,62.446449,101.0,0,710.0
538008115,1715967356,-24.204933,62.451817,101.0,0,720.0
538008115,1715967419,-24.204033,62.454735,101.0,0,700.0
538008115,1715967476,-24.203117,62.457634,101.0,0,710.0
538008115,1715967588,-24.201384,62.462933,100.0,0,700.0
538008115,1715967651,-24.200317,62.466267,99.0,0,710.0
538008115,1715967919,-24.196699,62.478931,100.0,0,730.0
538008115,1715967942,-24.196301,62.48035,100.0,0,720.0
538008115,1715968096,-24.194082,62.487617,100.0,0,700.0
538008115,1715968266,-24.191584,62.495766,100.0,0,710.0
538008115,1715968338,-24.19055,62.499199,100.0,0,710.0
538008115,1715968415,-24.189367,62.503101,100.0,0,710.0
538008115,1715968425,-24.189217,62.503582,100.0,0,710.0
538008115,1715968508,-24.188032,62.507435,99.0,0,710.0
538008115,1715968574,-24.186983,62.510818,99.0,0,710.0
538008115,1715968637,-24.186083,62.513699,99.0,0,700.0
538008115,1715968696,-24.185232,62.516632,99.0,0,720.0
538008115,1715968794,-24.183901,62.521484,99.0,0,730.0
538008115,1715968833,-24.183384,62.523499,100.0,0,740.0
538008115,1715968945,-24.181967,62.528831,100.0,0,730.0
538008115,1715968985,-24.181417,62.530834,100.0,0,730.0
538008115,1715969135,-24.179483,62.538166,101.0,0,740.0
538008115,1715969175,-24.178967,62.540134,100.0,0,730.0
538008115,1715969195,-24.178699,62.541168,100.0,0,740.0
538008115,1715969215,-24.17845,62.542149,100.0,0,740.0
538008115,1715969314,-24.177168,62.547031,100.0,0,730.0
538008115,1715969325,-24.17705,62.547466,100.0,0,730.0
538008115,1715969415,-24.175867,62.551968,101.0,0,730.0
538008115,1715969453,-24.17535,62.553967,101.0,0,730.0
538008115,1715969583,-24.173767,62.560432,101.0,0,750.0
538008115,1715969754,-24.171633,62.568832,101.0,0,740.0
538008115,1715969964,-24.16885,62.579384,102.0,0,740.0
538008115,1715970054,-24.167633,62.583832,102.0,0,730.0
538008115,1715970094,-24.167067,62.585934,101.0,0,740.0
538008115,1715970174,-24.166,62.589802,101.0,0,730.0
538008115,1715970202,-24.165583,62.591282,101.0,0,730.0
538008115,1715970213,-24.165434,62.591831,102.0,0,730.0
538008115,1715970222,-24.165333,62.592232,102.0,0,730.0
538008115,1715970241,-24.165068,62.593285,102.0,0,730.0
538008115,1715970262,-24.164801,62.594318,102.0,0,730.0
538008115,1715970273,-24.164667,62.594883,102.0,0,740.0
538008115,1715970292,-24.164417,62.595768,102.0,0,730.0
538008115,1715970301,-24.164284,62.596268,102.0,0,730.0
538008115,1715970313,-24.164133,62.596817,102.0,0,730.0
538008115,1715970322,-24.164,62.597267,102.0,0,730.0
538008115,1715970332,-24.163883,62.597767,102.0,0,730.0
538008115,1715970334,-24.163883,62.597767,102.0,0,730.0
538008115,1715970342,-24.163767,62.598267,102.0,0,740.0
538008115,1715970352,-24.163633,62.598766,102.0,0,740.0
538008115,1715970361,-24.1635,62.599201,102.0,0,730.0
538008115,1715970373,-24.163349,62.5998,102.0,0,740.0
538008115,1715970382,-24.163233,62.60025,101.0,0,730.0
538008115,1715970402,-24.162933,62.60125,102.0,0,730.0
538008115,1715970421,-24.162666,62.602249,102.0,0,720.0
538008115,1715970433,-24.162518,62.602852,102.0,0,730.0
538008115,1715970434,-24.162518,62.602852,102.0,0,730.0
538008115,1715970443,-24.162382,62.603298,102.0,0,730.0
538008115,1715970452,-24.162251,62.603802,101.0,0,730.0
538008115,1715970462,-24.162132,62.604233,101.0,0,730.0
538008115,1715970483,-24.161833,62.605282,101.0,0,730.0
538008115,1715970493,-24.161682,62.605782,101.0,0,720.0
538008115,1715970496,-24.161682,62.605782,101.0,0,720.0
538008115,1715970503,-24.161568,62.606266,101.0,0,730.0
538008115,1715970512,-24.161449,62.606716,100.0,0,730.0
538008115,1715970522,-24.161318,62.607166,101.0,0,730.0
538008115,1715970532,-24.161167,62.607716,101.0,0,740.0
538008115,1715970543,-24.161016,62.608318,101.0,0,730.0
538008115,1715970553,-24.160883,62.608799,101.0,0,730.0
538008115,1715970563,-24.160767,62.609249,100.0,0,730.0
538008115,1715970574,-24.16065,62.609684,101.0,0,730.0
538008115,1715970582,-24.160517,62.610199,101.0,0,730.0
538008115,1715970592,-24.1604,62.610733,101.0,0,740.0
538008115,1715970603,-24.160267,62.611252,101.0,0,740.0
538008115,1715970613,-24.160151,62.611732,101.0,0,740.0
538008115,1715970623,-24.16,62.612232,101.0,0,740.0
538008115,1715970642,-24.159767,62.613167,101.0,0,740.0
538008115,1715970652,-24.159634,62.613667,102.0,0,740.0
538008115,1715970663,-24.159517,62.614216,101.0,0,740.0
538008115,1715970683,-24.159283,62.61515,101.0,0,740.0
538008115,1715970692,-24.159149,62.61565,101.0,0,740.0
538008115,1715970702,-24.159,62.61615,101.0,0,740.0
538008115,1715970733,-24.158617,62.617699,101.0,0,740.0
538008115,1715970743,-24.158466,62.618198,101.0,0,740.0
538008115,1715970752,-24.15835,62.618633,101.0,0,740.0
538008115,1715970762,-24.158199,62.619183,101.0,0,740.0
538008115,1715970803,-24.1577,62.621151,101.0,0,730.0
538008115,1715971033,-24.154699,62.632519,100.0,0,740.0
538008115,1715971223,-24.152399,62.6418,100.0,0,740.0
538008115,1715971283,-24.151632,62.644749,100.0,0,730.0
538008115,1715971453,-24.14945,62.653149,100.0,0,740.0
538008115,1715971493,-24.148916,62.655167,100.0,0,740.0
538008115,1715971563,-24.147984,62.658501,101.0,0,730.0
538008115,1715971653,-24.146749,62.662949,100.0,0,720.0
538008115,1715971725,-24.14575,62.666382,100.0,0,720.0
538008115,1715971865,-24.143833,62.673168,100.0,0,730.0
538008115,1715971875,-24.143682,62.673752,100.0,0,730.0
538008115,1715972203,-24.1392,62.689968,101.0,0,730.0
538008115,1715972263,-24.13835,62.692848,101.0,0,720.0
538008115,1715972275,-24.138218,62.693283,99.0,0,720.0
538008115,1715972373,-24.136818,62.6982,100.0,0,710.0
538008115,1715972405,-24.136417,62.6996,99.0,0,730.0
538008115,1715972565,-24.134167,62.707401,100.0,0,720.0
538008115,1715972613,-24.133432,62.709885,99.0,0,710.0
538008115,1715973077,-24.164284,62.596268,102.0,0,730.0
538008115,1715973778,-24.116583,62.76635,101.0,0,720.0
538008115,1715973789,-24.116432,62.76685,101.0,0,720.0
538008115,1715973829,-24.115833,62.768784,101.0,0,710.0
538008115,1715973879,-24.115049,62.771267,101.0,0,700.0
538008115,1715973999,-24.113182,62.777016,100.0,0,690.0
538008115,1715974103,-24.1115,62.782333,100.0,0,700.0
538008115,1715974158,-24.11075,62.784782,101.0,0,710.0
538008115,1715974227,-24.110283,62.786301,100.0,0,710.0
538008115,1715974332,-24.10815,62.793617,100.0,0,730.0
538008115,1715974383,-24.107468,62.796101,100.0,0,730.0
538008115,1715974452,-24.10655,62.799583,100.0,0,720.0
538008115,1715974769,-24.1024,62.814919,102.0,0,730.0
538008115,1715974789,-24.102118,62.816017,100.0,0,750.0
538008115,1715974844,-24.101316,62.819,102.0,0,730.0
538008115,1715974863,-24.101032,62.819984,102.0,0,720.0
538008115,1715974992,-24.099234,62.826332,100.0,0,720.0
538008115,1715975012,-24.098967,62.827316,100.0,0,720.0
538008115,1715975028,-24.098818,62.82785,100.0,0,730.0
538008115,1715975062,-24.098333,62.829784,101.0,0,730.0
538008115,1715975073,-24.098217,62.830215,101.0,0,740.0
538008115,1715975252,-24.095716,62.8391,100.0,0,720.0
538008115,1715975270,-24.095551,62.839584,100.0,0,710.0
538008115,1715975373,-24.093918,62.844868,100.0,0,710.0
538008115,1715975388,-24.09375,62.845451,100.0,0,710.0
538008115,1715975402,-24.093468,62.846367,101.0,0,710.0
538008115,1715975452,-24.092733,62.848831,100.0,0,720.0
538008115,1715975461,-24.093,62.8479,100.0,0,710.0
538008115,1715975558,-24.091232,62.853748,100.0,0,720.0
538008115,1715975612,-24.090366,62.856632,100.0,0,720.0
538008115,1715975672,-24.0895,62.85955,101.0,0,720.0
538008115,1715975822,-24.087299,62.866867,100.0,0,720.0
538008115,1715975958,-24.085501,62.873199,101.0,0,730.0
538008115,1715975982,-24.085068,62.874733,101.0,0,720.0
538008115,1715976384,-24.079384,62.894268,101.0,0,720.0
538008115,1715976444,-24.078518,62.897232,100.0,0,720.0
538008115,1715976482,-24.077967,62.8992,100.0,0,720.0
538008115,1715976563,-24.076883,62.903069,101.0,0,740.0
538008115,1715976592,-24.076483,62.904598,101.0,0,730.0
538008115,1715976617,-24.076218,62.905617,101.0,0,740.0
538008115,1715976794,-24.073833,62.914383,101.0,0,730.0
538008115,1715976837,-24.073299,62.916283,100.0,0,730.0
538008115,1715977051,-24.070351,62.927067,100.0,0,740.0
538008115,1715977076,-24.070049,62.928082,101.0,0,730.0
538008115,1715977196,-24.068399,62.933983,101.0,0,720.0
538008115,1715977316,-24.06675,62.939884,101.0,0,720.0
538008115,1715977375,-24.065901,62.942848,101.0,0,730.0
538008115,1715977426,-24.065216,62.945251,101.0,0,720.0
538008115,1715977435,-24.065083,62.945732,101.0,0,720.0
538008115,1715977484,-24.064383,62.948151,101.0,0,700.0
538008115,1715977515,-24.063917,62.949699,100.0,0,710.0
538008115,1715977623,-24.062416,62.954983,100.0,0,730.0
538008115,1715977685,-24.061567,62.957981,100.0,0,720.0
538008115,1715977772,-24.060316,62.962368,100.0,0,720.0
538008115,1715978132,-24.055099,62.979916,101.0,0,720.0
538008115,1715978176,-24.054533,62.981884,100.0,0,720.0
538008115,1715978218,-24.053984,62.983784,100.0,0,730.0
538008115,1715978233,-24.053682,62.984734,100.0,0,710.0
538008115,1715978323,-24.052349,62.989101,101.0,0,720.0
538008115,1715978341,-24.052067,62.990082,100.0,0,720.0
538008115,1715978416,-24.051033,62.993519,101.0,0,720.0
538008115,1715978476,-24.050117,62.996433,100.0,0,710.0
538008115,1715978672,-24.047318,63.006134,101.0,0,720.0
538008115,1715978726,-24.04665,63.008583,101.0,0,730.0
538008115,1715978807,-24.045549,63.012585,101.0,0,730.0
538008115,1715978867,-24.044733,63.015598,101.0,0,720.0
538008115,1715978925,-24.043949,63.018517,101.0,0,730.0
538008115,1715979081,-24.041782,63.026299,100.0,0,730.0
538008115,1715979136,-24.041082,63.028782,101.0,0,720.0
538008115,1715979231,-24.03985,63.033184,100.0,0,720.0
538008115,1715979357,-24.03805,63.039433,100.0,0,710.0
538008115,1715979473,-24.036383,63.0453,99.0,0,720.0
538008115,1715979542,-24.03545,63.048649,100.0,0,720.0
538008115,1715979653,-24.034,63.0541,99.0,0,730.0
538008115,1715979777,-24.03245,63.059982,100.0,0,740.0
538008115,1715979792,-24.032217,63.060932,100.0,0,750.0
538008115,1715979829,-24.031834,63.062466,100.0,0,740.0
538008115,1715979972,-24.029917,63.069767,100.0,0,730.0
538008115,1715980095,-24.028351,63.075649,100.0,0,730.0
538008115,1715980152,-24.02755,63.078617,100.0,0,740.0
538008115,1715980424,-24.024033,63.091866,100.0,0,740.0
538008115,1715980555,-24.022467,63.098331,100.0,0,750.0
538008115,1715980743,-24.020149,63.107666,100.0,0,740.0
538008115,1715981056,-24.015882,63.122719,100.0,0,720.0
538008115,1715981064,-24.015766,63.12315,100.0,0,720.0
538008115,1715981155,-24.014549,63.127666,100.0,0,730.0
538008115,1715982117,-24.000233,63.174168,101.0,0,710.0
538008115,1715982227,-23.998533,63.179501,101.0,0,700.0
538008115,1715982473,-23.9946,63.19165,100.0,0,720.0
538008115,1715982812,-23.98975,63.208035,99.0,0,720.0
538008115,1715982872,-23.988934,63.210949,100.0,0,730.0
538008115,1715983376,-23.982117,63.235199,99.0,0,720.0
538008115,1715983401,-23.981716,63.236649,99.0,0,720.0
538008115,1715983864,-23.975183,63.258999,100.0,0,720.0
538008115,1715983902,-23.974649,63.260918,100.0,0,720.0
538008115,1715983914,-23.974501,63.261398,101.0,0,720.0
538008115,1715984073,-23.972483,63.26915,101.0,0,740.0
538008115,1715984433,-23.967617,63.286884,100.0,0,730.0
538008115,1715984503,-23.966717,63.290283,100.0,0,730.0
538008115,1715984662,-23.964617,63.298084,100.0,0,740.0
538008115,1715984773,-23.963133,63.303516,100.0,0,720.0
538008115,1715985046,-23.959534,63.316799,101.0,0,730.0
538008115,1715985078,-23.959101,63.318249,101.0,0,730.0
538008115,1715985215,-23.957184,63.325184,101.0,0,730.0
538008115,1715985408,-23.954599,63.334469,101.0,0,720.0
538008115,1715985613,-23.951767,63.344631,99.0,0,710.0
538008115,1715985655,-23.9512,63.346516,99.0,0,720.0
538008115,1715985727,-23.950132,63.350033,100.0,0,720.0
538008115,1715986082,-23.945133,63.3675,99.0,0,720.0
538008115,1715986142,-23.944332,63.370468,100.0,0,730.0
538008115,1715986203,-23.943501,63.373348,100.0,0,730.0
538008115,1715986217,-23.943367,63.373833,100.0,0,720.0
538008115,1715986444,-23.940117,63.385033,100.0,0,720.0
538008115,1715986555,-23.93865,63.390282,99.0,0,720.0
538008115,1715986645,-23.937384,63.394684,100.0,0,710.0
538008115,1715986695,-23.936701,63.397049,99.0,0,710.0
538008115,1715986897,-23.933867,63.406818,99.0,0,720.0
538008115,1715986944,-23.933167,63.409267,101.0,0,720.0
538008115,1715987038,-23.931917,63.413631,99.0,0,720.0
538008115,1715987087,-23.931217,63.415981,100.0,0,720.0
538008115,1715987176,-23.929951,63.420502,100.0,0,730.0
538008115,1715987358,-23.927567,63.429234,100.0,0,730.0
538008115,1715987653,-23.923717,63.443966,100.0,0,740.0
538008115,1715987906,-23.920633,63.456249,101.0,0,740.0
538008115,1715987983,-23.919582,63.460167,101.0,0,740.0
538008115,1715988143,-23.9174,63.468048,102.0,0,740.0
538008115,1715988316,-23.9151,63.476452,102.0,0,730.0
538008115,1715988441,-23.913532,63.482433,102.0,0,750.0
538008115,1715988681,-23.909767,63.494499,102.0,0,700.0
538008115,1715988830,-23.907467,63.501202,100.0,0,690.0
538008115,1715988966,-23.905382,63.508068,101.0,0,720.0
538008115,1715989203,-23.90205,63.519218,100.0,0,720.0
538008115,1715989245,-23.90135,63.521584,100.0,0,720.0
538008115,1715989375,-23.899532,63.527882,100.0,0,720.0
538008115,1715989462,-23.898268,63.5322,101.0,0,720.0
538008115,1715989555,-23.896917,63.536617,100.0,0,710.0
538008115,1715989634,-23.895733,63.540432,100.0,0,710.0
538008115,1715989745,-23.8941,63.545769,101.0,0,710.0
538008115,1715989795,-23.893368,63.548168,101.0,0,710.0
538008115,1715990065,-23.889418,63.561432,101.0,0,710.0
538008115,1715990115,-23.888718,63.563885,101.0,0,720.0
538008115,1715990225,-23.887068,63.569317,102.0,0,710.0
538008115,1715990242,-23.886801,63.570251,102.0,0,710.0
538008115,1715990424,-23.884199,63.579132,102.0,0,720.0
538008115,1715990554,-23.882317,63.585468,102.0,0,720.0
538008115,1715990634,-23.881149,63.589352,102.0,0,710.0
538008115,1715990816,-23.878433,63.598301,102.0,0,720.0
538008115,1715990833,-23.878099,63.59935,102.0,0,720.0
538008115,1715990895,-23.877216,63.602283,102.0,0,710.0
538008115,1715991051,-23.874849,63.610031,102.0,0,710.0
538008115,1715991218,-23.872467,63.618,102.0,0,710.0
538008115,1715991236,-23.872183,63.618935,102.0,0,720.0
538008115,1715991277,-23.871567,63.620968,102.0,0,710.0
538008115,1715991332,-23.870701,63.623966,103.0,0,730.0
538008115,1715991483,-23.868616,63.631351,103.0,0,730.0
538008115,1715991613,-23.866768,63.637852,103.0,0,730.0
538008115,1715991814,-23.864,63.64785,103.0,0,730.0
538008115,1715991864,-23.863333,63.650349,102.0,0,730.0
538008115,1715991893,-23.862932,63.651901,102.0,0,730.0
538008115,1715991976,-23.861917,63.655785,102.0,0,730.0
538008115,1715992034,-23.861067,63.658817,102.0,0,730.0
538008115,1715992179,-23.85915,63.665852,103.0,0,730.0
538008115,1715992348,-23.856817,63.674381,103.0,0,730.0
538008115,1715992531,-23.854168,63.683784,103.0,0,730.0
538008115,1715992643,-23.852533,63.68935,103.0,0,720.0
538008115,1715992753,-23.851017,63.694752,103.0,0,730.0
538008115,1715993035,-23.847067,63.708881,103.0,0,730.0
538008115,1715993093,-23.846216,63.711933,104.0,0,730.0
538008115,1715993471,-23.840799,63.730831,103.0,0,730.0
538008115,1715993526,-23.840082,63.733433,103.0,0,720.0
538008115,1715993555,-23.839701,63.734917,103.0,0,730.0
538008115,1715993564,-23.839567,63.735367,102.0,0,720.0
538008115,1715993752,-23.836933,63.744801,103.0,0,730.0
538008115,1715994008,-23.833616,63.757198,102.0,0,740.0
538008115,1715994061,-23.832951,63.759731,101.0,0,750.0
538008115,1715994082,-23.832582,63.7612,102.0,0,740.0
538008115,1715994132,-23.831932,63.763634,102.0,0,740.0
538008115,1715994295,-23.829849,63.771702,102.0,0,740.0
538008115,1715994333,-23.829332,63.773567,101.0,0,720.0
538008115,1715994487,-23.827351,63.780998,102.0,0,750.0
538008115,1715994503,-23.827066,63.781982,103.0,0,740.0
538008115,1715994544,-23.826567,63.783981,103.0,0,750.0
538008115,1715994653,-23.82515,63.789467,103.0,0,740.0
538008115,1715994665,-23.825018,63.789951,103.0,0,730.0
538008115,1715994846,-23.822718,63.798985,103.0,0,740.0
538008115,1715995243,-23.816967,63.818916,103.0,0,710.0
538008115,1715995296,-23.816217,63.8214,103.0,0,720.0
538008115,1715995396,-23.814751,63.826332,104.0,0,720.0
538008115,1715995424,-23.814333,63.827782,103.0,0,720.0
538008115,1715995484,-23.813417,63.830849,104.0,0,720.0
538008115,1715995593,-23.81175,63.836418,104.0,0,710.0
538008115,1715995775,-23.808901,63.845367,104.0,0,700.0
538008115,1715995791,-23.808617,63.846317,104.0,0,710.0
538008115,1715995894,-23.807034,63.851368,104.0,0,700.0
538008115,1715995950,-23.80625,63.853851,104.0,0,700.0
538008115,1715996017,-23.805218,63.857384,104.0,0,710.0
538008115,1715996038,-23.804916,63.858334,105.0,0,710.0
538008115,1715996136,-23.8034,63.8634,104.0,0,720.0
538008115,1715996327,-23.800501,63.872833,104.0,0,700.0
538008115,1715996375,-23.7997,63.875416,105.0,0,700.0
538008115,1715996424,-23.798901,63.877899,104.0,0,710.0
538008115,1715996519,-23.797483,63.882332,105.0,0,690.0
538008115,1715996574,-23.796534,63.885384,104.0,0,710.0
538008115,1715996705,-23.794518,63.8918,104.0,0,700.0
538008115,1715996985,-23.790033,63.905834,105.0,0,710.0
538008115,1715997062,-23.789249,63.908352,105.0,0,710.0
538008115,1715997105,-23.788134,63.91185,105.0,0,700.0
538008115,1715997465,-23.782516,63.929852,105.0,0,710.0
538008115,1715997652,-23.779818,63.939434,104.0,0,740.0
538008115,1715997714,-23.779083,63.942467,105.0,0,750.0
538008115,1715997994,-23.775433,63.956718,105.0,0,730.0
538008115,1715998053,-23.774584,63.959816,105.0,0,730.0
538008115,1715998175,-23.772966,63.965881,105.0,0,740.0
538008115,1715998231,-23.77215,63.968933,105.0,0,730.0
538008115,1715998244,-23.771999,63.969482,105.0,0,730.0
538008115,1715998325,-23.770901,63.973568,105.0,0,730.0
538008115,1715998455,-23.769199,63.980232,106.0,0,730.0
538008115,1715998514,-23.7684,63.983318,106.0,0,740.0
538008115,1715998645,-23.766718,63.989967,106.0,0,740.0
538008115,1715998654,-23.766567,63.990467,106.0,0,740.0
538008115,1715998894,-23.763416,64.002853,106.0,0,730.0
538008115,1715999352,-23.757267,64.026337,106.0,0,740.0
538008115,1715999482,-23.755583,64.032532,105.0,0,720.0
538008115,1715999846,-23.749933,64.05117,105.0,0,720.0
538008115,1716000372,-23.742434,64.078285,105.0,0,720.0
538008115,1716002141,-23.716749,64.167801,104.0,0,720.0
538008115,1716002441,-23.712282,64.182854,104.0,0,710.0
538008115,1716002513,-23.711067,64.186729,103.0,0,710.0
538008115,1716002592,-23.709883,64.190849,103.0,0,730.0
538008115,1716002703,-23.708467,64.196335,104.0,0,740.0
538008115,1716003085,-23.70285,64.215416,104.0,0,710.0
538008115,1716003121,-23.702299,64.217369,103.0,0,720.0
538008115,1716003155,-23.701817,64.218864,103.0,0,710.0
538008115,1716003275,-23.700033,64.22493,105.0,0,720.0
538008115,1716003394,-23.698233,64.231003,105.0,0,720.0
538008115,1716003465,-23.697132,64.234596,105.0,0,720.0
538008115,1716003694,-23.693684,64.246231,106.0,0,720.0
538008115,1716003705,-23.693518,64.246803,106.0,0,710.0
538008115,1716003845,-23.691467,64.253868,106.0,0,720.0
538008115,1716003975,-23.689466,64.260536,106.0,0,710.0
538008115,1716004551,-23.680616,64.289902,104.0,0,730.0
538008115,1716004659,-23.679234,64.295052,105.0,0,730.0
538008115,1716004775,-23.677549,64.30117,104.0,0,730.0
538008115,1716004855,-23.676434,64.305321,105.0,0,730.0
538008115,1716005005,-23.674316,64.312851,104.0,0,720.0
538008115,1716005123,-23.672617,64.319016,105.0,0,730.0
538008115,1716005138,-23.672501,64.31942,105.0,0,730.0
538008115,1716005406,-23.668682,64.333252,106.0,0,720.0
538008115,1716006243,-23.657034,64.376686,107.0,0,740.0
538008115,1716006363,-23.655399,64.382935,107.0,0,730.0
538008115,1716006513,-23.6534,64.390686,107.0,0,740.0
538008115,1716006573,-23.652599,64.393814,107.0,0,740.0
538008115,1716006588,-23.652468,64.394386,107.0,0,740.0
538008115,1716006722,-23.6506,64.401634,107.0,0,740.0
538008115,1716006923,-23.647667,64.41198,107.0,0,710.0
538008115,1716007233,-23.642967,64.427986,107.0,0,710.0
538008115,1716007274,-23.642317,64.430214,107.0,0,710.0
538008115,1716007291,-23.64205,64.431152,107.0,0,710.0
538008115,1716007413,-23.640284,64.437332,107.0,0,730.0
538008115,1716007495,-23.639067,64.441536,107.0,0,720.0
538008115,1716007560,-23.638018,64.445099,107.0,0,720.0
538008115,1716007580,-23.637716,64.446182,107.0,0,730.0
538008115,1716007611,-23.637251,64.447784,107.0,0,720.0
538008115,1716007620,-23.6371,64.44825,108.0,0,720.0
538008115,1716007631,-23.63695,64.448814,107.0,0,720.0
538008115,1716007632,-23.63695,64.448814,107.0,0,720.0
538008115,1716007640,-23.636818,64.44928,107.0,0,710.0
538008115,1716007650,-23.63665,64.449783,107.0,0,710.0
538008115,1716007671,-23.636333,64.450882,108.0,0,720.0
538008115,1716007672,-23.636333,64.450882,108.0,0,720.0
538008115,1716007691,-23.636032,64.451866,107.0,0,710.0
538008115,1716007692,-23.636032,64.451866,107.0,0,710.0
538008115,1716007701,-23.635866,64.452385,107.0,0,710.0
538008115,1716007720,-23.63555,64.453415,107.0,0,710.0
538008115,1716007721,-23.63555,64.453415,107.0,0,710.0
538008115,1716007731,-23.635384,64.453979,108.0,0,720.0
538008115,1716007732,-23.635384,64.453979,108.0,0,720.0
538008115,1716007741,-23.635233,64.454498,107.0,0,710.0
538008115,1716007742,-23.635233,64.454498,107.0,0,710.0
538008115,1716007753,-23.635067,64.455017,107.0,0,710.0
538008115,1716007760,-23.634933,64.455482,107.0,0,720.0
538008115,1716007761,-23.634933,64.455482,107.0,0,720.0
538008115,1716007770,-23.634768,64.456001,107.0,0,720.0
538008115,1716007792,-23.634434,64.457085,107.0,0,710.0
538008115,1716007812,-23.63415,64.458069,107.0,0,720.0
538008115,1716007822,-23.633966,64.458633,108.0,0,710.0
538008115,1716007841,-23.633667,64.459618,107.0,0,710.0
538008115,1716007852,-23.633516,64.460182,107.0,0,720.0
538008115,1716007872,-23.633183,64.46122,108.0,0,710.0
538008115,1716007882,-23.632999,64.461784,107.0,0,710.0
538008115,1716007890,-23.632883,64.462196,108.0,0,720.0
538008115,1716007901,-23.632732,64.462715,107.0,0,710.0
538008115,1716007905,-23.632732,64.462715,107.0,0,710.0
538008115,1716007912,-23.632566,64.46328,107.0,0,710.0
538008115,1716007922,-23.632418,64.463799,107.0,0,720.0
538008115,1716007931,-23.632282,64.464287,107.0,0,720.0
538008115,1716007942,-23.632116,64.464851,107.0,0,710.0
538008115,1716007950,-23.631983,64.465263,108.0,0,710.0
538008115,1716007961,-23.6318,64.465836,107.0,0,710.0
538008115,1716007972,-23.631634,64.4664,107.0,0,720.0
538008115,1716008002,-23.631166,64.467949,107.0,0,710.0
538008115,1716008010,-23.631033,64.468353,107.0,0,710.0
538008115,1716008021,-23.63085,64.468964,107.0,0,710.0
538008115,1716008042,-23.630533,64.470001,107.0,0,710.0
538008115,1716008070,-23.630083,64.471497,107.0,0,720.0
538008115,1716008081,-23.629932,64.472015,107.0,0,710.0
538008115,1716008122,-23.629316,64.474136,107.0,0,720.0
538008115,1716008132,-23.629168,64.474648,107.0,0,720.0
538008115,1716008134,-23.629168,64.474648,107.0,0,720.0
538008115,1716008141,-23.629017,64.475121,107.0,0,720.0
538008115,1716008293,-23.626717,64.482819,108.0,0,720.0
538008115,1716008354,-23.62575,64.48597,108.0,0,710.0
538008115,1716008405,-23.62495,64.488602,108.0,0,710.0
538008115,1716008445,-23.62435,64.490631,108.0,0,720.0
538008115,1716008696,-23.620367,64.503502,107.0,0,710.0
538008115,1716008724,-23.619883,64.505096,107.0,0,710.0
538008115,1716008867,-23.617617,64.512253,107.0,0,710.0
538008115,1716008924,-23.616734,64.515335,106.0,0,720.0
538008115,1716009336,-23.610468,64.536148,105.0,0,710.0
538008115,1716009416,-23.609249,64.540154,106.0,0,720.0
538008115,1716009487,-23.608183,64.543747,106.0,0,720.0
538008115,1716009494,-23.608049,64.544197,105.0,0,720.0
538008115,1716009516,-23.607767,64.545235,105.0,0,720.0
538008115,1716009569,-23.607018,64.547768,106.0,0,730.0
538008115,1716009716,-23.604767,64.55545,105.0,0,720.0
538008115,1716009731,-23.6045,64.556419,105.0,0,720.0
538008115,1716009877,-23.602318,64.563515,106.0,0,700.0
538008115,1716010454,-23.593651,64.59317,106.0,0,740.0
538008115,1716010585,-23.591833,64.599815,106.0,0,720.0
538008115,1716010973,-23.586283,64.61985,107.0,0,730.0
538008115,1716011293,-23.5816,64.636353,107.0,0,730.0
538008115,1716011416,-23.579901,64.642616,107.0,0,740.0
538008115,1716011425,-23.57975,64.643181,107.0,0,730.0
538008115,1716011634,-23.576683,64.654053,107.0,0,710.0
538008115,1716011656,-23.576401,64.654984,106.0,0,710.0
538008115,1716011716,-23.575483,64.658134,106.0,0,720.0
538008115,1716011806,-23.574167,64.662849,106.0,0,720.0
538008115,1716011963,-23.5721,64.669952,106.0,0,720.0
538008115,1716011973,-23.57165,64.671547,105.0,0,720.0
538008115,1716012215,-23.568083,64.683884,106.0,0,720.0
538008115,1716012263,-23.567368,64.686401,105.0,0,720.0
538008115,1716012364,-23.565849,64.691582,106.0,0,730.0
538008115,1716012505,-23.563732,64.6987,105.0,0,720.0
538008115,1716012587,-23.5625,64.70285,106.0,0,710.0
538008115,1716012635,-23.561733,64.705414,105.0,0,720.0
538008115,1716012752,-23.559982,64.711571,104.0,0,730.0
538008115,1716012813,-23.559183,64.714584,106.0,0,740.0
538008115,1716013007,-23.556534,64.72438,105.0,0,740.0
538008115,1716013032,-23.556101,64.725914,105.0,0,730.0
538008115,1716013052,-23.555849,64.726883,105.0,0,730.0
538008115,1716013057,-23.555849,64.726883,105.0,0,730.0
538008115,1716013147,-23.554483,64.731499,104.0,0,720.0
538008115,1716013211,-23.553467,64.735001,104.0,0,720.0
538008115,1716013220,-23.553316,64.735497,104.0,0,730.0
538008115,1716013221,-23.553316,64.735497,104.0,0,730.0
538008115,1716013231,-23.553167,64.736,104.0,0,720.0
538008115,1716013240,-23.553049,64.736465,104.0,0,730.0
538008115,1716013251,-23.552868,64.737015,104.0,0,720.0
538008115,1716013281,-23.55245,64.738548,104.0,0,730.0
538008115,1716013291,-23.552317,64.739052,104.0,0,730.0
538008115,1716013300,-23.552183,64.739517,104.0,0,720.0
538008115,1716013331,-23.551733,64.741081,104.0,0,730.0
538008115,1716013341,-23.551567,64.741631,104.0,0,720.0
538008115,1716013351,-23.551434,64.742149,104.0,0,730.0
538008115,1716013360,-23.5513,64.742599,104.0,0,730.0
538008115,1716013401,-23.550751,64.744637,104.0,0,730.0
538008115,1716013404,-23.550751,64.744637,104.0,0,730.0
538008115,1716013420,-23.550484,64.745583,104.0,0,730.0
538008115,1716013451,-23.550051,64.747169,104.0,0,720.0
538008115,1716013461,-23.549917,64.747681,105.0,0,730.0
538008115,1716013511,-23.5492,64.750214,104.0,0,720.0
538008115,1716013521,-23.549067,64.750717,104.0,0,730.0
538008115,1716013540,-23.548782,64.751732,104.0,0,730.0
538008115,1716013541,-23.548782,64.751732,104.0,0,730.0
538008115,1716013562,-23.5485,64.7528,104.0,0,730.0
538008115,1716013581,-23.548218,64.753769,104.0,0,720.0
538008115,1716014141,-23.540216,64.782181,104.0,0,730.0
538008115,1716014236,-23.53895,64.786819,104.0,0,730.0
538008115,1716014311,-23.537849,64.790787,104.0,0,720.0
538008115,1716014467,-23.53565,64.798553,105.0,0,720.0
538008115,1716014616,-23.533533,64.806198,104.0,0,730.0
538008115,1716014816,-23.530817,64.816353,104.0,0,730.0
538008115,1716014956,-23.52895,64.823502,105.0,0,740.0
538008115,1716015261,-23.524651,64.839264,105.0,0,730.0
538008115,1716015323,-23.523817,64.842384,105.0,0,740.0
538008115,1716015460,-23.522017,64.849113,106.0,0,740.0
538008115,1716015513,-23.521183,64.852203,106.0,0,740.0
538008115,1716015562,-23.520634,64.854248,105.0,0,740.0
538008115,1716015663,-23.519167,64.859863,106.0,0,740.0
538008115,1716015819,-23.517082,64.867615,106.0,0,730.0
538008115,1716015907,-23.5158,64.872231,106.0,0,720.0
538008115,1716016031,-23.513933,64.878799,106.0,0,730.0
538008115,1716016151,-23.512367,64.884399,105.0,0,730.0
538008115,1716016372,-23.508949,64.896164,105.0,0,720.0
538008115,1716016435,-23.508051,64.8992,104.0,0,720.0
538008115,1716016549,-23.506399,64.904732,104.0,0,720.0
538008115,1716016595,-23.50565,64.907318,104.0,0,720.0
538008115,1716016649,-23.504917,64.909866,104.0,0,730.0
538008115,1716016774,-23.503,64.916382,104.0,0,720.0
538008115,1716016840,-23.502117,64.919479,104.0,0,730.0
538008115,1716016900,-23.501232,64.922485,104.0,0,720.0
538008115,1716017105,-23.498051,64.933067,103.0,0,720.0
538008115,1716017179,-23.497049,64.936516,103.0,0,720.0
538008115,1716017280,-23.495583,64.941521,102.0,0,720.0
538008115,1716017415,-23.493483,64.948486,102.0,0,710.0
538008115,1716017455,-23.492849,64.950531,103.0,0,710.0
538008115,1716017585,-23.490917,64.956947,103.0,0,720.0
538008115,1716017707,-23.489218,64.963036,104.0,0,730.0
538008115,1716017875,-23.486982,64.971664,104.0,0,740.0
538008115,1716018033,-23.484882,64.979736,104.0,0,730.0
538008115,1716018155,-23.483232,64.985718,103.0,0,730.0
538008115,1716018208,-23.482517,64.988251,104.0,0,720.0
538008115,1716018504,-23.478184,65.003349,104.0,0,730.0
538008115,1716018606,-23.476717,65.0084,104.0,0,720.0
538008115,1716018756,-23.474583,65.0158,103.0,0,720.0
538008115,1716018890,-23.472733,65.022415,104.0,0,720.0
538008115,1716018925,-23.472166,65.024429,104.0,0,720.0
538008115,1716019060,-23.470301,65.030952,105.0,0,730.0
538008115,1716019152,-23.468901,65.036018,105.0,0,730.0
538008115,1716019441,-23.46455,65.050163,103.0,0,710.0
538008115,1716019538,-23.463017,65.055168,103.0,0,720.0
538008115,1716019562,-23.462683,65.056213,103.0,0,710.0
538008115,1716019678,-23.460917,65.062218,103.0,0,720.0
538008115,1716019756,-23.4597,65.06617,103.0,0,710.0
538008115,1716019854,-23.458151,65.07122,103.0,0,710.0
538008115,1716019908,-23.457367,65.073715,103.0,0,710.0
538008115,1716020027,-23.4555,65.07975,104.0,0,710.0
538008115,1716020062,-23.455032,65.081253,104.0,0,710.0
538008115,1716020162,-23.4533,65.086784,104.0,0,710.0
538008115,1716020272,-23.451717,65.09182,104.0,0,710.0
538008115,1716020362,-23.450167,65.096832,104.0,0,710.0
538008115,1716020538,-23.447468,65.105484,105.0,0,720.0
538008115,1716020631,-23.446068,65.110031,104.0,0,720.0
538008115,1716020869,-23.442333,65.12207,103.0,0,710.0
538008115,1716021047,-23.439533,65.131081,103.0,0,720.0
538008115,1716021165,-23.437767,65.137016,102.0,0,710.0
538008115,1716021194,-23.4373,65.138565,103.0,0,720.0
538008115,1716021375,-23.43465,65.147568,103.0,0,720.0
538008115,1716021415,-23.43405,65.149551,103.0,0,720.0
538008115,1716021599,-23.4317,65.157501,103.0,0,710.0
538008115,1716021655,-23.430416,65.161598,103.0,0,710.0
538008115,1716021695,-23.429832,65.163551,103.0,0,710.0
538008115,1716021993,-23.425432,65.17865,104.0,0,720.0
538008115,1716022194,-23.422501,65.188835,104.0,0,730.0
538008115,1716022412,-23.419399,65.200035,104.0,0,720.0
538008115,1716022474,-23.41855,65.203033,104.0,0,720.0
538008115,1716022656,-23.415968,65.212234,104.0,0,720.0
538008115,1716022713,-23.41515,65.215347,104.0,0,730.0
538008115,1716022773,-23.414417,65.21843,105.0,0,750.0
538008115,1716022804,-23.414049,65.220047,105.0,0,750.0
538008115,1716023225,-23.409,65.241333,103.0,0,740.0
538008115,1716023264,-23.408484,65.243401,103.0,0,740.0
538008115,1716023371,-23.407133,65.248947,103.0,0,740.0
538008115,1716023431,-23.40645,65.251915,103.0,0,750.0
538008115,1716023452,-23.406166,65.253014,103.0,0,740.0
538008115,1716023511,-23.40555,65.2556,103.0,0,750.0
538008115,1716023540,-23.405184,65.257065,103.0,0,740.0
538008115,1716023542,-23.405083,65.257469,103.0,0,750.0
538008115,1716023687,-23.403299,65.264565,103.0,0,750.0
538008115,1716023856,-23.4011,65.273132,103.0,0,720.0
538008115,1716023892,-23.4006,65.275047,103.0,0,730.0
538008115,1716023985,-23.399401,65.279648,104.0,0,730.0
538008115,1716024046,-23.3986,65.282616,104.0,0,740.0
538008115,1716024095,-23.397867,65.285164,104.0,0,720.0
538008115,1716024276,-23.395132,65.29422,104.0,0,720.0
538008115,1716024297,-23.39485,65.295219,104.0,0,710.0
538008115,1716024445,-23.392532,65.302666,104.0,0,710.0
538008115,1716024537,-23.3911,65.307251,104.0,0,710.0
538008115,1716024677,-23.388933,65.314186,103.0,0,710.0
538008115,1716024845,-23.386351,65.32267,103.0,0,710.0
538008115,1716025011,-23.383949,65.330521,103.0,0,710.0
538008115,1716025339,-23.378567,65.346931,105.0,0,700.0
538008115,1716025444,-23.376699,65.352402,105.0,0,700.0
538008115,1716025614,-23.373867,65.361053,106.0,0,700.0
538008115,1716025841,-23.370317,65.37233,107.0,0,730.0
538008115,1716025938,-23.368834,65.377602,107.0,0,720.0
538008115,1716026061,-23.367001,65.38372,105.0,0,710.0
538008115,1716026169,-23.365282,65.389297,105.0,0,720.0
538008115,1716026286,-23.363367,65.395386,105.0,0,700.0
538008115,1716026449,-23.361,65.40345,105.0,0,720.0
538008115,1716026563,-23.3592,65.409584,105.0,0,730.0
538008115,1716026678,-23.357533,65.415253,105.0,0,710.0
538008115,1716026739,-23.3566,65.41832,105.0,0,710.0
538008115,1716027136,-23.350401,65.438599,104.0,0,720.0
538008115,1716027516,-23.345533,65.457985,104.0,0,760.0
538008115,1716028015,-23.338699,65.483498,103.0,0,720.0
538008115,1716028057,-23.33815,65.48542,104.0,0,720.0
538008115,1716028245,-23.33535,65.495003,104.0,0,730.0
538008115,1716028327,-23.334101,65.499084,104.0,0,720.0
538008115,1716028424,-23.332701,65.50412,104.0,0,730.0
538008115,1716028461,-23.332283,65.505699,105.0,0,730.0
538008115,1716028547,-23.3311,65.510231,105.0,0,740.0
538008115,1716028898,-23.326483,65.528214,105.0,0,740.0
538008115,1716028908,-23.326349,65.528664,105.0,0,730.0
538008115,1716028997,-23.325117,65.533218,105.0,0,740.0
538008115,1716029057,-23.324266,65.536316,105.0,0,730.0
538008115,1716029116,-23.323418,65.539368,105.0,0,730.0
538008115,1716029133,-23.323133,65.540382,105.0,0,730.0
538008115,1716029188,-23.322433,65.542931,105.0,0,730.0
538008115,1716029295,-23.320917,65.548531,106.0,0,730.0
538008115,1716029445,-23.318733,65.556236,106.0,0,730.0
538008115,1716029575,-23.3169,65.562851,106.0,0,730.0
538008115,1716029639,-23.316067,65.565948,106.0,0,720.0
538008115,1716029664,-23.315599,65.567581,107.0,0,730.0
538008115,1716029777,-23.314034,65.573303,107.0,0,730.0
538008115,1716029996,-23.310801,65.584663,107.0,0,720.0
538008115,1716030145,-23.308582,65.592514,108.0,0,730.0
538008115,1716030179,-23.308167,65.593964,108.0,0,730.0
538008115,1716030276,-23.306683,65.599182,108.0,0,720.0
538008115,1716030352,-23.305483,65.603317,107.0,0,730.0
538008115,1716030400,-23.304882,65.6054,108.0,0,720.0
538008115,1716030436,-23.304251,65.607513,107.0,0,710.0
538008115,1716030604,-23.301701,65.616302,107.0,0,720.0
538008115,1716030646,-23.301083,65.618385,107.0,0,710.0
538008115,1716030776,-23.299084,65.625099,107.0,0,720.0
538008115,1716030853,-23.29785,65.629349,107.0,0,720.0
538008115,1716030893,-23.297318,65.631332,107.0,0,730.0
538008115,1716030917,-23.297001,65.632431,106.0,0,730.0
538008115,1716031083,-23.2946,65.641235,107.0,0,730.0
538008115,1716031216,-23.2927,65.647881,106.0,0,720.0
538008115,1716031315,-23.291233,65.652985,105.0,0,730.0
538008115,1716031396,-23.290068,65.656998,105.0,0,720.0
538008115,1716031469,-23.289034,65.660553,104.0,0,710.0
538008115,1716031756,-23.2848,65.675148,104.0,0,710.0
538008115,1716031816,-23.283882,65.678131,104.0,0,710.0
538008115,1716031891,-23.2827,65.682114,104.0,0,720.0
538008115,1716031916,-23.282368,65.68322,104.0,0,710.0
538008115,1716032115,-23.2794,65.693298,104.0,0,710.0
538008115,1716032246,-23.277399,65.699898,104.0,0,710.0
538008115,1716032305,-23.276466,65.702866,104.0,0,710.0
538008115,1716032365,-23.275551,65.705879,104.0,0,720.0
538008115,1716032485,-23.273718,65.711952,104.0,0,720.0
538008115,1716032613,-23.271784,65.718468,104.0,0,710.0
538008115,1716032655,-23.271168,65.720535,104.0,0,710.0
538008115,1716032705,-23.270367,65.723114,104.0,0,710.0
538008115,1716032765,-23.269417,65.726135,105.0,0,710.0
538008115,1716032842,-23.268167,65.730133,105.0,0,710.0
538008115,1716032884,-23.267517,65.732216,105.0,0,710.0
538008115,1716033042,-23.2651,65.740303,105.0,0,720.0
538008115,1716033222,-23.26255,65.748863,104.0,0,710.0
538008115,1716033272,-23.261801,65.75135,104.0,0,710.0
538008115,1716033368,-23.260233,65.756432,104.0,0,710.0
538008115,1716033568,-23.257133,65.766403,103.0,0,710.0
538008115,1716033586,-23.256849,65.767403,103.0,0,720.0
538008115,1716033670,-23.255768,65.771385,103.0,0,730.0
538008115,1716033677,-23.2556,65.771935,103.0,0,730.0
538008115,1716033800,-23.25395,65.778015,103.0,0,730.0
538008115,1716033810,-23.253799,65.778534,103.0,0,730.0
538008115,1716034517,-23.243532,65.814034,102.0,0,720.0
538008115,1716034626,-23.241983,65.819504,102.0,0,730.0
538008115,1716034724,-23.240534,65.824532,103.0,0,720.0
538008115,1716034897,-23.2381,65.833084,103.0,0,720.0
538008115,1716034975,-23.2369,65.837051,103.0,0,710.0
538008115,1716035483,-23.229483,65.862549,103.0,0,720.0
538008115,1716035543,-23.228666,65.865631,103.0,0,740.0
538008115,1716035818,-23.224899,65.87928,103.0,0,730.0
538008115,1716035903,-23.2236,65.883751,104.0,0,720.0
538008115,1716036267,-23.2187,65.90197,103.0,0,730.0
538008115,1716036337,-23.217733,65.905548,103.0,0,740.0
538008115,1716036473,-23.215799,65.912537,103.0,0,730.0
538008115,1716036497,-23.215532,65.913536,103.0,0,730.0
538008115,1716036557,-23.214701,65.916496,103.0,0,720.0
538008115,1716036747,-23.212133,65.926033,103.0,0,750.0
538008115,1716036803,-23.211317,65.92907,103.0,0,740.0
538008115,1716036915,-23.209883,65.934685,103.0,0,740.0
538008115,1716037084,-23.207632,65.943283,103.0,0,740.0
538008115,1716037127,-23.207083,65.945297,103.0,0,730.0
538008115,1716037224,-23.20575,65.950317,104.0,0,740.0
538008115,1716037402,-23.203318,65.959435,104.0,0,740.0
538008115,1716037566,-23.201067,65.967552,103.0,0,710.0
538008115,1716037596,-23.200583,65.969048,104.0,0,710.0
538008115,1716037684,-23.199133,65.97348,103.0,0,690.0
538008115,1716037844,-23.196568,65.981514,103.0,0,700.0
538008115,1716037944,-23.194983,65.986465,104.0,0,710.0
538008115,1716038194,-23.191168,65.999069,104.0,0,720.0
538008115,1716038254,-23.190283,66.002113,104.0,0,720.0
538008115,1716038413,-23.18795,66.010086,103.0,0,720.0
538008115,1716038531,-23.18615,66.016052,103.0,0,720.0
538008115,1716038633,-23.184732,66.02108,103.0,0,730.0
538008115,1716038653,-23.18445,66.022049,103.0,0,730.0
538008115,1716038693,-23.183884,66.024048,103.0,0,720.0
538008115,1716038713,-23.183599,66.025101,103.0,0,730.0
538008115,1716038820,-23.18215,66.030182,103.0,0,730.0
538008115,1716038865,-23.181467,66.032654,103.0,0,740.0
538008115,1716038953,-23.180201,66.037216,103.0,0,730.0
538008115,1716039073,-23.178516,66.043251,104.0,0,730.0
538008115,1716039155,-23.177401,66.047218,103.0,0,720.0
538008115,1716039226,-23.176399,66.050751,104.0,0,720.0
538008115,1716039265,-23.1758,66.052765,104.0,0,720.0
538008115,1716039296,-23.175367,66.054298,104.0,0,730.0
538008115,1716039346,-23.174667,66.056816,104.0,0,730.0
538008115,1716039416,-23.173668,66.060364,104.0,0,720.0
538008115,1716039435,-23.173384,66.061417,104.0,0,730.0
538008115,1716039554,-23.171783,66.067497,104.0,0,730.0
538008115,1716039644,-23.170601,66.071999,104.0,0,730.0
538008115,1716039676,-23.170183,66.073586,103.0,0,740.0
538008115,1716039722,-23.169666,66.07563,104.0,0,740.0
538008115,1716039774,-23.16885,66.078735,104.0,0,740.0
538008115,1716039785,-23.168734,66.079185,104.0,0,740.0
538008115,1716039934,-23.166718,66.08683,104.0,0,740.0
538008115,1716040074,-23.1649,66.093834,103.0,0,740.0
538008115,1716040183,-23.163433,66.09935,103.0,0,730.0
538008115,1716040198,-23.163282,66.099915,104.0,0,740.0
538008115,1716040291,-23.162033,66.104446,104.0,0,730.0
538008115,1716040363,-23.160967,66.108452,104.0,0,740.0
538008115,1716040436,-23.160067,66.112015,103.0,0,750.0
538008115,1716040487,-23.159416,66.114632,104.0,0,740.0
538008115,1716040565,-23.158382,66.118652,104.0,0,740.0
538008115,1716040745,-23.155933,66.127747,104.0,0,730.0
538008115,1716040795,-23.155184,66.130249,104.0,0,720.0
538008115,1716040869,-23.1541,66.133797,103.0,0,710.0
538008115,1716041009,-23.151951,66.140816,104.0,0,710.0
538008115,1716041144,-23.149883,66.14782,104.0,0,710.0
538008115,1716041153,-23.149717,66.148331,104.0,0,710.0
538008115,1716041266,-23.148033,66.153786,104.0,0,710.0
538008115,1716041457,-23.144983,66.1633,104.0,0,700.0
538008115,1716041665,-23.141582,66.173752,104.0,0,690.0
538008115,1716041764,-23.139933,66.17868,104.0,0,700.0
538008115,1716041845,-23.138617,66.182686,103.0,0,690.0
538008115,1716041855,-23.138451,66.183182,104.0,0,700.0
538008115,1716041985,-23.136383,66.189636,103.0,0,700.0
538008115,1716042064,-23.135082,66.193665,103.0,0,700.0
538008115,1716042304,-23.13125,66.205566,103.0,0,700.0
538008115,1716042351,-23.130617,66.207535,103.0,0,700.0
538008115,1716042462,-23.128883,66.212952,103.0,0,700.0
538008115,1716042897,-23.122467,66.23497,103.0,0,740.0
538008115,1716043070,-23.120333,66.243629,102.0,0,740.0
538008115,1716043168,-23.119049,66.248634,102.0,0,740.0
538008115,1716043365,-23.116417,66.258583,102.0,0,730.0
538008115,1716043974,-23.108732,66.289047,102.0,0,740.0
538008115,1716044148,-23.106567,66.297668,103.0,0,740.0
538008115,1716044303,-23.104601,66.305618,102.0,0,750.0
538008115,1716044694,-23.099649,66.325302,103.0,0,750.0
538008115,1716044821,-23.097918,66.331802,103.0,0,720.0
538008115,1716044981,-23.095449,66.339798,103.0,0,700.0
538008115,1716045061,-23.0942,66.343781,103.0,0,710.0
538008115,1716045110,-23.093533,66.345764,103.0,0,690.0
538008115,1716045155,-23.092699,66.348236,104.0,0,680.0
538008115,1716045192,-23.091984,66.35022,104.0,0,690.0
538008115,1716045213,-23.091618,66.35128,104.0,0,690.0
538008115,1716045355,-23.089149,66.35817,104.0,0,690.0
538008115,1716045475,-23.087217,66.364197,104.0,0,720.0
538008115,1716045494,-23.086933,66.365181,105.0,0,730.0
538008115,1716045594,-23.085567,66.370369,105.0,0,740.0
538008115,1716045734,-23.083651,66.377533,105.0,0,730.0
538008115,1716045746,-23.083483,66.378082,105.0,0,730.0
538008115,1716045906,-23.081533,66.385201,105.0,0,730.0
538008115,1716045960,-23.080517,66.388847,105.0,0,730.0
538008115,1716046443,-23.073549,66.413918,105.0,0,720.0
538008115,1716046596,-23.07115,66.421501,105.0,0,700.0
538008115,1716046614,-23.070833,66.42247,105.0,0,700.0
538008115,1716046726,-23.069067,66.428085,105.0,0,710.0
538008115,1716046765,-23.068434,66.430031,105.0,0,700.0
538008115,1716046822,-23.067499,66.433014,105.0,0,710.0
538008115,1716046896,-23.066317,66.436699,105.0,0,710.0
538008115,1716046906,-23.066168,66.437149,105.0,0,710.0
538008115,1716047174,-23.061983,66.450851,105.0,0,710.0
538008115,1716047356,-23.059168,66.459984,105.0,0,710.0
538008115,1716047466,-23.057501,66.4655,106.0,0,710.0
538008115,1716047735,-23.053183,66.479301,106.0,0,710.0
538008115,1716047795,-23.052183,66.482452,107.0,0,710.0
538008115,1716047945,-23.049667,66.49012,107.0,0,700.0
538008115,1716048054,-23.047916,66.495796,107.0,0,720.0
538008115,1716048073,-23.047617,66.496849,107.0,0,720.0
538008115,1716048201,-23.045732,66.503098,107.0,0,710.0
538008115,1716048327,-23.043734,66.509804,106.0,0,720.0
538008115,1716048453,-23.041733,66.516479,106.0,0,720.0
538008115,1716048537,-23.040518,66.520515,106.0,0,720.0
538008115,1716048569,-23.040068,66.522118,106.0,0,720.0
538008115,1716048823,-23.036266,66.53537,105.0,0,720.0
538008115,1716048959,-23.034349,66.541931,105.0,0,710.0
538008115,1716049024,-23.033251,66.545601,105.0,0,720.0
538008115,1716049125,-23.03175,66.550682,105.0,0,720.0
538008115,1716049185,-23.030899,66.553749,105.0,0,730.0
538008115,1716049212,-23.030518,66.555283,105.0,0,740.0
538008115,1716049221,-23.030382,66.555733,104.0,0,730.0
538008115,1716049255,-23.029984,66.557266,104.0,0,740.0
538008115,1716049281,-23.029583,66.558784,105.0,0,740.0
538008115,1716049302,-23.029318,66.559814,104.0,0,730.0
538008115,1716049311,-23.029167,66.560318,104.0,0,730.0
538008115,1716049332,-23.0289,66.561386,105.0,0,740.0
538008115,1716049495,-23.026768,66.56955,104.0,0,740.0
538008115,1716049585,-23.025551,66.57415,104.0,0,740.0
538008115,1716049695,-23.024082,66.57975,104.0,0,740.0
538008115,1716049856,-23.022034,66.58783,104.0,0,740.0
538008115,1716049914,-23.02125,66.590881,104.0,0,740.0
538008115,1716050074,-23.0191,66.599014,104.0,0,730.0
538008115,1716050164,-23.017918,66.603584,103.0,0,740.0
538008115,1716050175,-23.017782,66.60408,103.0,0,740.0
538008115,1716050284,-23.016399,66.609665,104.0,0,740.0
538008115,1716051144,-23.004766,66.653,103.0,0,730.0
538008115,1716051232,-23.00355,66.657486,104.0,0,720.0
538008115,1716051304,-23.00255,66.661079,103.0,0,730.0
538008115,1716051346,-23.002001,66.663086,104.0,0,730.0
538008115,1716051418,-23.001017,66.666649,104.0,0,720.0
538008115,1716051607,-22.998318,66.676247,104.0,0,730.0
538008115,1716051634,-22.997883,66.677719,104.0,0,730.0
538008115,1716051757,-22.996099,66.683769,104.0,0,720.0
538008115,1716051833,-22.994867,66.687767,103.0,0,710.0
538008115,1716051976,-22.992666,66.694786,104.0,0,710.0
538008115,1716052393,-22.985916,66.715599,103.0,0,700.0
538008115,1716052616,-22.982349,66.726433,102.0,0,700.0
538008115,1716052776,-22.979918,66.734314,102.0,0,710.0
538008115,1716052795,-22.979601,66.735298,102.0,0,710.0
538008115,1716052960,-22.977051,66.743179,103.0,0,690.0
538008115,1716053008,-22.976267,66.745598,103.0,0,700.0
538008115,1716053026,-22.97595,66.746552,104.0,0,700.0
538008115,1716053036,-22.975767,66.747131,103.0,0,700.0
538008115,1716053355,-22.970568,66.763046,104.0,0,700.0
538008115,1716053414,-22.969601,66.766068,104.0,0,700.0
538008115,1716053435,-22.969267,66.76712,104.0,0,690.0
538008115,1716053496,-22.96825,66.770081,104.0,0,700.0
538008115,1716053574,-22.966917,66.774002,104.0,0,700.0
538008115,1716053594,-22.966583,66.774986,104.0,0,690.0
538008115,1716053734,-22.964451,66.781433,103.0,0,700.0
538008115,1716053749,-22.964132,66.782417,102.0,0,700.0
538008115,1716053809,-22.9632,66.785332,102.0,0,700.0
538008115,1716053926,-22.961267,66.791199,102.0,0,700.0
538008115,1716054024,-22.9597,66.79615,102.0,0,710.0
538008115,1716054092,-22.958633,66.799469,101.0,0,700.0
538008115,1716054194,-22.957117,66.804398,101.0,0,730.0
538008115,1716054284,-22.955933,66.80883,101.0,0,730.0
538008115,1716054486,-22.953466,66.818748,101.0,0,750.0
538008115,1716054541,-22.9527,66.821716,101.0,0,740.0
538008115,1716054562,-22.95245,66.822746,101.0,0,740.0
538008115,1716054571,-22.952351,66.823151,101.0,0,750.0
538008115,1716054591,-22.952101,66.824165,101.0,0,740.0
538008115,1716054630,-22.951584,66.82618,101.0,0,740.0
538008115,1716054642,-22.95145,66.826736,101.0,0,750.0
538008115,1716054646,-22.95145,66.826736,101.0,0,750.0
538008115,1716054650,-22.951349,66.827187,101.0,0,740.0
538008115,1716054651,-22.951349,66.827187,101.0,0,740.0
538008115,1716054661,-22.951218,66.827682,101.0,0,740.0
538008115,1716054664,-22.951218,66.827682,101.0,0,740.0
538008115,1716054691,-22.950768,66.82917,101.0,0,740.0
538008115,1716054701,-22.950632,66.829666,102.0,0,740.0
538008115,1716054710,-22.950533,66.830116,102.0,0,740.0
538008115,1716054711,-22.950533,66.830116,102.0,0,740.0
538008115,1716054721,-22.950382,66.830666,102.0,0,740.0
538008115,1716054741,-22.950117,66.83165,101.0,0,730.0
538008115,1716054751,-22.949966,66.832214,102.0,0,740.0
538008115,1716054761,-22.94985,66.832649,102.0,0,730.0
538008115,1716054770,-22.949717,66.833153,102.0,0,740.0
538008115,1716054771,-22.949717,66.833153,102.0,0,740.0
538008115,1716054775,-22.949717,66.833153,102.0,0,740.0
538008115,1716054781,-22.949551,66.833702,102.0,0,730.0
538008115,1716054791,-22.949432,66.834152,102.0,0,730.0
538008115,1716054801,-22.949301,66.834648,102.0,0,730.0
538008115,1716054811,-22.94915,66.835136,101.0,0,720.0
538008115,1716054821,-22.949034,66.835632,102.0,0,730.0
538008115,1716054840,-22.948732,66.836617,102.0,0,730.0
538008115,1716054841,-22.948732,66.836617,102.0,0,730.0
538008115,1716054851,-22.948601,66.83712,102.0,0,730.0
538008115,1716054871,-22.948351,66.83812,102.0,0,730.0
538008115,1716054892,-22.948067,66.839203,102.0,0,730.0
538008115,1716054895,-22.948067,66.839203,102.0,0,730.0
538008115,1716054910,-22.947817,66.840103,102.0,0,730.0
538008115,1716054911,-22.947817,66.840103,102.0,0,730.0
538008115,1716054941,-22.947416,66.841583,102.0,0,740.0
538008115,1716054952,-22.947268,66.842133,102.0,0,730.0
538008115,1716054961,-22.947132,66.842583,102.0,0,730.0
538008115,1716054970,-22.947001,66.843063,101.0,0,730.0
538008115,1716054971,-22.947001,66.843063,101.0,0,730.0
538008115,1716054981,-22.946867,66.843567,102.0,0,730.0
538008115,1716054991,-22.946716,66.844116,101.0,0,730.0
538008115,1716054992,-22.946716,66.844116,101.0,0,730.0
538008115,1716055012,-22.946449,66.8451,101.0,0,730.0
538008115,1716055020,-22.94635,66.845497,102.0,0,740.0
538008115,1716055021,-22.94635,66.845497,102.0,0,740.0
538008115,1716055030,-22.946199,66.846031,101.0,0,730.0
538008115,1716055031,-22.946199,66.846031,101.0,0,730.0
538008115,1716055040,-22.946083,66.846535,101.0,0,730.0
538008115,1716055072,-22.945683,66.848068,101.0,0,740.0
538008115,1716055111,-22.9452,66.850052,101.0,0,740.0
538008115,1716055112,-22.9452,66.850052,101.0,0,740.0
538008115,1716055152,-22.94475,66.851936,101.0,0,740.0
538008115,1716055423,-22.941433,66.865402,101.0,0,750.0
538008115,1716055692,-22.9382,66.878365,102.0,0,750.0
538008115,1716055816,-22.936733,66.884865,101.0,0,750.0
538008115,1716055942,-22.935284,66.891418,101.0,0,760.0
538008115,1716056052,-22.934116,66.8964,101.0,0,740.0
538008115,1716056875,-22.922016,66.937134,102.0,0,740.0
538008115,1716057005,-22.920218,66.94368,102.0,0,730.0
538008115,1716057259,-22.916567,66.956017,102.0,0,720.0
538008115,1716057630,-22.911167,66.974297,102.0,0,720.0
538008115,1716057803,-22.90855,66.983231,102.0,0,720.0
538008115,1716057913,-22.906918,66.988716,102.0,0,720.0
538008115,1716057960,-22.906334,66.9907,102.0,0,720.0
538008115,1716057988,-22.905933,66.992104,102.0,0,730.0
538008115,1716058117,-22.904167,66.998619,101.0,0,730.0
538008115,1716058198,-22.903099,67.002548,102.0,0,730.0
538008115,1716058259,-22.902267,67.0056,102.0,0,730.0
538008115,1716058265,-22.902117,67.006149,102.0,0,730.0
538008115,1716058355,-22.900883,67.010651,102.0,0,740.0
538008115,1716058405,-22.900232,67.013115,103.0,0,730.0
538008115,1716058484,-22.899134,67.017181,103.0,0,730.0
538008115,1716058577,-22.8979,67.021683,103.0,0,730.0
538008115,1716058694,-22.896151,67.027733,103.0,0,720.0
538008115,1716058787,-22.894833,67.032166,103.0,0,720.0
538008115,1716059005,-22.89155,67.043098,103.0,0,700.0
538008115,1716059057,-22.890783,67.045517,103.0,0,700.0
538008115,1716059205,-22.8885,67.052963,103.0,0,720.0
538008115,1716059234,-22.888083,67.054466,103.0,0,730.0
538008115,1716059273,-22.88755,67.05648,102.0,0,720.0
538008115,1716059345,-22.886566,67.06002,102.0,0,720.0
538008115,1716059408,-22.88575,67.063019,103.0,0,730.0
538008115,1716059455,-22.88505,67.065498,102.0,0,730.0
538008115,1716059525,-22.884083,67.068985,102.0,0,720.0
538008115,1716059554,-22.883667,67.070419,102.0,0,730.0
538008115,1716059684,-22.88195,67.076935,101.0,0,740.0
538008115,1716059695,-22.881832,67.077385,101.0,0,740.0
538008115,1716059840,-22.880051,67.08432,101.0,0,740.0
538008115,1716059864,-22.879801,67.08532,101.0,0,740.0
538008115,1716059895,-22.879267,67.087364,101.0,0,740.0
538008115,1716060054,-22.876984,67.095215,102.0,0,720.0
538008115,1716060204,-22.8748,67.102669,102.0,0,720.0
538008115,1716060282,-22.873783,67.106133,102.0,0,710.0
538008115,1716060402,-22.87195,67.112534,102.0,0,720.0
538008115,1716060554,-22.869783,67.119965,102.0,0,710.0
538008115,1716060678,-22.867968,67.125931,102.0,0,710.0
538008115,1716060714,-22.867382,67.127914,102.0,0,720.0
538008115,1716060802,-22.866068,67.132347,102.0,0,720.0
538008115,1716060862,-22.865217,67.135284,102.0,0,720.0
538008115,1716060918,-22.864468,67.137749,102.0,0,710.0
538008115,1716061024,-22.862783,67.14325,103.0,0,710.0
538008115,1716061068,-22.8622,67.14518,102.0,0,710.0
538008115,1716061087,-22.861883,67.146286,102.0,0,720.0
538008115,1716061289,-22.858868,67.156136,103.0,0,720.0
538008115,1716061301,-22.858732,67.156586,103.0,0,720.0
538008115,1716061418,-22.856968,67.162621,103.0,0,730.0
538008115,1716061441,-22.85655,67.164085,103.0,0,720.0
538008115,1716061462,-22.856251,67.16507,103.0,0,720.0
538008115,1716061583,-22.854483,67.171051,103.0,0,720.0
538008115,1716061723,-22.852383,67.178032,103.0,0,720.0
538008115,1716061763,-22.851816,67.180031,103.0,0,720.0
538008115,1716061958,-22.849001,67.189529,103.0,0,720.0
538008115,1716061983,-22.848551,67.190964,103.0,0,720.0
538008115,1716062033,-22.847851,67.19352,103.0,0,730.0
538008115,1716062063,-22.847433,67.194901,103.0,0,720.0
538008115,1716062095,-22.846968,67.196503,103.0,0,720.0
538008115,1716062135,-22.846416,67.198448,103.0,0,730.0
538008115,1716062529,-22.840866,67.217834,101.0,0,730.0
538008115,1716062533,-22.840733,67.21833,101.0,0,730.0
538008115,1716062693,-22.838633,67.226181,101.0,0,730.0
538008115,1716062855,-22.836483,67.234047,101.0,0,740.0
538008115,1716062935,-22.835449,67.237999,101.0,0,740.0
538008115,1716063084,-22.833549,67.24543,101.0,0,740.0
538008115,1716063145,-22.832733,67.248383,101.0,0,730.0
538008115,1716063283,-22.830833,67.255264,101.0,0,730.0
538008115,1716063407,-22.82925,67.261131,101.0,0,730.0
538008115,1716063637,-22.825899,67.272385,101.0,0,720.0
538008115,1716063765,-22.8239,67.278748,102.0,0,710.0
538008115,1716063995,-22.820368,67.290085,102.0,0,720.0
538008115,1716064096,-22.818916,67.294983,102.0,0,720.0
538008115,1716064192,-22.817499,67.299965,102.0,0,730.0
538008115,1716064209,-22.817368,67.300453,102.0,0,730.0
538008115,1716064293,-22.816116,67.304985,103.0,0,730.0
538008115,1716064433,-22.8141,67.311966,102.0,0,730.0
538008115,1716064547,-22.8125,67.317398,103.0,0,710.0
538008115,1716064574,-22.812017,67.319,103.0,0,710.0
538008115,1716064669,-22.810699,67.323364,103.0,0,710.0
538008115,1716064758,-22.809366,67.327904,102.0,0,720.0
538008115,1716064929,-22.806999,67.336365,102.0,0,730.0
538008115,1716064965,-22.806433,67.338303,102.0,0,720.0
538008115,1716065199,-22.80315,67.349747,102.0,0,730.0
538008115,1716065225,-22.802717,67.351196,102.0,0,720.0
538008115,1716065286,-22.801867,67.354179,102.0,0,720.0
538008115,1716065297,-22.801733,67.354683,102.0,0,730.0
538008115,1716065314,-22.801416,67.355736,102.0,0,720.0
538008115,1716065388,-22.80035,67.3592,103.0,0,700.0
538008115,1716065616,-22.797033,67.370598,103.0,0,730.0
538008115,1716065752,-22.795082,67.377617,102.0,0,720.0
538008115,1716065872,-22.793383,67.383583,102.0,0,720.0
538008115,1716066225,-22.788567,67.401047,102.0,0,730.0
538008115,1716066292,-22.787567,67.404549,102.0,0,720.0
538008115,1716066390,-22.786283,67.409149,103.0,0,720.0
538008115,1716066603,-22.783182,67.420082,103.0,0,720.0
538008115,1716066711,-22.781616,67.425583,102.0,0,730.0
538008115,1716067026,-22.776716,67.440933,102.0,0,700.0
538008115,1716067064,-22.776133,67.442848,102.0,0,710.0
538008115,1716067192,-22.774183,67.44928,102.0,0,720.0
538008115,1716067255,-22.773233,67.452301,102.0,0,710.0
538008115,1716067307,-22.772449,67.454697,102.0,0,700.0
538008115,1716067713,-22.765751,67.474968,103.0,0,700.0
538008115,1716067826,-22.764183,67.480453,103.0,0,730.0
538008115,1716067886,-22.763268,67.483482,103.0,0,720.0
538008115,1716068254,-22.757784,67.501968,103.0,0,730.0
538008115,1716068313,-22.756918,67.504982,103.0,0,720.0
538008115,1716068775,-22.750483,67.527969,103.0,0,730.0
538008115,1716068835,-22.749718,67.530983,103.0,0,730.0
538008115,1716068861,-22.749317,67.532501,103.0,0,730.0
538008115,1716068889,-22.749067,67.533501,103.0,0,740.0
538008115,1716069235,-22.744167,67.551102,104.0,0,730.0
538008115,1716069402,-22.741817,67.559769,104.0,0,730.0
538008115,1716069657,-22.738251,67.572517,104.0,0,720.0
538008115,1716069688,-22.737833,67.574036,104.0,0,720.0
538008115,1716069890,-22.7351,67.584236,104.0,0,730.0
538008115,1716069970,-22.733982,67.588234,103.0,0,730.0
538008115,1716070106,-22.732117,67.595329,104.0,0,730.0
538008115,1716070213,-22.7306,67.600853,104.0,0,730.0
538008115,1716070303,-22.729401,67.6054,103.0,0,730.0
538008115,1716070522,-22.726418,67.616547,104.0,0,730.0
538008115,1716070657,-22.724783,67.623169,102.0,0,750.0
538008115,1716070703,-22.724182,67.625687,102.0,0,750.0
538008115,1716070828,-22.722584,67.631714,102.0,0,740.0
538008115,1716070923,-22.721333,67.636681,102.0,0,750.0
538008115,1716071023,-22.720083,67.641701,101.0,0,740.0
538008115,1716071083,-22.719366,67.644714,102.0,0,750.0
538008115,1716071103,-22.719116,67.645767,102.0,0,740.0
538008115,1716072066,-22.707001,67.693764,104.0,0,740.0
538008115,1716072176,-22.705482,67.699348,103.0,0,730.0
538008115,1716072334,-22.70335,67.707336,103.0,0,730.0
538008115,1716072342,-22.703199,67.707764,104.0,0,720.0
538008115,1716072525,-22.700333,67.716682,103.0,0,700.0
538008115,1716072687,-22.697651,67.724533,102.0,0,700.0
538008115,1716072826,-22.695383,67.731369,102.0,0,700.0
538008115,1716073187,-22.689417,67.748863,102.0,0,690.0
538008115,1716073207,-22.6891,67.749847,102.0,0,700.0
538008115,1716074211,-22.673782,67.799316,104.0,0,730.0
538008115,1716074509,-22.669617,67.8144,104.0,0,720.0
538008115,1716074673,-22.667168,67.823051,105.0,0,740.0
538008115,1716074787,-22.665583,67.828682,104.0,0,720.0
538008115,1716074852,-22.664534,67.83223,104.0,0,710.0
538008115,1716074953,-22.663067,67.837234,105.0,0,720.0
538008115,1716074987,-22.662649,67.838768,104.0,0,730.0
538008115,1716075283,-22.658518,67.853897,103.0,0,730.0
538008115,1716075403,-22.656851,67.859947,105.0,0,720.0
538008115,1716075523,-22.655199,67.86602,105.0,0,740.0
538008115,1716075732,-22.652349,67.876564,104.0,0,730.0
538008115,1716075835,-22.650818,67.881668,103.0,0,720.0
538008115,1716075984,-22.648649,67.889114,104.0,0,720.0
538008115,1716076095,-22.647083,67.89463,104.0,0,730.0
538008115,1716076275,-22.644567,67.903648,104.0,0,730.0
538008115,1716076281,-22.644432,67.904152,104.0,0,730.0
538008115,1716076313,-22.644016,67.905617,104.0,0,730.0
538008115,1716076417,-22.642633,67.910667,104.0,0,730.0
538008115,1716076535,-22.640984,67.916733,104.0,0,730.0
538008115,1716076677,-22.639133,67.923851,105.0,0,740.0
538008115,1716076857,-22.636717,67.932915,105.0,0,740.0
538008115,1716077145,-22.632799,67.947685,106.0,0,740.0
538008115,1716077245,-22.631451,67.952698,106.0,0,720.0
538008115,1716077386,-22.629183,67.959816,106.0,0,710.0
538008115,1716077864,-22.621651,67.984314,107.0,0,720.0
538008115,1716078584,-22.610067,68.020714,105.0,0,700.0
538008115,1716078664,-22.608767,68.024734,105.0,0,710.0
538008115,1716078781,-22.606899,68.030815,106.0,0,720.0
538008115,1716078931,-22.604567,68.038315,106.0,0,710.0
538008115,1716078946,-22.604383,68.038864,106.0,0,700.0
538008115,1716079105,-22.601833,68.046883,105.0,0,700.0
538008115,1716079278,-22.599117,68.055397,106.0,0,710.0
538008115,1716079509,-22.595583,68.066917,105.0,0,730.0
538008115,1716079688,-22.592833,68.075996,106.0,0,710.0
538008115,1716079795,-22.591118,68.081535,106.0,0,710.0
538008115,1716079806,-22.590967,68.081985,105.0,0,710.0
538008115,1716079824,-22.590683,68.082947,105.0,0,720.0
538008115,1716080013,-22.588017,68.092667,105.0,0,750.0
538008115,1716080023,-22.587868,68.09317,105.0,0,740.0
538008115,1716080143,-22.586367,68.099236,104.0,0,740.0
538008115,1716080175,-22.586,68.100731,104.0,0,750.0
538008115,1716080251,-22.58515,68.104263,104.0,0,750.0
538008115,1716080374,-22.5835,68.110847,103.0,0,740.0
538008115,1716080445,-22.5826,68.114319,104.0,0,740.0
538008115,1716080554,-22.581232,68.11985,104.0,0,740.0
538008115,1716080735,-22.578917,68.128983,103.0,0,750.0
538008115,1716080896,-22.57695,68.136971,103.0,0,750.0
538008115,1716080903,-22.576866,68.137367,103.0,0,740.0
538008115,1716080984,-22.575899,68.141365,103.0,0,750.0
538008115,1716081014,-22.5755,68.142914,103.0,0,740.0
538008115,1716081107,-22.57435,68.147346,103.0,0,740.0
538008115,1716081176,-22.573467,68.150803,103.0,0,740.0
538008115,1716081195,-22.573183,68.151848,103.0,0,730.0
538008115,1716081406,-22.570517,68.162331,103.0,0,740.0
538008115,1716081793,-22.565701,68.181717,102.0,0,740.0
538008115,1716081853,-22.564899,68.184669,102.0,0,740.0
538008115,1716082033,-22.562201,68.193398,102.0,0,690.0
538008115,1716082162,-22.560118,68.199631,100.0,0,700.0
538008115,1716082332,-22.557467,68.207832,102.0,0,710.0
538008115,1716082477,-22.555283,68.21463,102.0,0,690.0
538008115,1716082572,-22.55365,68.219437,102.0,0,690.0
538008115,1716082601,-22.55315,68.220818,102.0,0,690.0
538008115,1716082655,-22.552317,68.223297,102.0,0,700.0
538008115,1716082889,-22.548599,68.234314,101.0,0,700.0
538008115,1716082934,-22.5478,68.236786,103.0,0,710.0
538008115,1716082989,-22.547016,68.23922,102.0,0,700.0
538008115,1716083162,-22.544184,68.247917,103.0,0,700.0
538008115,1716083189,-22.543882,68.248863,102.0,0,700.0
538008115,1716083392,-22.540632,68.258919,100.0,0,730.0
538008115,1716083485,-22.5394,68.263397,102.0,0,720.0
538008115,1716083583,-22.538,68.268219,101.0,0,720.0
538008115,1716083713,-22.536333,68.274483,101.0,0,740.0
538008115,1716083983,-22.532833,68.287735,101.0,0,730.0
538008115,1716083993,-22.5327,68.288216,101.0,0,740.0
538008115,1716084067,-22.531834,68.291534,102.0,0,740.0
538008115,1716084307,-22.5285,68.303299,101.0,0,720.0
538008115,1716084815,-22.521851,68.328148,102.0,0,740.0
538008115,1716084841,-22.521433,68.329666,101.0,0,730.0
538008115,1716085355,-22.514868,68.35482,103.0,0,740.0
538008115,1716085372,-22.514618,68.35582,103.0,0,750.0
538008115,1716085423,-22.514,68.358299,102.0,0,750.0
538008115,1716085482,-22.513218,68.361267,102.0,0,740.0
538008115,1716085944,-22.506718,68.384033,104.0,0,710.0
538008115,1716085995,-22.505917,68.386452,104.0,0,700.0
538008115,1716086103,-22.504232,68.391869,102.0,0,720.0
538008115,1716086386,-22.5002,68.405769,104.0,0,720.0
538008115,1716086473,-22.498934,68.410248,104.0,0,720.0
538008115,1716086483,-22.4988,68.410751,104.0,0,730.0
538008115,1716086495,-22.498684,68.411201,104.0,0,730.0
538008115,1716086504,-22.49855,68.411697,104.0,0,730.0
538008115,1716086634,-22.496782,68.418236,104.0,0,730.0
538008115,1716086805,-22.494368,68.426682,104.0,0,720.0
538008115,1716086877,-22.493366,68.430115,104.0,0,720.0
538008115,1716086952,-22.492167,68.43412,104.0,0,710.0
538008115,1716086989,-22.491734,68.435585,104.0,0,720.0
538008115,1716087024,-22.491133,68.437584,104.0,0,720.0
538008115,1716087213,-22.488333,68.446983,104.0,0,710.0
538008115,1716087409,-22.485666,68.456535,103.0,0,730.0
538008115,1716087568,-22.483334,68.46447,105.0,0,720.0
538008115,1716087624,-22.48245,68.46743,105.0,0,720.0
538008115,1716088061,-22.475967,68.488869,104.0,0,710.0
538008115,1716088131,-22.474716,68.492867,104.0,0,710.0
538008115,1716088196,-22.473833,68.495834,103.0,0,720.0
538008115,1716088795,-22.464701,68.525185,103.0,0,710.0
538008115,1716088963,-22.462099,68.533501,103.0,0,710.0
538008115,1716089033,-22.461184,68.536369,102.0,0,710.0
538008115,1716089162,-22.459249,68.54277,102.0,0,720.0
538008115,1716089273,-22.457567,68.548683,102.0,0,720.0
538008115,1716089343,-22.456551,68.552254,103.0,0,730.0
538008115,1716089381,-22.45615,68.55368,103.0,0,730.0
538008115,1716089563,-22.4534,68.563034,103.0,0,720.0
538008115,1716089673,-22.451799,68.568451,103.0,0,720.0
538008115,1716089806,-22.4499,68.574867,103.0,0,730.0
538008115,1716089906,-22.448532,68.579819,103.0,0,730.0
538008115,1716090572,-22.439533,68.613136,101.0,0,720.0
538008115,1716090723,-22.437317,68.620399,102.0,0,720.0
538008115,1716090916,-22.434433,68.62973,101.0,0,710.0
538008115,1716091036,-22.432667,68.635597,101.0,0,720.0
538008115,1716091089,-22.43195,68.638,101.0,0,710.0
538008115,1716091121,-22.431383,68.639915,102.0,0,720.0
538008115,1716091178,-22.430634,68.642418,102.0,0,720.0
538008115,1716091314,-22.428516,68.64933,102.0,0,710.0
538008115,1716091335,-22.4282,68.650299,102.0,0,710.0
538008115,1716091635,-22.423668,68.66507,103.0,0,730.0
538008115,1716091663,-22.423218,68.66655,102.0,0,720.0
538008115,1716091758,-22.421932,68.671021,103.0,0,720.0
538008115,1716091891,-22.42,68.677948,104.0,0,730.0
538008115,1716092008,-22.418449,68.683502,103.0,0,730.0
538008115,1716092032,-22.417999,68.684998,103.0,0,720.0
538008115,1716092052,-22.417749,68.68602,104.0,0,730.0
538008115,1716092102,-22.417032,68.688515,104.0,0,720.0
538008115,1716092152,-22.416349,68.691032,104.0,0,730.0
538008115,1716092162,-22.416218,68.691536,104.0,0,720.0
538008115,1716092171,-22.4161,68.692001,104.0,0,730.0
538008115,1716092201,-22.415667,68.69352,103.0,0,720.0
538008115,1716092214,-22.415501,68.694054,103.0,0,720.0
538008115,1716092222,-22.415367,68.69455,104.0,0,720.0
538008115,1716092231,-22.415234,68.695068,105.0,0,730.0
538008115,1716092242,-22.415051,68.695602,104.0,0,720.0
538008115,1716092251,-22.414949,68.695999,105.0,0,720.0
538008115,1716092261,-22.414801,68.696503,105.0,0,730.0
538008115,1716092272,-22.414633,68.697052,105.0,0,720.0
538008115,1716092282,-22.414499,68.697571,104.0,0,720.0
538008115,1716092291,-22.414383,68.698013,105.0,0,730.0
538008115,1716092302,-22.4142,68.69857,105.0,0,720.0
538008115,1716092321,-22.413967,68.699532,105.0,0,740.0
538008115,1716092332,-22.413816,68.700081,105.0,0,740.0
538008115,1716092342,-22.413668,68.7006,105.0,0,730.0
538008115,1716092351,-22.413532,68.70105,104.0,0,720.0
538008115,1716092362,-22.413366,68.701653,104.0,0,730.0
538008115,1716092364,-22.413366,68.701653,104.0,0,730.0
538008115,1716092381,-22.413099,68.702568,104.0,0,720.0
538008115,1716092392,-22.412933,68.703171,104.0,0,720.0
538008115,1716092402,-22.4128,68.703613,104.0,0,720.0
538008115,1716092422,-22.412518,68.704681,105.0,0,730.0
538008115,1716092486,-22.41165,68.707649,105.0,0,720.0
538008115,1716092666,-22.40905,68.716736,104.0,0,720.0
538008115,1716092771,-22.407534,68.722198,105.0,0,730.0
538008115,1716092869,-22.406334,68.72683,105.0,0,740.0
538008115,1716093027,-22.404083,68.734932,105.0,0,730.0
538008115,1716093073,-22.403351,68.737434,105.0,0,720.0
538008115,1716093253,-22.400749,68.746468,106.0,0,730.0
538008115,1716093791,-22.393299,68.77327,105.0,0,720.0
538008115,1716093793,-22.39315,68.773834,105.0,0,720.0
538008115,1716093873,-22.392033,68.777832,105.0,0,730.0
538008115,1716093923,-22.39135,68.780418,105.0,0,730.0
538008115,1716094054,-22.389566,68.786964,104.0,0,730.0
538008115,1716094065,-22.389433,68.787468,104.0,0,730.0
538008115,1716094633,-22.416517,68.690483,104.0,0,730.0
538008115,1716095894,-22.362932,68.878899,104.0,0,720.0
538008115,1716095964,-22.361967,68.882317,104.0,0,720.0
538008115,1716096063,-22.360518,68.887367,103.0,0,720.0
538008115,1716096164,-22.359068,68.892403,103.0,0,720.0
538008115,1716096441,-22.355167,68.905815,103.0,0,720.0
538008115,1716096499,-22.354317,68.908798,103.0,0,720.0
538008115,1716096629,-22.352501,68.91523,102.0,0,720.0
538008115,1716096801,-22.350082,68.92363,102.0,0,730.0
538008115,1716097004,-22.347134,68.934052,102.0,0,730.0
538008115,1716097403,-22.341433,68.953735,103.0,0,720.0
538008115,1716097452,-22.3407,68.9562,102.0,0,720.0
538008115,1716097481,-22.340233,68.95768,103.0,0,710.0
538008115,1716097492,-22.340117,68.958183,103.0,0,720.0
538008115,1716097521,-22.339666,68.959663,103.0,0,720.0
538008115,1716097541,-22.339367,68.960648,103.0,0,720.0
538008115,1716097542,-22.339367,68.960648,103.0,0,720.0
538008115,1716097552,-22.339216,68.961151,102.0,0,720.0
538008115,1716097556,-22.339216,68.961151,102.0,0,720.0
538008115,1716097571,-22.338949,68.962135,104.0,0,720.0
538008115,1716097581,-22.338783,68.962631,103.0,0,720.0
538008115,1716097582,-22.338783,68.962631,103.0,0,720.0
538008115,1716097590,-22.338682,68.963036,104.0,0,720.0
538008115,1716097601,-22.338499,68.963615,104.0,0,730.0
538008115,1716097602,-22.338499,68.963615,104.0,0,730.0
538008115,1716097621,-22.338217,68.964615,103.0,0,720.0
538008115,1716097631,-22.338083,68.965065,103.0,0,720.0
538008115,1716097632,-22.338083,68.965065,103.0,0,720.0
538008115,1716097661,-22.337633,68.966599,103.0,0,730.0
538008115,1716097662,-22.337633,68.966599,103.0,0,730.0
538008115,1716097700,-22.337067,68.968552,104.0,0,720.0
538008115,1716097701,-22.337067,68.968552,104.0,0,720.0
538008115,1716097713,-22.336918,68.969032,102.0,0,720.0
538008115,1716097721,-22.336767,68.969582,103.0,0,720.0
538008115,1716097722,-22.336767,68.969582,103.0,0,720.0
538008115,1716097732,-22.336634,68.970085,103.0,0,730.0
538008115,1716097741,-22.336468,68.970581,103.0,0,720.0
538008115,1716097760,-22.336218,68.971535,104.0,0,730.0
538008115,1716097761,-22.336218,68.971535,104.0,0,730.0
538008115,1716097770,-22.336067,68.97197,103.0,0,720.0
538008115,1716097781,-22.335917,68.972519,104.0,0,720.0
538008115,1716097800,-22.335632,68.97345,103.0,0,710.0
538008115,1716097801,-22.335632,68.97345,103.0,0,710.0
538008115,1716097818,-22.335449,68.974098,103.0,0,720.0
538008115,1716097820,-22.335333,68.974503,104.0,0,720.0
538008115,1716097860,-22.334749,68.976486,104.0,0,730.0
538008115,1716097890,-22.334284,68.977966,103.0,0,710.0
538008115,1716097901,-22.334133,68.97847,103.0,0,720.0
538008115,1716097902,-22.334133,68.97847,103.0,0,720.0
538008115,1716097910,-22.333982,68.978966,104.0,0,720.0
538008115,1716097940,-22.333567,68.980469,103.0,0,720.0
538008115,1716097950,-22.333418,68.980949,103.0,0,720.0
538008115,1716097951,-22.333418,68.980949,103.0,0,720.0
538008115,1716097961,-22.333282,68.981499,103.0,0,720.0
538008115,1716097962,-22.333282,68.981499,103.0,0,720.0
538008115,1716097963,-22.333282,68.981499,103.0,0,720.0
538008115,1716098000,-22.332666,68.983437,103.0,0,710.0
538008115,1716098011,-22.332533,68.983932,104.0,0,720.0
538008115,1716098031,-22.332216,68.984932,105.0,0,720.0
538008115,1716098040,-22.332067,68.985435,105.0,0,710.0
538008115,1716098041,-22.332067,68.985435,105.0,0,710.0
538008115,1716098665,-22.322884,69.016518,104.0,0,710.0
538008115,1716098785,-22.321117,69.022484,104.0,0,720.0
538008115,1716098929,-22.319317,69.028519,104.0,0,730.0
538008115,1716099065,-22.317051,69.036415,103.0,0,730.0
538008115,1716099274,-22.313984,69.046715,102.0,0,720.0
538008115,1716099827,-22.305717,69.07402,104.0,0,700.0
538008115,1716099845,-22.305401,69.074951,104.0,0,700.0
538008115,1716099925,-22.30415,69.07885,103.0,0,700.0
538008115,1716100188,-22.300182,69.091568,103.0,0,710.0
538008115,1716100246,-22.299282,69.094482,102.0,0,710.0
538008115,1716100357,-22.297684,69.099915,103.0,0,720.0
538008115,1716100479,-22.295918,69.105865,102.0,0,720.0
538008115,1716100825,-22.290783,69.123131,103.0,0,720.0
538008115,1716100925,-22.289351,69.128197,103.0,0,730.0
538008115,1716100942,-22.289118,69.12915,103.0,0,740.0
538008115,1716100982,-22.288567,69.131218,104.0,0,740.0
538008115,1716101066,-22.287582,69.135231,103.0,0,750.0
538008115,1716101311,-22.284283,69.147369,103.0,0,730.0
538008115,1716101350,-22.283733,69.149368,104.0,0,720.0
538008115,1716101423,-22.282633,69.153366,104.0,0,730.0
538008115,1716101539,-22.28105,69.158867,105.0,0,730.0
538008115,1716101652,-22.2794,69.164497,104.0,0,720.0
538008115,1716101843,-22.276583,69.174667,105.0,0,730.0
538008115,1716101923,-22.27545,69.178703,105.0,0,730.0
538008115,1716101986,-22.274599,69.181747,106.0,0,730.0
538008115,1716102005,-22.274317,69.18277,106.0,0,730.0
538008115,1716102114,-22.273083,69.187447,105.0,0,750.0
538008115,1716102133,-22.272516,69.18943,105.0,0,720.0
538008115,1716102193,-22.271667,69.192482,105.0,0,730.0
538008115,1716102273,-22.27055,69.196548,105.0,0,730.0
538008115,1716102414,-22.268583,69.203697,105.0,0,740.0
538008115,1716102430,-22.268417,69.204247,105.0,0,740.0
538008115,1716102495,-22.267483,69.207832,105.0,0,730.0
538008115,1716102607,-22.265984,69.213402,105.0,0,730.0
538008115,1716102614,-22.26585,69.213966,105.0,0,740.0
538008115,1716102735,-22.264084,69.2201,106.0,0,710.0
538008115,1716102749,-22.26395,69.220551,105.0,0,720.0
538008115,1716103072,-22.259817,69.235397,105.0,0,740.0
538008115,1716103156,-22.258034,69.241486,106.0,0,720.0
538008115,1716103176,-22.25775,69.242447,106.0,0,730.0
538008115,1716103399,-22.25445,69.253601,105.0,0,720.0
538008115,1716103568,-22.251917,69.262199,105.0,0,710.0
538008115,1716103619,-22.251167,69.264732,105.0,0,720.0
538008115,1716103778,-22.248783,69.272903,105.0,0,720.0
538008115,1716103800,-22.248533,69.273804,106.0,0,730.0
538008115,1716103860,-22.247618,69.276817,105.0,0,720.0
538008115,1716104368,-22.240232,69.302315,103.0,0,720.0
538008115,1716104469,-22.238783,69.307251,103.0,0,720.0
538008115,1716104495,-22.23835,69.30867,102.0,0,720.0
538008115,1716104596,-22.236933,69.313599,102.0,0,720.0
538008115,1716104636,-22.236366,69.315636,101.0,0,720.0
538008115,1716104756,-22.234632,69.321602,102.0,0,720.0
538008115,1716104864,-22.233084,69.327003,102.0,0,710.0
538008115,1716104876,-22.232933,69.327499,102.0,0,720.0
538008115,1716104984,-22.231268,69.332886,102.0,0,710.0
538008115,1716105184,-22.228268,69.342552,102.0,0,710.0
538008115,1716105254,-22.227249,69.34597,102.0,0,710.0
538008115,1716105384,-22.225367,69.352318,101.0,0,710.0
538008115,1716105442,-22.224483,69.355217,102.0,0,720.0
538008115,1716105474,-22.224016,69.356735,103.0,0,710.0
538008115,1716105592,-22.222267,69.362579,102.0,0,720.0
538008115,1716105790,-22.219549,69.37178,100.0,0,710.0
538008115,1716105897,-22.217899,69.377151,101.0,0,720.0
538008115,1716105932,-22.21735,69.379097,101.0,0,730.0
538008115,1716106002,-22.216417,69.382484,101.0,0,730.0
538008115,1716106112,-22.214951,69.387917,101.0,0,730.0
538008115,1716106387,-22.211166,69.401047,101.0,0,720.0
538008115,1716106472,-22.209949,69.405418,101.0,0,730.0
538008115,1716106598,-22.208233,69.41127,102.0,0,730.0
538008115,1716106612,-22.207933,69.4123,102.0,0,710.0
538008115,1716106777,-22.20565,69.420036,101.0,0,720.0
538008115,1716106964,-22.202917,69.429298,101.0,0,720.0
538008115,1716107026,-22.202084,69.432182,101.0,0,720.0
538008115,1716107086,-22.201233,69.43515,100.0,0,720.0
538008115,1716107204,-22.199568,69.441002,101.0,0,720.0
538008115,1716107427,-22.196333,69.45163,102.0,0,720.0
538008115,1716107513,-22.195032,69.456017,102.0,0,720.0
538008115,1716107654,-22.193033,69.462914,101.0,0,720.0
538008115,1716107757,-22.191566,69.467781,102.0,0,710.0
538008115,1716107803,-22.190817,69.470169,102.0,0,710.0
538008115,1716107945,-22.188749,69.476936,101.0,0,730.0
538008115,1716108024,-22.187634,69.48082,102.0,0,720.0
538008115,1716108147,-22.185883,69.486687,101.0,0,720.0
538008115,1716108434,-22.181633,69.500664,101.0,0,720.0
538008115,1716108718,-22.177601,69.51413,101.0,0,720.0
538008115,1716108827,-22.176149,69.519432,100.0,0,740.0
538008115,1716108969,-22.17425,69.526184,99.0,0,730.0
538008115,1716109069,-22.172983,69.530983,100.0,0,740.0
538008115,1716109335,-22.169268,69.543915,100.0,0,730.0
538008115,1716109352,-22.169001,69.544884,100.0,0,730.0
538008115,1716109547,-22.16655,69.55407,99.0,0,720.0
538008115,1716109753,-22.163651,69.564117,100.0,0,730.0
538008115,1716109904,-22.161667,69.571434,100.0,0,740.0
538008115,1716110398,-22.154751,69.594917,100.0,0,710.0
538008115,1716110543,-22.152617,69.601997,100.0,0,720.0
538008115,1716110643,-22.151318,69.6063,100.0,0,710.0
538008115,1716110733,-22.15,69.611099,100.0,0,740.0
538008115,1716110795,-22.149218,69.613914,100.0,0,730.0
538008115,1716110881,-22.14805,69.617783,100.0,0,710.0
538008115,1716110964,-22.1467,69.622116,100.0,0,700.0
538008115,1716111038,-22.145683,69.62542,101.0,0,710.0
538008115,1716111113,-22.144567,69.62928,101.0,0,720.0
538008115,1716111128,-22.144432,69.629814,101.0,0,720.0
538008115,1716111284,-22.142183,69.637535,100.0,0,730.0
538008115,1716111349,-22.141333,69.640404,101.0,0,720.0
538008115,1716111527,-22.1388,69.649071,101.0,0,730.0
538008115,1716111617,-22.1376,69.653435,100.0,0,730.0
538008115,1716111699,-22.136534,69.657166,100.0,0,730.0
538008115,1716112402,-22.127001,69.690964,98.0,0,740.0
538008115,1716112444,-22.126484,69.692863,98.0,0,730.0
538008115,1716112554,-22.125134,69.69812,98.0,0,730.0
538008115,1716112699,-22.123383,69.704803,99.0,0,730.0
538008115,1716112780,-22.122351,69.708702,99.0,0,730.0
538008115,1716112953,-22.1201,69.717216,99.0,0,730.0
538008115,1716112974,-22.119833,69.718231,99.0,0,750.0
538008115,1716112993,-22.119717,69.718719,99.0,0,740.0
538008115,1716113183,-22.117167,69.728317,100.0,0,740.0
538008115,1716113257,-22.116283,69.731682,100.0,0,740.0
538008115,1716113363,-22.11495,69.736954,100.0,0,750.0
538008115,1716113421,-22.1143,69.739433,100.0,0,740.0
538008115,1716113484,-22.113449,69.742783,100.0,0,750.0
538008115,1716113531,-22.112917,69.74472,100.0,0,730.0
538008115,1716113806,-22.109383,69.758148,100.0,0,740.0
538008115,1716113855,-22.108749,69.760551,100.0,0,740.0
538008115,1716113925,-22.107834,69.763931,100.0,0,730.0
538008115,1716114025,-22.106483,69.768784,100.0,0,730.0
538008115,1716114127,-22.105183,69.773483,100.0,0,740.0
538008115,1716114364,-22.101868,69.785004,100.0,0,720.0
538008115,1716114603,-22.098566,69.796547,101.0,0,720.0
538008115,1716114785,-22.095917,69.805153,101.0,0,710.0
538008115,1716114955,-22.093451,69.813385,101.0,0,720.0
538008115,1716115037,-22.092318,69.81723,101.0,0,720.0
538008115,1716115123,-22.091017,69.821503,101.0,0,710.0
538008115,1716115155,-22.090584,69.822952,101.0,0,710.0
538008115,1716115191,-22.090017,69.824814,101.0,0,710.0
538008115,1716115233,-22.089451,69.826797,101.0,0,730.0
538008115,1716115286,-22.088699,69.829231,102.0,0,710.0
538008115,1716115294,-22.088568,69.82962,101.0,0,710.0
538008115,1716115356,-22.087667,69.832535,101.0,0,710.0
538008115,1716115553,-22.08465,69.842049,101.0,0,710.0
538008115,1716115655,-22.083166,69.846832,101.0,0,710.0
538008115,1716115672,-22.082867,69.847786,101.0,0,700.0
538008115,1716116142,-22.075832,69.870247,100.0,0,710.0
538008115,1716116227,-22.0746,69.874031,100.0,0,700.0
538008115,1716116316,-22.073267,69.878265,100.0,0,710.0
538008115,1716116468,-22.0709,69.885452,100.0,0,690.0
538008115,1716116746,-22.066532,69.898582,99.0,0,700.0
538008115,1716116756,-22.066401,69.899048,98.0,0,700.0
538008115,1716116844,-22.065149,69.903282,98.0,0,730.0
538008115,1716116885,-22.064617,69.905182,99.0,0,730.0
538008115,1716116955,-22.063717,69.908501,98.0,0,730.0
538008115,1716117006,-22.063066,69.91082,98.0,0,720.0
538008115,1716117133,-22.061333,69.917053,98.0,0,730.0
538008115,1716117386,-22.058132,69.92897,99.0,0,730.0
538008115,1716117404,-22.057833,69.930016,99.0,0,730.0
538008115,1716117524,-22.05625,69.93573,99.0,0,730.0
538008115,1716117713,-22.053801,69.944733,99.0,0,720.0
538008115,1716117830,-22.052366,69.95002,99.0,0,720.0
538008115,1716117953,-22.050682,69.95623,99.0,0,730.0
538008115,1716118093,-22.048901,69.962883,100.0,0,730.0
538008115,1716118183,-22.0478,69.966782,100.0,0,710.0
538008115,1716118193,-22.04755,69.967682,98.0,0,720.0
538008115,1716118227,-22.04715,69.969101,99.0,0,710.0
538008115,1716118334,-22.045633,69.97438,99.0,0,740.0
538008115,1716118497,-22.043516,69.982033,98.0,0,730.0
538008115,1716118634,-22.041683,69.988785,101.0,0,720.0
538008115,1716118740,-22.040251,69.993652,100.0,0,720.0
538008115,1716118745,-22.040083,69.994118,100.0,0,710.0
538008115,1716118868,-22.0382,69.999763,100.0,0,680.0
538008115,1716119256,-22.030666,70.017868,101.0,0,650.0
538008115,1716119555,-22.025566,70.032166,100.0,0,680.0
538008115,1716119636,-22.024282,70.035896,100.0,0,700.0
538008115,1716119685,-22.023518,70.038269,100.0,0,710.0
538008115,1716119845,-22.021032,70.045952,100.0,0,710.0
538008115,1716120169,-22.016317,70.061302,100.0,0,710.0
538008115,1716120317,-22.014099,70.068466,100.0,0,710.0
538008115,1716120362,-22.013483,70.070435,100.0,0,710.0
538008115,1716120410,-22.012733,70.07283,100.0,0,710.0
538008115,1716120619,-22.009617,70.082932,101.0,0,720.0
538008115,1716120673,-22.008699,70.085884,102.0,0,710.0
538008115,1716120756,-22.007317,70.089684,101.0,0,670.0
538008115,1716120929,-22.0042,70.097649,101.0,0,650.0
538008115,1716121285,-21.997284,70.114517,102.0,0,660.0
538008115,1716121427,-21.994617,70.121048,101.0,0,660.0
538008115,1716121677,-21.99,70.132835,101.0,0,660.0
538008115,1716121737,-21.988899,70.135666,101.0,0,670.0
538008115,1716121866,-21.986532,70.141769,101.0,0,670.0
538008115,1716121975,-21.98455,70.14682,101.0,0,660.0
538008115,1716122115,-21.982117,70.153481,100.0,0,690.0
538008115,1716122274,-21.979584,70.161079,100.0,0,710.0
538008115,1716122393,-21.977633,70.166786,100.0,0,680.0
538008115,1716122494,-21.976017,70.171616,101.0,0,700.0
538008115,1716122536,-21.975332,70.173569,101.0,0,680.0
538008115,1716122576,-21.974716,70.1754,101.0,0,690.0
538008115,1716122743,-21.971983,70.183632,101.0,0,700.0
538008115,1716122843,-21.9704,70.188454,101.0,0,700.0
538008115,1716123043,-21.967251,70.198067,101.0,0,700.0
538008115,1716123226,-21.964434,70.20665,101.0,0,710.0
538008115,1716123258,-21.963934,70.208084,100.0,0,700.0
538008115,1716123296,-21.963266,70.209999,100.0,0,690.0
538008115,1716123368,-21.962168,70.213387,100.0,0,700.0
538008115,1716123515,-21.959883,70.22052,100.0,0,710.0
538008115,1716123558,-21.959284,70.222382,99.0,0,710.0
538008115,1716123686,-21.957199,70.228668,100.0,0,690.0
538008115,1716123739,-21.956417,70.23098,100.0,0,690.0
538008115,1716123827,-21.95495,70.235199,100.0,0,680.0
538008115,1716123855,-21.954451,70.236664,100.0,0,680.0
538008115,1716123900,-21.953783,70.238503,100.0,0,680.0
538008115,1716123991,-21.952101,70.243202,100.0,0,690.0
538008115,1716124026,-21.951599,70.244614,100.0,0,680.0
538008115,1716124136,-21.949667,70.249901,100.0,0,680.0
538008115,1716124186,-21.948833,70.252182,101.0,0,680.0
538008115,1716124296,-21.946768,70.257416,101.0,0,660.0
538008115,1716124654,-21.940651,70.274071,102.0,0,680.0
538008115,1716124713,-21.939583,70.27697,101.0,0,680.0
538008115,1716124832,-21.937483,70.282585,101.0,0,670.0
538008115,1716125002,-21.934334,70.291016,101.0,0,670.0
538008115,1716125024,-21.93395,70.292015,101.0,0,670.0
538008115,1716125246,-21.929934,70.302315,100.0,0,670.0
538008115,1716125369,-21.927851,70.307983,100.0,0,670.0
538008115,1716125380,-21.9277,70.308403,100.0,0,680.0
538008115,1716125554,-21.924549,70.316849,101.0,0,670.0
538008115,1716125591,-21.923834,70.318733,101.0,0,670.0
538008115,1716125669,-21.922567,70.322052,101.0,0,670.0
538008115,1716125798,-21.920183,70.328201,102.0,0,670.0
538008115,1716125927,-21.917816,70.334366,102.0,0,660.0
538008115,1716126067,-21.915268,70.341019,102.0,0,660.0
538008115,1716126136,-21.914017,70.344383,103.0,0,670.0
538008115,1716126178,-21.913282,70.346283,102.0,0,670.0
538008115,1716126358,-21.90995,70.354836,102.0,0,670.0
538008115,1716126443,-21.908434,70.359215,102.0,0,700.0
538008115,1716126464,-21.908133,70.360153,102.0,0,700.0
538008115,1716126555,-21.9067,70.364571,102.0,0,700.0
538008115,1716126664,-21.905001,70.369865,102.0,0,700.0
538008115,1716126682,-21.904833,70.370331,101.0,0,690.0
538008115,1716126775,-21.9032,70.375183,102.0,0,700.0
538008115,1716126845,-21.9021,70.378487,102.0,0,700.0
538008115,1716126945,-21.900583,70.383369,102.0,0,710.0
538008115,1716127164,-21.896999,70.39402,102.0,0,690.0
538008115,1716127214,-21.8962,70.396385,102.0,0,690.0
538008115,1716127354,-21.893883,70.403183,102.0,0,700.0
538008115,1716127394,-21.893232,70.405113,102.0,0,700.0
538008115,1716127534,-21.891018,70.411903,102.0,0,700.0
538008115,1716127653,-21.889116,70.417702,101.0,0,710.0
538008115,1716127764,-21.887367,70.423065,101.0,0,700.0
538008115,1716128611,-21.874001,70.46418,102.0,0,690.0
538008115,1716128621,-21.873833,70.464668,102.0,0,690.0
538008115,1716129091,-21.866217,70.486717,101.0,0,690.0
538008115,1716129225,-21.86375,70.493332,101.0,0,680.0
538008115,1716129324,-21.861917,70.4981,102.0,0,660.0
538008115,1716129344,-21.861549,70.499046,102.0,0,670.0
538008115,1716129413,-21.86025,70.502464,103.0,0,680.0
538008115,1716129433,-21.859867,70.503464,103.0,0,670.0
538008115,1716129527,-21.858217,70.507614,103.0,0,670.0
538008115,1716129733,-21.854433,70.517784,103.0,0,670.0
538008115,1716129794,-21.853382,70.520668,104.0,0,670.0
538008115,1716129914,-21.851116,70.52652,104.0,0,670.0
538008115,1716129927,-21.850933,70.527046,103.0,0,680.0
538008115,1716130777,-21.835567,70.568115,103.0,0,690.0
538008115,1716130786,-21.835318,70.568764,104.0,0,680.0
538008115,1716130846,-21.834232,70.571632,104.0,0,670.0
538008115,1716130955,-21.832233,70.57695,104.0,0,680.0
538008115,1716131106,-21.829567,70.584335,104.0,0,680.0
538008115,1716131198,-21.827984,70.588669,104.0,0,680.0
538008115,1716131365,-21.824932,70.596947,103.0,0,690.0
538008115,1716131485,-21.82275,70.602837,103.0,0,680.0
538008115,1716131807,-21.816982,70.61837,104.0,0,700.0
538008115,1716131923,-21.814966,70.624214,103.0,0,690.0
538008115,1716132054,-21.81275,70.630547,102.0,0,690.0
538008115,1716132434,-21.806133,70.648918,103.0,0,680.0
538008115,1716132596,-21.803249,70.656631,103.0,0,690.0
538008115,1716132894,-21.798233,70.67115,102.0,0,700.0
538008115,1716133109,-21.794518,70.681252,102.0,0,680.0
538008115,1716133150,-21.793867,70.683083,102.0,0,690.0
538008115,1716133223,-21.792418,70.687035,102.0,0,680.0
538008115,1716133290,-21.791384,70.689903,103.0,0,680.0
538008115,1716133500,-21.787683,70.700104,103.0,0,680.0
538008115,1716133516,-21.787317,70.70105,103.0,0,680.0
538008115,1716133693,-21.784117,70.709747,103.0,0,680.0
538008115,1716133737,-21.7834,70.711632,103.0,0,670.0
538008115,1716133857,-21.781183,70.717384,103.0,0,680.0
538008115,1716134017,-21.778351,70.725082,102.0,0,690.0
538008115,1716134086,-21.7771,70.728554,102.0,0,690.0
538008115,1716134417,-21.771366,70.74437,103.0,0,680.0
538008115,1716134542,-21.769068,70.750565,103.0,0,680.0
538008115,1716134652,-21.767067,70.755798,102.0,0,680.0
538008115,1716135210,-21.7584,70.782234,101.0,0,710.0
538008115,1716135330,-21.756651,70.788071,102.0,0,720.0
538008115,1716135457,-21.754683,70.794418,102.0,0,710.0
538008115,1716135468,-21.754534,70.794914,102.0,0,710.0
538008115,1716135551,-21.753349,70.79882,102.0,0,710.0
538008115,1716135820,-21.748632,70.811867,104.0,0,680.0
538008115,1716135826,-21.748466,70.812302,104.0,0,680.0
538008115,1716136005,-21.745132,70.821053,105.0,0,670.0
538008115,1716136224,-21.740883,70.831749,104.0,0,680.0
538008115,1716136774,-21.731133,70.85833,103.0,0,690.0
538008115,1716136882,-21.72925,70.863686,104.0,0,680.0
538008115,1716136955,-21.72805,70.867134,104.0,0,690.0
538008115,1716137035,-21.726633,70.871117,105.0,0,680.0
538008115,1716137152,-21.724518,70.877014,105.0,0,690.0
538008115,1716137272,-21.722433,70.882965,106.0,0,690.0
538008115,1716137319,-21.721733,70.884979,106.0,0,690.0
538008115,1716137415,-21.720066,70.889984,106.0,0,690.0
538008115,1716137435,-21.719749,70.890984,106.0,0,700.0
538008115,1716137604,-21.716818,70.899635,108.0,0,700.0
538008115,1716137614,-21.71665,70.900131,107.0,0,690.0
538008115,1716137706,-21.71505,70.904648,108.0,0,680.0
538008115,1716138065,-21.708384,70.922897,109.0,0,690.0
538008115,1716138097,-21.707884,70.924332,108.0,0,690.0
538008115,1716138126,-21.7073,70.925919,108.0,0,680.0
538008115,1716138257,-21.70495,70.932587,108.0,0,680.0
538008115,1716138303,-21.704067,70.935066,109.0,0,690.0
538008115,1716138443,-21.70145,70.942085,108.0,0,680.0
538008115,1716138674,-21.69735,70.953766,109.0,0,690.0
538008115,1716138817,-21.694799,70.960953,109.0,0,690.0
538008115,1716138872,-21.693733,70.963966,108.0,0,680.0
538008115,1716138882,-21.693533,70.964516,108.0,0,680.0
538008115,1716138892,-21.69335,70.965034,109.0,0,690.0
538008115,1716138902,-21.693167,70.965553,108.0,0,690.0
538008115,1716138912,-21.692966,70.966103,109.0,0,680.0
538008115,1716138922,-21.692766,70.966614,109.0,0,680.0
538008115,1716138927,-21.692766,70.966614,109.0,0,680.0
538008115,1716138932,-21.6926,70.967064,109.0,0,680.0
538008115,1716138935,-21.6926,70.967064,109.0,0,680.0
538008115,1716138942,-21.692417,70.967583,109.0,0,680.0
538008115,1716138952,-21.692232,70.968102,109.0,0,680.0
538008115,1716138962,-21.692034,70.968597,109.0,0,670.0
538008115,1716138972,-21.691851,70.969116,109.0,0,680.0
538008115,1716138982,-21.691668,70.96962,108.0,0,680.0
538008115,1716138991,-21.691483,70.97007,109.0,0,680.0
538008115,1716139002,-21.691267,70.970619,109.0,0,670.0
538008115,1716139012,-21.691084,70.97113,109.0,0,680.0
538008115,1716139022,-21.690884,70.971619,108.0,0,670.0
538008115,1716139025,-21.690884,70.971619,108.0,0,670.0
538008115,1716139032,-21.690683,70.97213,109.0,0,670.0
538008115,1716139051,-21.690317,70.973099,108.0,0,670.0
538008115,1716139062,-21.6901,70.973701,109.0,0,680.0
538008115,1716139072,-21.689917,70.974152,108.0,0,680.0
538008115,1716139081,-21.689751,70.974617,109.0,0,680.0
538008115,1716139092,-21.689533,70.975166,109.0,0,680.0
538008115,1716139102,-21.689318,70.975731,109.0,0,670.0
538008115,1716139111,-21.689182,70.976151,109.0,0,680.0
538008115,1716139113,-21.689182,70.976151,109.0,0,680.0
538008115,1716139122,-21.688967,70.9767,109.0,0,680.0
538008115,1716139132,-21.688766,70.977249,109.0,0,680.0
538008115,1716139141,-21.688618,70.977669,108.0,0,680.0
538008115,1716139151,-21.688417,70.978165,109.0,0,680.0
538008115,1716139162,-21.688217,70.978729,109.0,0,680.0
538008115,1716139171,-21.688032,70.979179,109.0,0,680.0
538008115,1716139182,-21.687834,70.979736,109.0,0,670.0
538008115,1716139192,-21.687651,70.980247,109.0,0,670.0
538008115,1716139211,-21.687267,70.981201,108.0,0,680.0
538008115,1716139222,-21.687033,70.981819,109.0,0,680.0
538008115,1716139242,-21.686666,70.98278,109.0,0,670.0
538008115,1716139247,-21.686666,70.98278,109.0,0,670.0
538008115,1716139252,-21.686483,70.98333,108.0,0,680.0
538008115,1716139261,-21.6863,70.983734,109.0,0,670.0
538008115,1716139271,-21.686132,70.984253,108.0,0,670.0
538008115,1716139282,-21.685917,70.984802,108.0,0,680.0
538008115,1716139292,-21.685734,70.985298,108.0,0,680.0
538008115,1716139301,-21.685551,70.985764,108.0,0,680.0
538008115,1716139312,-21.68535,70.986336,108.0,0,680.0
538008115,1716139315,-21.68535,70.986336,108.0,0,680.0
538008115,1716139322,-21.685167,70.986832,108.0,0,680.0
538008115,1716139331,-21.684999,70.987282,108.0,0,680.0
538008115,1716139342,-21.684799,70.987846,108.0,0,680.0
538008115,1716139352,-21.68465,70.988319,108.0,0,680.0
538008115,1716139372,-21.684233,70.989433,108.0,0,690.0
538008115,1716139382,-21.68405,70.989929,108.0,0,690.0
538008115,1716139403,-21.683718,70.990898,108.0,0,690.0
538008115,1716139432,-21.683184,70.992432,108.0,0,690.0
538008115,1716139442,-21.683018,70.99292,108.0,0,690.0
538008115,1716139450,-21.68285,70.993385,109.0,0,690.0
538008115,1716139985,-21.673332,71.020584,110.0,0,700.0
538008115,1716140074,-21.671682,71.02523,110.0,0,690.0
538008115,1716140371,-21.666233,71.040749,110.0,0,680.0
538008115,1716141015,-21.6548,71.073517,107.0,0,710.0
538008115,1716141096,-21.653299,71.077484,107.0,0,680.0
538008115,1716141306,-21.6495,71.08812,108.0,0,690.0
538008115,1716141376,-21.648233,71.091736,108.0,0,690.0
538008115,1716141763,-21.640949,71.111481,108.0,0,680.0
538008115,1716142106,-21.635033,71.128998,108.0,0,690.0
538008115,1716142140,-21.634501,71.130486,109.0,0,690.0
538008115,1716142195,-21.633417,71.133583,108.0,0,690.0
538008115,1716142212,-21.633051,71.134598,108.0,0,690.0
538008115,1716142352,-21.630716,71.141716,108.0,0,710.0
538008115,1716142469,-21.628883,71.147499,109.0,0,700.0
538008115,1716142472,-21.628733,71.147934,109.0,0,690.0
538008115,1716142558,-21.627199,71.152046,108.0,0,680.0
538008115,1716142610,-21.626266,71.154564,108.0,0,680.0
538008115,1716142769,-21.623734,71.161636,108.0,0,690.0
538008115,1716142787,-21.622999,71.163651,107.0,0,680.0
538008115,1716143049,-21.618151,71.17672,107.0,0,670.0
538008115,1716143161,-21.616117,71.18222,107.0,0,690.0
538008115,1716143437,-21.610867,71.196014,107.0,0,670.0
538008115,1716143545,-21.608732,71.201584,107.0,0,670.0
538008115,1716143606,-21.607468,71.204582,107.0,0,650.0
538008115,1716143717,-21.605267,71.20993,106.0,0,660.0
538008115,1716143739,-21.604918,71.210884,106.0,0,670.0
538008115,1716143947,-21.600834,71.221298,107.0,0,660.0
538008115,1716143977,-21.60025,71.222717,106.0,0,670.0
538008115,1716144038,-21.599051,71.225601,106.0,0,660.0
538008115,1716144096,-21.597866,71.2286,105.0,0,670.0
538008115,1716144155,-21.5968,71.231567,105.0,0,690.0
538008115,1716144246,-21.595234,71.236015,105.0,0,690.0
538008115,1716144275,-21.594732,71.237534,105.0,0,700.0
538008115,1716144316,-21.594084,71.239532,106.0,0,710.0
538008115,1716144426,-21.592234,71.245018,105.0,0,700.0
538008115,1716144645,-21.588867,71.255936,106.0,0,710.0
538008115,1716144785,-21.586617,71.262947,104.0,0,710.0
538008115,1716144806,-21.586283,71.263931,104.0,0,700.0
538008115,1716144825,-21.585934,71.264969,104.0,0,700.0
538008115,1716144874,-21.585133,71.267448,104.0,0,700.0
538008115,1716144975,-21.583584,71.272385,105.0,0,700.0
538008115,1716145025,-21.582733,71.274849,106.0,0,690.0
538008115,1716145142,-21.580433,71.280685,105.0,0,670.0
538008115,1716145324,-21.577066,71.289536,106.0,0,680.0
538008115,1716145375,-21.576134,71.291985,105.0,0,680.0
538008115,1716145437,-21.575033,71.294952,106.0,0,680.0
538008115,1716145697,-21.5704,71.307816,105.0,0,700.0
538008115,1716145784,-21.568899,71.312286,106.0,0,700.0
538008115,1716145851,-21.567717,71.31575,105.0,0,690.0
538008115,1716145908,-21.566851,71.31823,105.0,0,690.0
538008115,1716145948,-21.566151,71.320267,105.0,0,690.0
538008115,1716146043,-21.564516,71.325203,106.0,0,710.0
538008115,1716146124,-21.563267,71.32917,106.0,0,700.0
538008115,1716146238,-21.561417,71.334702,107.0,0,700.0
538008115,1716146256,-21.56105,71.335732,107.0,0,700.0
538008115,1716146327,-21.559933,71.339249,107.0,0,710.0
538008115,1716146375,-21.559084,71.341751,106.0,0,700.0
538008115,1716146386,-21.558933,71.342201,106.0,0,690.0
538008115,1716146434,-21.5581,71.344704,106.0,0,700.0
538008115,1716146435,-21.5581,71.344704,106.0,0,700.0
538008115,1716146484,-21.557283,71.347183,106.0,0,700.0
538008115,1716146554,-21.556168,71.350769,106.0,0,720.0
538008115,1716146715,-21.553551,71.358665,106.0,0,680.0
538008115,1716146951,-21.549049,71.370468,106.0,0,670.0
538008115,1716147071,-21.546766,71.376335,107.0,0,670.0
538008115,1716147210,-21.54425,71.382782,107.0,0,680.0
538008115,1716147424,-21.540268,71.393784,108.0,0,670.0
538008115,1716147499,-21.538982,71.397369,108.0,0,690.0
538008115,1716148160,-21.526733,71.43042,107.0,0,670.0
538008115,1716148173,-21.52635,71.431366,107.0,0,670.0
538008115,1716148225,-21.525433,71.4338,107.0,0,680.0
538008115,1716148283,-21.524282,71.436798,108.0,0,680.0
538008115,1716148356,-21.522917,71.440369,109.0,0,680.0
538008115,1716148537,-21.519518,71.449333,107.0,0,680.0
538008115,1716148592,-21.51845,71.45237,109.0,0,690.0
538008115,1716148633,-21.517668,71.454483,109.0,0,690.0
538008115,1716148785,-21.514868,71.461967,108.0,0,680.0
538008115,1716148835,-21.513933,71.46447,108.0,0,670.0
538008115,1716148935,-21.512117,71.469566,108.0,0,700.0
538008115,1716148982,-21.511284,71.472084,108.0,0,710.0
538008115,1716149092,-21.509382,71.477783,108.0,0,700.0
538008115,1716149154,-21.50835,71.480865,108.0,0,700.0
538008115,1716149175,-21.507982,71.481934,108.0,0,700.0
538008115,1716149185,-21.507799,71.482452,108.0,0,700.0
538008115,1716149208,-21.50745,71.483467,108.0,0,690.0
538008115,1716149265,-21.506468,71.486504,109.0,0,700.0
538008115,1716149425,-21.503633,71.49472,108.0,0,690.0
538008115,1716149504,-21.5023,71.498848,109.0,0,700.0
538008115,1716149527,-21.501949,71.49987,109.0,0,700.0
538008115,1716149545,-21.501617,71.5009,110.0,0,710.0
538008115,1716149653,-21.499666,71.506485,110.0,0,680.0
538008115,1716149706,-21.498684,71.509087,110.0,0,680.0
538008115,1716149795,-21.496967,71.513603,109.0,0,680.0
538008115,1716149814,-21.49655,71.514717,109.0,0,680.0
538008115,1716149904,-21.494883,71.51915,109.0,0,670.0
538008115,1716150174,-21.489883,71.533051,109.0,0,690.0
538008115,1716150278,-21.488199,71.5383,110.0,0,700.0
538008115,1716150512,-21.484167,71.550697,110.0,0,710.0
538008115,1716150656,-21.48175,71.55793,110.0,0,690.0
538008115,1716150777,-21.479567,71.564102,110.0,0,690.0
538008115,1716150924,-21.476851,71.571785,110.0,0,690.0
538008115,1716151254,-21.47085,71.588585,109.0,0,680.0
538008115,1716151334,-21.469433,71.592583,108.0,0,680.0
538008115,1716151395,-21.468332,71.595665,108.0,0,680.0
538008115,1716151555,-21.465483,71.603752,108.0,0,680.0
538008115,1716151685,-21.4631,71.610313,108.0,0,690.0
538008115,1716151835,-21.460417,71.617851,108.0,0,670.0
538008115,1716152085,-21.455868,71.630585,109.0,0,690.0
538008115,1716152203,-21.4538,71.63665,109.0,0,700.0
538008115,1716152279,-21.452517,71.640167,108.0,0,680.0
538008115,1716152528,-21.447533,71.652664,108.0,0,670.0
538008115,1716152728,-21.443768,71.662552,108.0,0,670.0
538008115,1716152802,-21.4422,71.66655,108.0,0,660.0
538008115,1716153013,-21.438017,71.676964,108.0,0,670.0
538008115,1716153103,-21.436333,71.681549,108.0,0,680.0
538008115,1716153115,-21.436132,71.68203,108.0,0,680.0
538008115,1716153183,-21.434868,71.685516,108.0,0,680.0
538008115,1716153283,-21.433018,71.690498,108.0,0,680.0
538008115,1716153332,-21.432068,71.693016,108.0,0,670.0
538008115,1716153851,-21.422768,71.71888,109.0,0,690.0
538008115,1716154172,-21.4167,71.735664,109.0,0,680.0
538008115,1716154221,-21.415934,71.737801,109.0,0,680.0
538008115,1716154321,-21.414083,71.742821,109.0,0,680.0
538008115,1716154503,-21.410633,71.752518,109.0,0,680.0
538008115,1716154543,-21.409883,71.754532,109.0,0,680.0
538008115,1716154833,-21.404499,71.76915,108.0,0,690.0
538008115,1716154933,-21.402782,71.774132,109.0,0,690.0
538008115,1716155056,-21.400633,71.780296,108.0,0,690.0
538008115,1716155207,-21.398199,71.787918,107.0,0,720.0
538008115,1716155266,-21.397232,71.791031,106.0,0,720.0
538008115,1716155475,-21.393766,71.801514,105.0,0,700.0
538008115,1716155638,-21.391117,71.80957,107.0,0,700.0
538008115,1716155856,-21.387583,71.820686,107.0,0,710.0
538008115,1716155877,-21.387234,71.821815,106.0,0,720.0
538008115,1716155995,-21.385418,71.827866,107.0,0,710.0
538008115,1716156151,-21.382868,71.835869,106.0,0,700.0
538008115,1716156544,-21.375116,71.854919,106.0,0,640.0
538008115,1716156573,-21.374468,71.8564,106.0,0,640.0
538008115,1716156723,-21.371483,71.863617,106.0,0,670.0
538008115,1716156853,-21.36895,71.870018,106.0,0,670.0
538008115,1716156973,-21.366716,71.875832,105.0,0,670.0
538008115,1716157033,-21.365618,71.878716,105.0,0,660.0
538008115,1716157152,-21.363283,71.884552,106.0,0,660.0
538008115,1716157273,-21.361116,71.890518,105.0,0,690.0
538008115,1716157415,-21.358816,71.897552,105.0,0,690.0
538008115,1716157664,-21.354668,71.90995,104.0,0,690.0
538008115,1716157804,-21.352318,71.916801,106.0,0,690.0
538008115,1716158045,-21.348333,71.928848,105.0,0,710.0
538008115,1716158205,-21.345833,71.936867,106.0,0,720.0
538008115,1716158354,-21.343567,71.944534,106.0,0,720.0
538008115,1716158575,-21.340282,71.955734,106.0,0,710.0
538008115,1716158683,-21.33865,71.961235,105.0,0,710.0
538008115,1716159107,-21.332184,71.982452,106.0,0,700.0
538008115,1716159297,-21.328684,71.991684,104.0,0,660.0
538008115,1716159347,-21.3277,71.994034,104.0,0,650.0
538008115,1716159406,-21.326532,71.996948,105.0,0,670.0
538008115,1716159621,-21.322218,72.007553,105.0,0,650.0
538008115,1716159986,-21.315067,72.025017,105.0,0,660.0
538008115,1716160181,-21.311449,72.034081,104.0,0,660.0
538008115,1716160264,-21.309683,72.038467,104.0,0,670.0
538008115,1716160569,-21.303734,72.052902,104.0,0,660.0
538008115,1716160661,-21.301983,72.057251,104.0,0,660.0
538008115,1716160721,-21.300833,72.06012,104.0,0,670.0
538008115,1716160760,-21.300083,72.062103,104.0,0,670.0
538008115,1716160799,-21.299368,72.064003,104.0,0,680.0
538008115,1716160867,-21.298067,72.067436,104.0,0,670.0
538008115,1716161061,-21.294333,72.077049,104.0,0,670.0
538008115,1716161268,-21.290632,72.086746,105.0,0,680.0
538008115,1716161383,-21.288584,72.092697,104.0,0,700.0
538008115,1716161563,-21.285433,72.101585,104.0,0,690.0
538008115,1716161701,-21.283033,72.107964,104.0,0,680.0
538008115,1716162378,-21.270849,72.141319,105.0,0,680.0
538008115,1716162832,-21.262733,72.163719,104.0,0,690.0
538008115,1716162854,-21.262417,72.164635,104.0,0,690.0
538008115,1716162915,-21.261351,72.167564,104.0,0,680.0
538008115,1716163187,-21.256683,72.180679,103.0,0,690.0
538008115,1716163206,-21.25635,72.181618,103.0,0,690.0
538008115,1716163305,-21.254566,72.186546,103.0,0,690.0
538008115,1716163443,-21.252184,72.193367,104.0,0,690.0
538008115,1716163463,-21.25185,72.194283,104.0,0,700.0
538008115,1716163902,-21.244034,72.21563,103.0,0,680.0
538008115,1716163993,-21.242517,72.220016,103.0,0,690.0
538008115,1716164024,-21.242018,72.221466,104.0,0,700.0
538008115,1716164097,-21.240816,72.22493,103.0,0,690.0
538008115,1716164548,-21.23315,72.246719,102.0,0,700.0
538008115,1716164755,-21.229683,72.256935,103.0,0,700.0
538008115,1716164786,-21.229168,72.258453,104.0,0,690.0
538008115,1716164925,-21.226732,72.265236,103.0,0,680.0
538008115,1716164969,-21.226032,72.267151,103.0,0,680.0
538008115,1716164974,-21.225849,72.267685,103.0,0,690.0
538008115,1716165057,-21.224483,72.271446,103.0,0,690.0
538008115,1716165118,-21.223417,72.274399,103.0,0,690.0
538008115,1716165153,-21.222717,72.276337,103.0,0,680.0
538008115,1716165218,-21.221634,72.279236,103.0,0,680.0
538008115,1716165497,-21.216818,72.292618,103.0,0,690.0
538008115,1716165589,-21.215183,72.296936,103.0,0,680.0
538008115,1716165718,-21.212868,72.303185,103.0,0,690.0
538008115,1716165995,-21.207916,72.316551,103.0,0,680.0
538008115,1716166424,-21.200466,72.336914,101.0,0,690.0
538008115,1716166642,-21.196833,72.347031,103.0,0,680.0
538008115,1716166923,-21.1919,72.36087,102.0,0,690.0
538008115,1716167055,-21.18965,72.367149,103.0,0,680.0
538008115,1716167095,-21.18895,72.369118,103.0,0,680.0
538008115,1716167222,-21.18685,72.375015,104.0,0,690.0
538008115,1716167355,-21.184467,72.381836,104.0,0,700.0
538008115,1716167375,-21.184151,72.382767,104.0,0,700.0
538008115,1716167455,-21.182716,72.386681,104.0,0,680.0
538008115,1716167607,-21.180082,72.393829,104.0,0,690.0
538008115,1716167743,-21.177467,72.40065,105.0,0,670.0
538008115,1716167897,-21.174784,72.407951,103.0,0,690.0
538008115,1716167967,-21.173582,72.411331,103.0,0,680.0
538008115,1716168077,-21.171717,72.416649,103.0,0,680.0
538008115,1716168263,-21.168417,72.425766,103.0,0,680.0
538008115,1716168445,-21.165318,72.434349,102.0,0,700.0
538008115,1716168575,-21.163168,72.440582,102.0,0,690.0
538008115,1716168712,-21.160717,72.447266,103.0,0,680.0
538008115,1716169236,-21.151484,72.472267,103.0,0,690.0
538008115,1716169403,-21.148649,72.480583,103.0,0,690.0
538008115,1716169626,-21.144716,72.491165,103.0,0,680.0
538008115,1716169994,-21.138582,72.509102,103.0,0,690.0
538008115,1716170042,-21.137751,72.511536,102.0,0,690.0
538008115,1716170255,-21.134317,72.521652,102.0,0,690.0
538008115,1716170313,-21.133383,72.524567,102.0,0,700.0
538008115,1716170346,-21.132883,72.526085,103.0,0,700.0
538008115,1716170387,-21.13225,72.527969,103.0,0,690.0
538008115,1716170456,-21.131067,72.531418,103.0,0,700.0
538008115,1716170487,-21.130568,72.532814,103.0,0,690.0
538008115,1716170633,-21.127968,72.540131,105.0,0,690.0
538008115,1716170743,-21.12615,72.545464,104.0,0,700.0
538008115,1716170875,-21.123882,72.551849,105.0,0,690.0
538008115,1716170913,-21.123182,72.55378,104.0,0,680.0
538008115,1716170980,-21.122116,72.556686,104.0,0,680.0
538008115,1716171105,-21.1199,72.56295,104.0,0,680.0
538008115,1716171334,-21.115883,72.57415,104.0,0,680.0
538008115,1716171353,-21.115566,72.57502,105.0,0,680.0
538008115,1716171413,-21.114433,72.57795,105.0,0,680.0
538008115,1716171507,-21.112783,72.582268,105.0,0,680.0
538008115,1716171533,-21.112232,72.583733,105.0,0,680.0
538008115,1716171845,-21.106701,72.598785,105.0,0,680.0
538008115,1716171875,-21.106133,72.600304,104.0,0,680.0
538008115,1716172016,-21.103634,72.607002,105.0,0,680.0
538008115,1716172025,-21.103451,72.607552,106.0,0,690.0
538008115,1716172465,-21.094982,72.628647,103.0,0,670.0
538008115,1716172533,-21.093733,72.632004,104.0,0,680.0
538008115,1716172567,-21.093201,72.6334,104.0,0,670.0
538008115,1716172643,-21.091667,72.63723,104.0,0,660.0
538008115,1716172972,-21.085882,72.653,104.0,0,690.0
538008115,1716173094,-21.08395,72.658882,104.0,0,700.0
538008115,1716173235,-21.081682,72.665718,104.0,0,700.0
538008115,1716173416,-21.078783,72.674431,104.0,0,700.0
538008115,1716173618,-21.075483,72.684235,104.0,0,700.0
538008115,1716173679,-21.074551,72.687164,104.0,0,700.0
538008115,1716173764,-21.073099,72.691467,104.0,0,690.0
538008115,1716173983,-21.069317,72.702286,105.0,0,680.0
538008115,1716174014,-21.068817,72.703751,105.0,0,700.0
538008115,1716174126,-21.066917,72.709084,105.0,0,690.0
538008115,1716174316,-21.063633,72.718414,105.0,0,690.0
538008115,1716174337,-21.063316,72.719353,105.0,0,700.0
538008115,1716175052,-21.0508,72.754333,103.0,0,670.0
538008115,1716175152,-21.049067,72.759102,104.0,0,690.0
538008115,1716175216,-21.048018,72.762032,103.0,0,680.0
538008115,1716175327,-21.046101,72.767197,103.0,0,670.0
538008115,1716175422,-21.04435,72.772049,103.0,0,680.0
538008115,1716175460,-21.043833,72.773483,103.0,0,680.0
538008115,1716175544,-21.042267,72.777763,103.0,0,680.0
538008115,1716175605,-21.04125,72.780602,103.0,0,680.0
538008115,1716175975,-21.034767,72.798302,103.0,0,680.0
538008115,1716176135,-21.032034,72.805931,103.0,0,690.0
538008115,1716176144,-21.031866,72.806419,102.0,0,690.0
538008115,1716176204,-21.030867,72.80928,103.0,0,700.0
538008115,1716176342,-21.0284,72.815933,103.0,0,680.0
538008115,1716176391,-21.0275,72.818268,103.0,0,670.0
538008115,1716176422,-21.026951,72.819733,103.0,0,680.0
538008115,1716176451,-21.026434,72.821114,102.0,0,680.0
538008115,1716176454,-21.026434,72.821114,102.0,0,680.0
538008115,1716176491,-21.0257,72.822998,102.0,0,680.0
538008115,1716176494,-21.0257,72.822998,102.0,0,680.0
538008115,1716176502,-21.025517,72.823532,102.0,0,680.0
538008115,1716176511,-21.025368,72.823936,102.0,0,680.0
538008115,1716176531,-21.025,72.824898,103.0,0,680.0
538008115,1716176551,-21.024668,72.825798,103.0,0,680.0
538008115,1716176562,-21.024433,72.826431,103.0,0,680.0
538008115,1716176571,-21.024282,72.826851,103.0,0,680.0
538008115,1716176591,-21.023951,72.827751,103.0,0,680.0
538008115,1716176611,-21.023617,72.828697,103.0,0,690.0
538008115,1716176622,-21.023434,72.829216,102.0,0,680.0
538008115,1716176632,-21.023268,72.82972,103.0,0,690.0
538008115,1716176744,-21.021299,72.834999,102.0,0,680.0
538008115,1716176866,-21.019217,72.840652,102.0,0,680.0
538008115,1716176967,-21.017483,72.845329,103.0,0,690.0
538008115,1716177067,-21.015717,72.850082,102.0,0,680.0
538008115,1716177197,-21.013483,72.856201,102.0,0,680.0
538008115,1716177217,-21.013149,72.857101,102.0,0,680.0
538008115,1716177285,-21.011932,72.860336,102.0,0,670.0
538008115,1716177305,-21.011566,72.86132,101.0,0,680.0
538008115,1716177357,-21.010668,72.863632,101.0,0,670.0
538008115,1716177524,-21.00765,72.871597,101.0,0,680.0
538008115,1716177777,-21.00345,72.883347,101.0,0,690.0
538008115,1716177954,-21.000633,72.891968,101.0,0,710.0
538008115,1716178069,-20.998949,72.897163,101.0,0,700.0
538008115,1716178277,-20.995832,72.90715,100.0,0,720.0
538008115,1716178346,-20.994801,72.9105,101.0,0,720.0
538008115,1716178851,-20.98735,72.93412,100.0,0,700.0
538008115,1716179284,-20.980383,72.95462,100.0,0,660.0
538008115,1716179393,-20.978382,72.959602,100.0,0,660.0
538008115,1716179623,-20.974382,72.970268,100.0,0,680.0
538008115,1716180369,-20.961634,73.004585,101.0,0,700.0
538008115,1716180419,-20.960783,73.006966,100.0,0,690.0
538008115,1716180505,-20.959267,73.011215,101.0,0,690.0
538008115,1716180855,-20.953133,73.027481,102.0,0,680.0
538008115,1716181740,-20.937983,73.069115,102.0,0,680.0
538008115,1716181762,-20.937599,73.070099,101.0,0,680.0
538008115,1716181791,-20.937099,73.071503,102.0,0,690.0
538008115,1716181792,-20.937099,73.071503,102.0,0,690.0
538008115,1716181822,-20.9366,73.072914,101.0,0,690.0
538008115,1716181851,-20.936117,73.074333,102.0,0,690.0
538008115,1716181852,-20.936117,73.074333,102.0,0,690.0
538008115,1716181860,-20.935966,73.074753,102.0,0,690.0
538008115,1716181881,-20.935617,73.075684,102.0,0,690.0
538008115,1716181891,-20.935432,73.076149,101.0,0,680.0
538008115,1716181901,-20.935266,73.076668,102.0,0,690.0
538008115,1716181902,-20.935266,73.076668,102.0,0,690.0
538008115,1716181910,-20.935101,73.07708,101.0,0,680.0
538008115,1716181911,-20.935101,73.07708,101.0,0,680.0
538008115,1716181920,-20.934967,73.077499,102.0,0,690.0
538008115,1716181930,-20.934767,73.078018,101.0,0,680.0
538008115,1716181941,-20.934601,73.078484,102.0,0,690.0
538008115,1716181951,-20.934418,73.078949,101.0,0,680.0
538008115,1716181970,-20.934099,73.079834,101.0,0,680.0
538008115,1716181980,-20.93395,73.080315,102.0,0,690.0
538008115,1716181990,-20.93375,73.080818,101.0,0,680.0
538008115,1716182001,-20.933582,73.081299,102.0,0,690.0
538008115,1716182011,-20.933384,73.081802,101.0,0,680.0
538008115,1716182021,-20.933233,73.082268,102.0,0,690.0
538008115,1716182022,-20.933233,73.082268,102.0,0,690.0
538008115,1716182051,-20.932716,73.083618,101.0,0,680.0
538008115,1716182081,-20.932217,73.085014,101.0,0,680.0
538008115,1716182090,-20.932068,73.085449,102.0,0,690.0
538008115,1716182100,-20.9319,73.085915,101.0,0,680.0
538008115,1716182111,-20.9317,73.086433,102.0,0,690.0
538008115,1716182121,-20.931534,73.086899,102.0,0,680.0
538008115,1716182131,-20.931383,73.087379,102.0,0,690.0
538008115,1716182132,-20.931383,73.087379,102.0,0,690.0
538008115,1716182141,-20.9312,73.087852,102.0,0,680.0
538008115,1716182142,-20.9312,73.087852,102.0,0,680.0
538008115,1716182150,-20.931049,73.088264,102.0,0,690.0
538008115,1716182160,-20.930883,73.088783,102.0,0,690.0
538008115,1716182171,-20.9307,73.089264,102.0,0,690.0
538008115,1716182181,-20.930517,73.089714,102.0,0,680.0
538008115,1716182192,-20.930332,73.090248,102.0,0,690.0
538008115,1716182197,-21.051733,72.751915,105.0,0,690.0
538008115,1716182202,-20.930166,73.090714,102.0,0,680.0
538008115,1716182220,-20.929832,73.091599,102.0,0,680.0
538008115,1716182231,-20.929667,73.092064,102.0,0,680.0
538008115,1716182241,-20.929501,73.092529,101.0,0,680.0
538008115,1716182270,-20.929016,73.093903,102.0,0,680.0
538008115,1716182301,-20.928499,73.095299,102.0,0,680.0
538008115,1716182330,-20.927982,73.096764,102.0,0,680.0
538008115,1716182342,-20.927816,73.097282,102.0,0,690.0
538008115,1716184372,-20.893217,73.192101,101.0,0,680.0
538008115,1716184413,-20.892401,73.194466,101.0,0,700.0
538008115,1716184423,-20.892218,73.194984,101.0,0,690.0
538008115,1716184543,-20.890284,73.200584,101.0,0,690.0
538008115,1716184663,-20.888233,73.206184,100.0,0,670.0
538008115,1716184697,-20.887716,73.207581,101.0,0,690.0
538008115,1716184753,-20.886618,73.21035,100.0,0,670.0
538008115,1716185162,-20.879717,73.229347,100.0,0,690.0
538008115,1716185353,-20.876499,73.23838,100.0,0,680.0
538008115,1716185386,-20.876034,73.239685,101.0,0,690.0
538008115,1716185503,-20.874067,73.245384,101.0,0,690.0
538008115,1716185606,-20.8724,73.250069,101.0,0,690.0
538008115,1716185940,-20.866667,73.265633,101.0,0,680.0
538008115,1716186254,-20.8613,73.280586,101.0,0,690.0
538008115,1716186304,-20.860468,73.282982,101.0,0,690.0
538008115,1716186445,-20.858168,73.289536,101.0,0,690.0
538008115,1716186489,-20.857517,73.291382,101.0,0,690.0
538008115,1716186515,-20.857018,73.292816,101.0,0,690.0
538008115,1716186575,-20.856068,73.295631,101.0,0,690.0
538008115,1716186792,-20.852449,73.306,101.0,0,690.0
538008115,1716186815,-20.852133,73.306931,101.0,0,690.0
538008115,1716186835,-20.851816,73.307816,101.0,0,680.0
538008115,1716187030,-20.848618,73.316833,101.0,0,690.0
538008115,1716187126,-20.846933,73.32148,101.0,0,680.0
538008115,1716187229,-20.845301,73.326134,102.0,0,690.0
538008115,1716187349,-20.843317,73.331863,102.0,0,690.0
538008115,1716187476,-20.841284,73.338051,102.0,0,700.0
538008115,1716187657,-20.838367,73.346619,102.0,0,690.0
538008115,1716187973,-20.832968,73.361832,103.0,0,690.0
538008115,1716188093,-20.830999,73.367516,102.0,0,690.0
538008115,1716188103,-20.830851,73.367996,103.0,0,700.0
538008115,1716188439,-20.825434,73.383583,101.0,0,690.0
538008115,1716188725,-20.820551,73.397316,99.0,0,690.0
538008115,1716188737,-20.820383,73.397781,99.0,0,690.0
538008115,1716188929,-20.817751,73.405914,84.0,2,700.0
538008115,1716188979,-20.817101,73.407799,81.0,2,690.0
538008115,1716189108,-20.815599,73.412415,72.0,2,700.0
538008115,1716189127,-20.815384,73.413033,71.0,2,700.0
538008115,1716189234,-20.814266,73.416397,65.0,2,700.0
538008115,1716189428,-20.812668,73.421783,56.0,2,740.0
538008115,1716189457,-20.812483,73.422569,55.0,2,750.0
538008115,1716189508,-20.812201,73.423851,52.0,2,760.0
538008115,1716189838,-20.809601,73.430466,36.0,2,440.0
538008115,1716189885,-20.80895,73.430984,32.0,2,330.0
538008115,1716189938,-20.808317,73.43132,29.0,2,240.0
538008115,1716189985,-20.807667,73.431503,26.0,2,140.0
538008115,1716190183,-20.805367,73.431252,23.0,2,3400.0
538008115,1716190243,-20.804768,73.430916,22.0,2,3310.0
538008115,1716190283,-20.804434,73.430649,21.0,2,3270.0
538008115,1716190375,-20.803766,73.429985,20.0,2,3140.0
538008115,1716190391,-20.803682,73.429916,21.0,2,3150.0
538008115,1716190488,-20.803101,73.4291,20.0,2,3040.0
538008115,1716190502,-20.802999,73.428932,19.0,2,3040.0
538008115,1716190544,-20.802767,73.428619,19.0,2,3060.0
538008115,1716190608,-20.802483,73.428116,19.0,2,3000.0
538008115,1716190642,-20.802282,73.42778,19.0,2,3040.0
538008115,1716190782,-20.801617,73.426567,19.0,2,2990.0
538008115,1716190882,-20.801184,73.425697,18.0,2,2990.0
538008115,1716190980,-20.8008,73.424896,17.0,2,2950.0
538008115,1716191374,-20.796984,73.421631,33.0,2,3560.0
538008115,1716191597,-20.794167,73.423882,39.0,2,560.0
538008115,1716191698,-20.793318,73.425964,46.0,2,680.0
538008115,1716191779,-20.79265,73.427879,52.0,2,700.0
538008115,1716191983,-20.790934,73.434151,69.0,2,730.0
538008115,1716192119,-20.789667,73.438782,78.0,2,740.0
538008115,1716192337,-20.7873,73.447517,86.0,2,730.0
538008115,1716192374,-20.78685,73.449181,87.0,2,740.0
538008115,1716192494,-20.785517,73.454369,91.0,2,740.0
538008115,1716192560,-20.7848,73.457001,93.0,2,740.0
538008115,1716192686,-20.783251,73.462769,95.0,2,740.0
538008115,1716192744,-20.782534,73.465515,95.0,2,730.0
538008115,1716192798,-20.781918,73.467834,95.0,2,740.0
538008115,1716193300,-20.775917,73.490982,98.0,2,740.0
538008115,1716193314,-20.775682,73.491867,98.0,2,740.0
538008115,1716193674,-20.77125,73.508919,100.0,2,750.0
538008115,1716193697,-20.771,73.509819,100.0,2,740.0
538008115,1716193734,-20.7705,73.511749,99.0,2,740.0
538008115,1716193798,-20.769716,73.514633,99.0,2,730.0
538008115,1716193923,-20.768118,73.520699,100.0,2,740.0
538008115,1716193949,-20.767851,73.521751,100.0,2,740.0
538008115,1716194254,-20.76405,73.536484,99.0,2,740.0
538008115,1716194905,-20.755783,73.5672,99.0,2,730.0
538008115,1716195256,-20.750999,73.583969,100.0,2,730.0
538008115,1716195324,-20.750116,73.58728,101.0,2,740.0
538008115,1716195513,-20.747467,73.596466,100.0,2,720.0
538008115,1716195623,-20.745916,73.601715,101.0,2,730.0
538008115,1716195998,-20.740967,73.619331,101.0,2,730.0
538008115,1716196056,-20.74015,73.622253,100.0,2,730.0
538008115,1716196846,-20.727682,73.659203,100.0,2,650.0
538008115,1716196906,-20.726534,73.661949,101.0,2,650.0
538008115,1716197024,-20.724234,73.667465,100.0,2,650.0
538008115,1716197055,-20.723633,73.668884,101.0,2,660.0
538008115,1716197266,-20.719566,73.678436,100.0,2,640.0
538008115,1716197746,-20.7106,73.700447,99.0,2,680.0
538008115,1716197766,-20.7103,73.701263,99.0,0,680.0
538008115,1716197874,-20.708384,73.706367,98.0,0,680.0
538008115,1716198013,-20.706034,73.712868,98.0,0,680.0
538008115,1716198219,-20.702566,73.72197,99.0,0,660.0
538008115,1716198313,-20.700733,73.726501,99.0,0,670.0
538008115,1716198371,-20.699818,73.728783,98.0,0,670.0
538008115,1716198463,-20.69805,73.733253,99.0,0,660.0
538008115,1716198482,-20.697651,73.734253,99.0,0,660.0
538008115,1716198772,-20.692133,73.747536,99.0,0,670.0
538008115,1716198888,-20.690132,73.752502,99.0,0,660.0
538008115,1716198982,-20.6884,73.756615,99.0,0,650.0
538008115,1716199245,-20.683701,73.76902,98.0,0,700.0
538008115,1716199376,-20.681583,73.775169,99.0,0,690.0
538008115,1716199903,-20.673483,73.799934,98.0,0,710.0
538008115,1716199927,-20.673183,73.800919,98.0,0,710.0
538008115,1716199954,-20.672768,73.802353,100.0,0,730.0
538008115,1716200073,-20.671017,73.807983,99.0,0,710.0
538008115,1716200303,-20.667618,73.818764,99.0,0,710.0
538008115,1716200384,-20.666517,73.822601,100.0,0,730.0
538008115,1716200513,-20.664717,73.828697,99.0,0,710.0
538008115,1716200523,-20.664568,73.82917,99.0,0,720.0
538008115,1716200717,-20.661682,73.837883,98.0,0,700.0
538008115,1716200738,-20.661367,73.838867,98.0,0,710.0
538008115,1716200759,-20.661051,73.839783,98.0,0,690.0
538008115,1716201096,-20.6555,73.855469,100.0,0,680.0
538008115,1716201282,-20.652349,73.864197,100.0,0,700.0
538008115,1716201353,-20.651199,73.867485,100.0,0,690.0
538008115,1716201438,-20.6499,73.871185,100.0,0,690.0
538008115,1716201798,-20.644033,73.887833,100.0,0,700.0
538008115,1716201854,-20.643133,73.890579,100.0,0,690.0
538008115,1716202144,-20.638416,73.903931,99.0,0,670.0
538008115,1716202203,-20.637383,73.90667,99.0,0,670.0
538008115,1716202842,-20.626118,73.935471,98.0,0,680.0
538008115,1716202888,-20.625383,73.937302,98.0,0,670.0
538008115,1716203047,-20.622499,73.944481,97.0,0,670.0
538008115,1716203064,-20.622116,73.945419,98.0,0,660.0
538008115,1716203092,-20.621599,73.946701,97.0,0,660.0
538008115,1716203194,-20.619749,73.951149,97.0,0,660.0
538008115,1716203254,-20.61865,73.953751,96.0,0,650.0
538008115,1716203281,-20.61825,73.954681,96.0,0,660.0
538008115,1716203360,-20.61685,73.958237,97.0,0,670.0
538008115,1716203518,-20.613951,73.965233,95.0,0,650.0
538008115,1716203667,-20.611183,73.971764,96.0,0,650.0
538008115,1716203708,-20.610451,73.973564,96.0,0,670.0
538008115,1716203759,-20.609568,73.975716,96.0,0,670.0
538008115,1716203898,-20.60705,73.981903,96.0,0,660.0
538008115,1716203974,-20.605568,73.98542,96.0,0,660.0
538008115,1716204286,-20.599882,73.999084,96.0,0,670.0
538008115,1716204376,-20.598301,74.003036,96.0,0,670.0
538008115,1716204756,-20.592266,74.020203,96.0,0,700.0
538008115,1716204840,-20.591049,74.023819,97.0,0,710.0
538008115,1716205073,-20.587618,74.034668,96.0,0,700.0
538008115,1716205143,-20.586582,74.037903,97.0,0,710.0
538008115,1716205323,-20.584017,74.045616,97.0,0,690.0
538008115,1716205438,-20.582184,74.050964,96.0,0,700.0
538008115,1716205633,-20.579317,74.06002,96.0,0,700.0
538008115,1716205663,-20.578817,74.061417,97.0,0,700.0
538008115,1716205783,-20.577017,74.066864,97.0,0,700.0
538008115,1716205829,-20.576418,74.068665,96.0,0,700.0
538008115,1716205873,-20.575684,74.070969,97.0,0,710.0
538008115,1716206546,-20.566099,74.101379,97.0,0,710.0
538008115,1716206635,-20.564751,74.105484,97.0,0,690.0
538008115,1716206734,-20.563032,74.109886,96.0,0,660.0
538008115,1716206776,-20.562317,74.111618,97.0,0,660.0
538008115,1716206892,-20.560232,74.116936,97.0,0,670.0
538008115,1716207176,-20.555367,74.129486,97.0,0,660.0
538008115,1716207315,-20.5529,74.135735,97.0,0,660.0
538008115,1716207706,-20.5462,74.15303,97.0,0,670.0
538008115,1716207817,-20.544333,74.157936,97.0,0,680.0
538008115,1716207893,-20.542982,74.16153,97.0,0,670.0
538008115,1716208055,-20.540234,74.168633,98.0,0,670.0
538008115,1716208193,-20.537832,74.174919,98.0,0,680.0
538008115,1716208273,-20.536501,74.178467,97.0,0,670.0
538008115,1716208488,-20.533068,74.188019,98.0,0,690.0
538008115,1716208699,-20.529966,74.196671,98.0,0,680.0
538008115,1716208721,-20.529182,74.198898,99.0,0,690.0
538008115,1716208866,-20.527,74.205467,100.0,0,700.0
538008115,1716208977,-20.525284,74.21048,100.0,0,690.0
538008115,1716209100,-20.523333,74.21608,100.0,0,700.0
538008115,1716209218,-20.521433,74.221664,100.0,0,700.0
538008115,1716209269,-20.520651,74.224014,100.0,0,710.0
538008115,1716209314,-20.519899,74.226364,100.0,0,700.0
538008115,1716209351,-20.519449,74.227753,99.0,0,700.0
538008115,1716209454,-20.517733,74.232849,100.0,0,700.0
538008115,1716209694,-20.513968,74.244034,100.0,0,700.0
538008115,1716209765,-20.512882,74.247284,98.0,0,700.0
538008115,1716209875,-20.51115,74.252419,99.0,0,700.0
538008115,1716210703,-20.498484,74.290802,100.0,0,700.0
538008115,1716210730,-20.49815,74.291817,100.0,0,710.0
538008115,1716210798,-20.497101,74.294968,99.0,0,690.0
538008115,1716210909,-20.495268,74.300133,100.0,0,670.0
538008115,1716211176,-20.490517,74.31237,100.0,0,670.0
538008115,1716211193,-20.490168,74.313286,100.0,0,670.0
538008115,1716211256,-20.489117,74.315964,99.0,0,670.0
538008115,1716211316,-20.488083,74.318733,99.0,0,680.0
538008115,1716211449,-20.486282,74.3237,99.0,0,680.0
538008115,1716211477,-20.485399,74.32608,99.0,0,680.0
538008115,1716211557,-20.483999,74.329651,99.0,0,670.0
538008115,1716211676,-20.481867,74.335167,99.0,0,670.0
538008115,1716211726,-20.480984,74.337402,100.0,0,670.0
538008115,1716211932,-20.477367,74.347054,99.0,0,680.0
538008115,1716211996,-20.476368,74.3498,101.0,0,680.0
538008115,1716212096,-20.474583,74.354568,102.0,0,670.0
538008115,1716212723,-20.463249,74.383514,101.0,0,660.0
538008115,1716212883,-20.460382,74.390869,102.0,0,670.0
538008115,1716213033,-20.457632,74.39782,101.0,0,670.0
538008115,1716213093,-20.456568,74.400551,102.0,0,670.0
538008115,1716213193,-20.454666,74.405235,102.0,0,650.0
538008115,1716213213,-20.454332,74.406082,101.0,0,660.0
538008115,1716213298,-20.452784,74.409836,102.0,0,660.0
538008115,1716213476,-20.449417,74.418083,101.0,0,660.0
538008115,1716213580,-20.447582,74.422699,102.0,0,670.0
538008115,1716213696,-20.445316,74.428284,102.0,0,660.0
538008115,1716213806,-20.443268,74.433296,101.0,0,670.0
538008115,1716214345,-20.43475,74.459068,102.0,0,700.0
538008115,1716214406,-20.433817,74.461967,103.0,0,700.0
538008115,1716214446,-20.433201,74.463814,103.0,0,700.0
538008115,1716214595,-20.430817,74.4711,103.0,0,700.0
538008115,1716214646,-20.430033,74.47345,103.0,0,700.0
538008115,1716214754,-20.428301,74.478798,103.0,0,700.0
538008115,1716214867,-20.426533,74.484085,103.0,0,700.0
538008115,1716215028,-20.423883,74.491753,103.0,0,690.0
538008115,1716215043,-20.423532,74.492714,103.0,0,690.0
538008115,1716215143,-20.4219,74.497452,101.0,0,690.0
538008115,1716215473,-20.416567,74.513298,103.0,0,700.0
538008115,1716216055,-20.407267,74.54113,103.0,0,700.0
538008115,1716216633,-20.397667,74.569115,104.0,0,700.0
538008115,1716216742,-20.395832,74.574318,104.0,0,680.0
538008115,1716216788,-20.395117,74.576218,104.0,0,680.0
538008115,1716217028,-20.390917,74.587784,104.0,0,690.0
538008115,1716217204,-20.387751,74.59642,104.0,0,680.0
538008115,1716217349,-20.3853,74.603287,104.0,0,690.0
538008115,1716217475,-20.383083,74.609535,104.0,0,680.0
538008115,1716217533,-20.382017,74.612419,104.0,0,670.0
538008115,1716217573,-20.381283,74.614334,104.0,0,670.0
538008115,1716217705,-20.378901,74.620514,104.0,0,670.0
538008115,1716217773,-20.377632,74.623863,104.0,0,680.0
538008115,1716217895,-20.37545,74.629669,104.0,0,670.0
538008115,1716217925,-20.374933,74.631065,104.0,0,670.0
538008115,1716218023,-20.373083,74.635849,104.0,0,670.0
538008115,1716218348,-20.367149,74.651199,104.0,0,690.0
538008115,1716218470,-20.365017,74.657051,105.0,0,680.0
538008115,1716218622,-20.362368,74.664185,105.0,0,680.0
538008115,1716218652,-20.361633,74.666084,105.0,0,680.0
538008115,1716218779,-20.359449,74.671921,105.0,0,680.0
538008115,1716219012,-20.355301,74.68293,104.0,0,660.0
538008115,1716219595,-20.345051,74.711334,105.0,0,680.0
538008115,1716219729,-20.342783,74.717583,103.0,0,680.0
538008115,1716219876,-20.340099,74.724815,103.0,0,680.0
538008115,1716219905,-20.3396,74.726234,106.0,0,690.0
538008115,1716220015,-20.337667,74.731621,104.0,0,690.0
538008115,1716220067,-20.3368,74.734001,104.0,0,690.0
538008115,1716220072,-20.336666,74.734383,103.0,0,690.0
538008115,1716220182,-20.334784,74.739815,103.0,0,690.0
538008115,1716220578,-20.3284,74.758751,104.0,0,700.0
538008115,1716221355,-20.314417,74.796234,105.0,0,680.0
538008115,1716221518,-20.311483,74.80407,105.0,0,670.0
538008115,1716221674,-20.30855,74.811867,106.0,0,670.0
538008115,1716221754,-20.307034,74.815765,106.0,0,670.0
538008115,1716222003,-20.302267,74.827904,106.0,0,670.0
538008115,1716222157,-20.299467,74.835281,106.0,0,670.0
538008115,1716222227,-20.298117,74.838699,106.0,0,670.0
538008115,1716222288,-20.296984,74.841583,106.0,0,670.0
538008115,1716222357,-20.29565,74.845016,107.0,0,670.0
538008115,1716222423,-20.2943,74.84845,106.0,0,670.0
538008115,1716222573,-20.29155,74.855797,106.0,0,690.0
538008115,1716222627,-20.290684,74.858284,106.0,0,690.0
538008115,1716222673,-20.289801,74.860764,106.0,0,690.0
538008115,1716222823,-20.287083,74.868263,109.0,0,690.0
538008115,1716222893,-20.285868,74.871696,107.0,0,690.0
538008115,1716222962,-20.284599,74.875267,108.0,0,690.0
538008115,1716223017,-20.283733,74.877769,107.0,0,690.0
538008115,1716223202,-20.280317,74.887215,109.0,0,680.0
538008115,1716223221,-20.279949,74.888214,108.0,0,680.0
538008115,1716223230,-20.279783,74.888664,109.0,0,690.0
538008115,1716223241,-20.2796,74.889214,108.0,0,680.0
538008115,1716223242,-20.2796,74.889214,108.0,0,680.0
538008115,1716223251,-20.2794,74.889771,109.0,0,690.0
538008115,1716223252,-20.2794,74.889771,109.0,0,690.0
538008115,1716223260,-20.279234,74.890221,108.0,0,680.0
538008115,1716223261,-20.279234,74.890221,108.0,0,680.0
538008115,1716223271,-20.279066,74.890732,109.0,0,690.0
538008115,1716223272,-20.279066,74.890732,109.0,0,690.0
538008115,1716223281,-20.278851,74.891266,108.0,0,680.0
538008115,1716223290,-20.2787,74.891716,109.0,0,690.0
538008115,1716223301,-20.2785,74.892265,108.0,0,680.0
538008115,1716223302,-20.2785,74.892265,108.0,0,680.0
538008115,1716223320,-20.278151,74.893219,108.0,0,680.0
538008115,1716223321,-20.278151,74.893219,108.0,0,680.0
538008115,1716223341,-20.2778,74.894234,109.0,0,690.0
538008115,1716223350,-20.277666,74.894684,109.0,0,690.0
538008115,1716223361,-20.277433,74.895287,109.0,0,680.0
538008115,1716223362,-20.277433,74.895287,109.0,0,680.0
538008115,1716223372,-20.277267,74.895737,109.0,0,690.0
538008115,1716223381,-20.2771,74.896179,109.0,0,680.0
538008115,1716223392,-20.276899,74.896797,109.0,0,690.0
538008115,1716223401,-20.276716,74.897301,109.0,0,690.0
538008115,1716223410,-20.276567,74.897751,109.0,0,690.0
538008115,1716223422,-20.27635,74.8983,109.0,0,690.0
538008115,1716223431,-20.276182,74.89875,109.0,0,690.0
538008115,1716223441,-20.275999,74.899246,109.0,0,690.0
538008115,1716223452,-20.275801,74.899849,109.0,0,690.0
538008115,1716223462,-20.275633,74.900299,109.0,0,690.0
538008115,1716223471,-20.275482,74.900764,109.0,0,690.0
538008115,1716223484,-20.275267,74.901314,109.0,0,680.0
538008115,1716223491,-20.275101,74.901764,109.0,0,680.0
538008115,1716223501,-20.274918,74.902267,109.0,0,680.0
538008115,1716223512,-20.274733,74.902832,109.0,0,690.0
538008115,1716223522,-20.274532,74.903336,108.0,0,690.0
538008115,1716223531,-20.274418,74.903732,110.0,0,690.0
538008115,1716223536,-20.274418,74.903732,110.0,0,690.0
538008115,1716223551,-20.274033,74.904785,109.0,0,690.0
538008115,1716223561,-20.273849,74.905281,108.0,0,690.0
538008115,1716223572,-20.273632,74.905884,109.0,0,690.0
538008115,1716223582,-20.273451,74.906334,108.0,0,680.0
538008115,1716223591,-20.2733,74.906799,110.0,0,690.0
538008115,1716223602,-20.2731,74.907349,109.0,0,690.0
538008115,1716223611,-20.272932,74.907814,110.0,0,690.0
538008115,1716223642,-20.2724,74.90937,110.0,0,690.0
538008115,1716223651,-20.272217,74.909821,108.0,0,680.0
538008115,1716223702,-20.271267,74.912453,110.0,0,680.0
538008115,1716223711,-20.271116,74.912849,109.0,0,680.0
538008115,1716223741,-20.27055,74.914368,110.0,0,680.0
538008115,1716223745,-20.27055,74.914368,110.0,0,680.0
538008115,1716224078,-20.264351,74.931053,110.0,0,680.0
538008115,1716224177,-20.262518,74.936066,110.0,0,690.0
538008115,1716224407,-20.25835,74.94767,110.0,0,680.0
538008115,1716224470,-20.25725,74.950699,109.0,0,680.0
538008115,1716224594,-20.254801,74.957314,110.0,0,680.0
538008115,1716224666,-20.25345,74.960899,110.0,0,680.0
538008115,1716224756,-20.251833,74.965332,110.0,0,680.0
538008115,1716225005,-20.247383,74.978081,108.0,0,690.0
538008115,1716225547,-20.23735,75.00518,108.0,0,690.0
538008115,1716225594,-20.2365,75.007698,109.0,0,700.0
538008115,1716225696,-20.234716,75.012718,109.0,0,700.0
538008115,1716225807,-20.232683,75.018265,109.0,0,680.0
538008115,1716225812,-20.23255,75.018669,109.0,0,680.0
538008115,1716225935,-20.230368,75.024734,109.0,0,690.0
538008115,1716226477,-20.220766,75.051697,107.0,0,690.0
538008115,1716226544,-20.219534,75.055168,107.0,0,690.0
538008115,1716226554,-20.219383,75.055618,107.0,0,700.0
538008115,1716226614,-20.218317,75.058601,107.0,0,700.0
538008115,1716226637,-20.217966,75.059631,107.0,0,690.0
538008115,1716226714,-20.216618,75.063583,106.0,0,690.0
538008115,1716226841,-20.214649,75.06955,106.0,0,710.0
538008115,1716226894,-20.213617,75.072571,106.0,0,700.0
538008115,1716226934,-20.212917,75.074501,106.0,0,690.0
538008115,1716227038,-20.211166,75.079399,106.0,0,680.0
538008115,1716227216,-20.207983,75.088249,106.0,0,680.0
538008115,1716227308,-20.20645,75.092613,107.0,0,690.0
538008115,1716227428,-20.2043,75.098549,107.0,0,680.0
538008115,1716227549,-20.20215,75.104446,106.0,0,690.0
538008115,1716227632,-20.200783,75.108383,106.0,0,690.0
538008115,1716227766,-20.198366,75.115379,107.0,0,700.0
538008115,1716227889,-20.196333,75.121315,107.0,0,700.0
538008115,1716228145,-20.191967,75.134117,107.0,0,690.0
538008115,1716228285,-20.1896,75.140999,106.0,0,690.0
538008115,1716228365,-20.188232,75.144936,106.0,0,690.0
538008115,1716228527,-20.185534,75.152832,106.0,0,690.0
538008115,1716228615,-20.183968,75.157349,107.0,0,690.0
538008115,1716228851,-20.179817,75.169098,106.0,0,700.0
538008115,1716228852,-20.179817,75.169098,106.0,0,700.0
538008115,1716228882,-20.179283,75.170631,107.0,0,690.0
538008115,1716228892,-20.179117,75.17112,106.0,0,690.0
538008115,1716228911,-20.178801,75.172066,107.0,0,700.0
538008115,1716228922,-20.178617,75.172615,106.0,0,690.0
538008115,1716228942,-20.178284,75.173553,106.0,0,690.0
538008115,1716228952,-20.178118,75.174103,106.0,0,700.0
538008115,1716228971,-20.177816,75.17498,107.0,0,700.0
538008115,1716229012,-20.177082,75.177071,107.0,0,690.0
538008115,1716229072,-20.176018,75.180054,107.0,0,690.0
538008115,1716229091,-20.175682,75.181,107.0,0,680.0
538008115,1716229261,-20.172716,75.189468,107.0,0,690.0
538008115,1716229282,-20.172367,75.190514,107.0,0,690.0
538008115,1716229368,-20.17095,75.19445,107.0,0,690.0
538008115,1716229424,-20.169916,75.197418,106.0,0,690.0
538008115,1716229444,-20.169533,75.198448,107.0,0,690.0
538008115,1716229614,-20.166416,75.206764,106.0,0,670.0
538008115,1716229624,-20.166201,75.207382,108.0,0,680.0
538008115,1716229778,-20.16345,75.214714,106.0,0,680.0
538008115,1716229843,-20.162201,75.218117,106.0,0,690.0
538008115,1716230013,-20.159117,75.226486,106.0,0,670.0
538008115,1716230183,-20.155968,75.234863,105.0,0,670.0
538008115,1716230196,-20.1558,75.235268,107.0,0,670.0
538008115,1716230283,-20.154118,75.239716,107.0,0,680.0
538008115,1716230326,-20.1534,75.241669,107.0,0,680.0
538008115,1716230386,-20.152283,75.244583,106.0,0,680.0
538008115,1716230453,-20.150984,75.24807,106.0,0,680.0
538008115,1716230504,-20.150101,75.250465,106.0,0,690.0
538008115,1716230583,-20.148718,75.254364,106.0,0,690.0
538008115,1716230625,-20.14805,75.256317,104.0,0,690.0
538008115,1716230757,-20.145782,75.262779,106.0,0,680.0
538008115,1716230769,-20.145634,75.263214,105.0,0,680.0
538008115,1716230837,-20.14435,75.26667,106.0,0,690.0
538008115,1716230985,-20.141684,75.274002,106.0,0,690.0
538008115,1716231205,-20.137833,75.284599,105.0,0,690.0
538008115,1716231215,-20.13765,75.285133,104.0,0,690.0
538008115,1716231476,-20.133217,75.297798,105.0,0,690.0
538008115,1716231586,-20.131268,75.303215,105.0,0,690.0
538008115,1716231656,-20.130083,75.306633,105.0,0,700.0
538008115,1716231763,-20.128183,75.312119,106.0,0,690.0
538008115,1716231826,-20.1271,75.315002,106.0,0,680.0
538008115,1716231907,-20.125549,75.318901,106.0,0,660.0
538008115,1716231924,-20.125183,75.319832,106.0,0,660.0
538008115,1716232017,-20.123301,75.324234,107.0,0,650.0
538008115,1716232147,-20.120701,75.330437,108.0,0,660.0
538008115,1716232275,-20.118134,75.336815,107.0,0,670.0
538008115,1716232407,-20.115833,75.343285,108.0,0,690.0
538008115,1716232469,-20.114799,75.346352,108.0,0,700.0
538008115,1716232615,-20.1122,75.353851,108.0,0,690.0
538008115,1716232654,-20.111532,75.355797,108.0,0,690.0
538008115,1716232676,-20.111183,75.35685,108.0,0,700.0
538008115,1716232728,-20.110317,75.359329,108.0,0,700.0
538008115,1716232875,-20.107733,75.366814,108.0,0,700.0
538008115,1716232984,-20.10585,75.372299,107.0,0,700.0
538008115,1716233057,-20.10465,75.375771,108.0,0,690.0
538008115,1716233274,-20.100933,75.38665,106.0,0,690.0
538008115,1716233303,-20.100451,75.3881,107.0,0,690.0
538008115,1716233511,-20.096968,75.39798,107.0,0,700.0
538008115,1716233580,-20.095751,75.401421,106.0,0,690.0
538008115,1716233621,-20.095083,75.403397,106.0,0,700.0
538008115,1716233829,-20.091551,75.413719,107.0,0,690.0
538008115,1716233880,-20.090683,75.416168,106.0,0,690.0
538008115,1716234010,-20.08835,75.4226,106.0,0,680.0
538008115,1716234034,-20.087816,75.424034,107.0,0,680.0
538008115,1716234116,-20.086317,75.427933,107.0,0,680.0
538008115,1716234167,-20.085367,75.430435,107.0,0,680.0
538008115,1716234265,-20.083549,75.435249,106.0,0,680.0
538008115,1716234456,-20.080084,75.444565,106.0,0,680.0
538008115,1716234544,-20.078466,75.448914,106.0,0,680.0
538008115,1716234556,-20.078266,75.449471,107.0,0,690.0
538008115,1716234662,-20.076317,75.454819,106.0,0,690.0
538008115,1716234684,-20.075968,75.45575,107.0,0,690.0
538008115,1716234810,-20.073767,75.46167,107.0,0,680.0
538008115,1716234877,-20.072433,75.465134,107.0,0,680.0
538008115,1716235052,-20.069151,75.473953,107.0,0,690.0
538008115,1716235130,-20.067917,75.477386,106.0,0,690.0
538008115,1716235282,-20.065233,75.485313,107.0,0,700.0
538008115,1716235828,-20.055483,75.511887,108.0,0,690.0
538008115,1716236035,-20.051718,75.522148,106.0,0,680.0
538008115,1716236123,-20.050068,75.526604,106.0,0,680.0
538008115,1716236284,-20.0471,75.534401,106.0,0,680.0
538008115,1716236365,-20.04565,75.538284,106.0,0,690.0
538008115,1716236405,-20.04495,75.54023,106.0,0,700.0
538008115,1716236535,-20.042717,75.546547,106.0,0,690.0
538008115,1716236555,-20.042368,75.547531,105.0,0,690.0
538008115,1716236672,-20.040268,75.553398,106.0,0,690.0
538008115,1716236734,-20.0392,75.556366,106.0,0,690.0
538008115,1716236876,-20.036734,75.563187,106.0,0,680.0
538008115,1716236992,-20.034616,75.569,106.0,0,680.0
538008115,1716237266,-20.030018,75.582283,105.0,0,700.0
538008115,1716237341,-20.02865,75.586151,105.0,0,690.0
538008115,1716237446,-20.026934,75.59108,104.0,0,690.0
538008115,1716237655,-20.0235,75.60125,104.0,0,700.0
538008115,1716237666,-20.023333,75.60173,104.0,0,700.0
538008115,1716237752,-20.021868,75.60598,104.0,0,700.0
538008115,1716237816,-20.0208,75.608902,104.0,0,690.0
538008115,1716238026,-20.017218,75.61898,104.0,0,690.0
538008115,1716238166,-20.014833,75.625816,105.0,0,690.0
538008115,1716238271,-20.013117,75.630615,104.0,0,680.0
538008115,1716238437,-20.010183,75.638947,105.0,0,680.0
538008115,1716238598,-20.007267,75.646652,106.0,0,680.0
538008115,1716238718,-20.005051,75.652519,106.0,0,680.0
538008115,1716238929,-20.001167,75.662621,105.0,0,680.0
538008115,1716239017,-19.999483,75.666985,105.0,0,680.0
538008115,1716239270,-19.994967,75.678947,105.0,0,680.0
538008115,1716239363,-19.993168,75.683746,104.0,0,680.0
538008115,1716239506,-19.990816,75.690483,103.0,0,690.0
538008115,1716239775,-19.986183,75.703346,104.0,0,680.0
538008115,1716239892,-19.9841,75.709099,104.0,0,690.0
538008115,1716239927,-19.983534,75.710617,104.0,0,690.0
538008115,1716239947,-19.983217,75.711533,104.0,0,690.0
538008115,1716240115,-19.980217,75.719681,104.0,0,680.0
538008115,1716240368,-19.975782,75.731697,104.0,0,680.0
538008115,1716241005,-19.964149,75.762268,105.0,0,670.0
538008115,1716241066,-19.963051,75.765152,104.0,0,670.0
538008115,1716241287,-19.959084,75.775764,104.0,0,680.0
538008115,1716241447,-19.956284,75.783447,104.0,0,680.0
538008115,1716241542,-19.954533,75.788269,104.0,0,680.0
538008115,1716241555,-19.954399,75.788696,104.0,0,680.0
538008115,1716242019,-19.946367,75.810852,104.0,0,680.0
538008115,1716242092,-19.944967,75.814598,103.0,0,670.0
538008115,1716242104,-19.944767,75.815132,104.0,0,680.0
538008115,1716242174,-19.943533,75.818497,103.0,0,680.0
538008115,1716242293,-19.941532,75.82428,105.0,0,690.0
538008115,1716242498,-19.93815,75.834114,105.0,0,680.0
538008115,1716242566,-19.936934,75.837486,105.0,0,690.0
538008115,1716242704,-19.934549,75.84433,104.0,0,690.0
538008115,1716243117,-19.927782,75.864197,105.0,0,690.0
538008115,1716243134,-19.92745,75.865181,104.0,0,700.0
538008115,1716243224,-19.925882,75.869568,103.0,0,690.0
538008115,1716243336,-19.924049,75.874718,104.0,0,690.0
538008115,1716243703,-19.917633,75.892799,105.0,0,680.0
538008115,1716243777,-19.916416,75.896103,105.0,0,680.0
538008115,1716243823,-19.915501,75.898651,105.0,0,690.0
538008115,1716243833,-19.915333,75.899086,105.0,0,690.0
538008115,1716244083,-19.911484,75.910896,105.0,0,720.0
538008115,1716244255,-19.908649,75.919701,105.0,0,710.0
538008115,1716244695,-19.901667,75.941017,104.0,0,700.0
538008115,1716245125,-19.894016,75.961517,103.0,0,680.0
538008115,1716245137,-19.893833,75.961983,103.0,0,670.0
538008115,1716245257,-19.891632,75.967636,103.0,0,670.0
538008115,1716245426,-19.888533,75.975647,103.0,0,670.0
538008115,1716245563,-19.885918,75.982231,103.0,0,670.0
538008115,1716245677,-19.883867,75.98732,103.0,0,670.0
538008115,1716245683,-19.88365,75.987831,103.0,0,660.0
538008115,1716245956,-19.87855,76.000481,103.0,0,660.0
538008115,1716246207,-19.873734,76.012131,102.0,0,670.0
538008115,1716246220,-19.873583,76.01255,103.0,0,670.0
538008115,1716246316,-19.871634,76.017319,103.0,0,670.0
538008115,1716246332,-19.871283,76.01815,103.0,0,660.0
538008115,1716246439,-19.869284,76.022949,102.0,0,660.0
538008115,1716246722,-19.86385,76.036415,102.0,0,660.0
538008115,1716246792,-19.862734,76.039131,102.0,0,660.0
538008115,1716247303,-19.853216,76.063583,102.0,0,690.0
538008115,1716247403,-19.851601,76.068283,101.0,0,690.0
538008115,1716247423,-19.851267,76.069252,101.0,0,690.0
538008115,1716247549,-19.849283,76.074966,101.0,0,690.0
538008115,1716247623,-19.84795,76.078735,101.0,0,700.0
538008115,1716247863,-19.843918,76.089935,101.0,0,690.0
538008115,1716248023,-19.84115,76.097321,100.0,0,680.0
538008115,1716248162,-19.8388,76.103798,101.0,0,690.0
538008115,1716248403,-19.834883,76.115082,100.0,0,700.0
538008115,1716248497,-19.833418,76.119301,100.0,0,700.0
538008115,1716248913,-19.827183,76.139214,102.0,0,720.0
538008115,1716248975,-19.8263,76.142166,102.0,0,720.0
538008115,1716249224,-19.822767,76.154068,103.0,0,730.0
538008115,1716249315,-19.821417,76.158516,103.0,0,720.0
538008115,1716249412,-19.81995,76.163383,104.0,0,720.0
538008115,1716249575,-19.81765,76.171219,104.0,0,720.0
538008115,1716249735,-19.815384,76.179115,105.0,0,720.0
538008115,1716249926,-19.812366,76.188454,104.0,0,670.0
538008115,1716249934,-19.812201,76.188881,103.0,0,660.0
538008115,1716250083,-19.809233,76.195969,105.0,0,660.0
538008115,1716250114,-19.808666,76.197334,104.0,0,660.0
538008115,1716250238,-19.806351,76.203148,105.0,0,670.0
538008115,1716250373,-19.803583,76.209801,105.0,0,660.0
538008115,1716250513,-19.800817,76.216469,106.0,0,650.0
538008115,1716250625,-19.798599,76.221748,106.0,0,650.0
538008115,1716250658,-19.797968,76.223167,105.0,0,650.0
538008115,1716250687,-19.797367,76.224602,106.0,0,650.0
538008115,1716250837,-19.794317,76.231682,105.0,0,650.0
538008115,1716250903,-19.7929,76.234985,106.0,0,650.0
538008115,1716251009,-19.790833,76.239685,106.0,0,650.0
538008115,1716251246,-19.785917,76.251083,103.0,0,670.0
538008115,1716251375,-19.783701,76.257347,105.0,0,690.0
538008115,1716251486,-19.781799,76.262634,105.0,0,690.0
538008115,1716251571,-19.780399,76.266563,104.0,0,690.0
538008115,1716251686,-19.7784,76.272369,104.0,0,690.0
538008115,1716251708,-19.778049,76.273315,104.0,0,690.0
538008115,1716251863,-19.775299,76.281082,104.0,0,690.0
538008115,1716252043,-19.772266,76.289803,105.0,0,700.0
538008115,1716252073,-19.771799,76.291252,105.0,0,710.0
538008115,1716252218,-19.769518,76.298019,105.0,0,710.0
538008115,1716252430,-19.765984,76.30822,104.0,0,700.0
538008115,1716252632,-19.762583,76.318352,104.0,0,700.0
538008115,1716252785,-19.760117,76.325699,105.0,0,700.0
538008115,1716252926,-19.757767,76.33252,105.0,0,690.0
538008115,1716253143,-19.754032,76.34317,105.0,0,690.0
538008115,1716253374,-19.750067,76.354385,104.0,0,690.0
538008115,1716253555,-19.746983,76.363182,104.0,0,690.0
538008115,1716253722,-19.744049,76.371483,104.0,0,690.0
538008115,1716253984,-19.739582,76.384186,106.0,0,690.0
538008115,1716254014,-19.73925,76.385117,104.0,0,690.0
538008115,1716254164,-19.736549,76.392853,104.0,0,690.0
538008115,1716254283,-19.734533,76.398697,104.0,0,700.0
538008115,1716254739,-19.726883,76.420685,105.0,0,690.0
538008115,1716254814,-19.725468,76.424583,105.0,0,680.0
538008115,1716254984,-19.722349,76.432686,105.0,0,670.0
538008115,1716255279,-19.716967,76.446617,105.0,0,670.0
538008115,1716255354,-19.715418,76.4505,104.0,0,670.0
538008115,1716255607,-19.710882,76.462631,105.0,0,680.0
538008115,1716255739,-19.708599,76.468834,105.0,0,680.0
538008115,1716255888,-19.705868,76.476036,105.0,0,670.0
538008115,1716255990,-19.704384,76.47995,105.0,0,680.0
538008115,1716256008,-19.703667,76.481865,105.0,0,670.0
538008115,1716256144,-19.701166,76.488617,105.0,0,680.0
538008115,1716256365,-19.697233,76.499199,104.0,0,680.0
538008115,1716256438,-19.695932,76.502548,104.0,0,670.0
538008115,1716256839,-19.68865,76.521835,105.0,0,680.0
538008115,1716256945,-19.686666,76.527084,104.0,0,680.0
538008115,1716257084,-19.684099,76.533882,104.0,0,680.0
538008115,1716257165,-19.682751,76.53775,104.0,0,690.0
538008115,1716257373,-19.679268,76.547897,103.0,0,690.0
538008115,1716257495,-19.67725,76.553703,103.0,0,690.0
538008115,1716257538,-19.676617,76.55558,103.0,0,700.0
538008115,1716257573,-19.675934,76.557518,104.0,0,700.0
538008115,1716257596,-19.6756,76.558479,104.0,0,700.0
538008115,1716257725,-19.673283,76.56485,104.0,0,690.0
538008115,1716257965,-19.669132,76.576302,103.0,0,690.0
538008115,1716258215,-19.664867,76.588249,103.0,0,690.0
538008115,1716258392,-19.661917,76.596436,103.0,0,690.0
538008115,1716258552,-19.659082,76.60453,102.0,0,690.0
538008115,1716258579,-19.658751,76.605515,101.0,0,690.0
538008115,1716258618,-19.658083,76.607368,101.0,0,690.0
538008115,1716258732,-19.656067,76.613083,102.0,0,690.0
538008115,1716259056,-19.6507,76.628365,102.0,0,680.0
538008115,1716259568,-19.642099,76.65255,102.0,0,700.0
538008115,1716259689,-19.6402,76.658318,103.0,0,710.0
538008115,1716259697,-19.639999,76.658852,102.0,0,700.0
538008115,1716259824,-19.638,76.665047,104.0,0,700.0
538008115,1716259991,-19.635349,76.672852,103.0,0,700.0
538008115,1716260011,-19.63485,76.674202,103.0,0,690.0
538008115,1716260069,-19.634033,76.67662,103.0,0,690.0
538008115,1716260191,-19.63195,76.682953,104.0,0,710.0
538008115,1716260328,-19.629717,76.689217,104.0,0,680.0
538008115,1716260609,-19.624783,76.702637,104.0,0,680.0
538008115,1716260757,-19.622168,76.709732,103.0,0,690.0
538008115,1716260801,-19.621433,76.711731,104.0,0,690.0
538008115,1716260927,-19.619232,76.717834,103.0,0,680.0
538008115,1716261053,-19.616966,76.724014,103.0,0,690.0
538008115,1716261103,-19.6161,76.726402,104.0,0,690.0
538008115,1716261223,-19.614017,76.732117,104.0,0,680.0
538008115,1716261303,-19.612682,76.736015,104.0,0,700.0
538008115,1716261420,-19.610849,76.741249,104.0,0,690.0
538008115,1716261703,-19.605467,76.755035,104.0,0,670.0
538008115,1716261806,-19.603582,76.759834,104.0,0,670.0
538008115,1716261823,-19.603251,76.760735,104.0,0,670.0
538008115,1716261973,-19.600582,76.767952,104.0,0,690.0
538008115,1716262083,-19.598667,76.773117,103.0,0,680.0
538008115,1716262145,-19.597584,76.776016,103.0,0,670.0
538008115,1716262213,-19.596367,76.779251,104.0,0,680.0
538008115,1716262245,-19.5958,76.780769,103.0,0,680.0
538008115,1716262354,-19.593866,76.78595,104.0,0,680.0
538008115,1716262555,-19.59025,76.795448,104.0,0,680.0
538008115,1716262722,-19.5874,76.803185,103.0,0,690.0
538008115,1716262835,-19.58535,76.808884,104.0,0,680.0
538008115,1716263075,-19.58115,76.820251,102.0,0,690.0
538008115,1716263206,-19.578882,76.826401,103.0,0,680.0
538008115,1716263356,-19.576317,76.833504,103.0,0,690.0
538008115,1716263808,-19.568466,76.854836,102.0,0,680.0
538008115,1716263854,-19.5676,76.857216,102.0,0,690.0
538008115,1716264096,-19.563551,76.868614,102.0,0,680.0
538008115,1716264249,-19.561033,76.875748,103.0,0,690.0
538008115,1716264376,-19.558867,76.881882,103.0,0,690.0
538008115,1716264792,-19.551884,76.901932,103.0,0,690.0
538008115,1716264885,-19.550367,76.906219,102.0,0,690.0
538008115,1716264996,-19.5485,76.911499,103.0,0,690.0
538008115,1716265621,-19.53735,76.941284,103.0,0,690.0
538008115,1716265693,-19.53615,76.944664,103.0,0,690.0
538008115,1716265803,-19.534267,76.949837,102.0,0,690.0
538008115,1716265943,-19.531866,76.956551,102.0,0,690.0
538008115,1716266051,-19.529984,76.961716,103.0,0,690.0
538008115,1716266111,-19.528999,76.964584,102.0,0,690.0
538008115,1716266122,-19.528833,76.965065,103.0,0,700.0
538008115,1716266152,-19.528351,76.966499,102.0,0,700.0
538008115,1716266171,-19.528017,76.967468,102.0,0,690.0
538008115,1716266182,-19.527849,76.968002,103.0,0,700.0
538008115,1716266184,-19.527849,76.968002,103.0,0,700.0
538008115,1716266191,-19.527718,76.96843,102.0,0,700.0
538008115,1716266221,-19.527233,76.969864,102.0,0,700.0
538008115,1716266231,-19.527082,76.970352,102.0,0,700.0
538008115,1716266245,-19.526899,76.970863,102.0,0,700.0
538008115,1716266251,-19.526751,76.971298,103.0,0,690.0
538008115,1716266272,-19.526417,76.972298,102.0,0,700.0
538008115,1716266291,-19.526117,76.973213,103.0,0,700.0
538008115,1716266311,-19.525801,76.974113,102.0,0,700.0
538008115,1716266322,-19.525618,76.974648,103.0,0,700.0
538008115,1716266332,-19.525433,76.975166,102.0,0,690.0
538008115,1716266341,-19.525284,76.975647,103.0,0,700.0
538008115,1716266343,-19.525284,76.975647,103.0,0,700.0
538008115,1716266351,-19.525118,76.976082,102.0,0,700.0
538008115,1716266362,-19.52495,76.976616,103.0,0,700.0
538008115,1716266401,-19.5243,76.97847,103.0,0,700.0
538008115,1716266411,-19.524134,76.978951,103.0,0,700.0
538008115,1716266431,-19.523832,76.979866,103.0,0,700.0
538008115,1716266433,-19.523832,76.979866,103.0,0,700.0
538008115,1716266442,-19.523649,76.980385,103.0,0,700.0
538008115,1716266452,-19.523466,76.980919,103.0,0,700.0
538008115,1716266461,-19.523317,76.981354,103.0,0,700.0
538008115,1716266471,-19.523149,76.981834,103.0,0,700.0
538008115,1716266481,-19.523001,76.982315,102.0,0,700.0
538008115,1716266492,-19.522818,76.982849,103.0,0,700.0
538008115,1716266502,-19.52265,76.983315,104.0,0,690.0
538008115,1716266511,-19.522484,76.983803,103.0,0,700.0
538008115,1716266521,-19.52235,76.98423,103.0,0,690.0
538008115,1716266531,-19.522182,76.984718,103.0,0,690.0
538008115,1716266541,-19.521999,76.985199,103.0,0,690.0
538008115,1716266552,-19.521833,76.985718,103.0,0,700.0
538008115,1716266562,-19.52165,76.986198,104.0,0,690.0
538008115,1716266563,-19.52165,76.986198,104.0,0,690.0
538008115,1716266571,-19.521517,76.986633,103.0,0,700.0
538008115,1716266581,-19.521351,76.987099,104.0,0,690.0
538008115,1716266591,-19.5212,76.987534,103.0,0,700.0
538008115,1716266601,-19.521032,76.987999,103.0,0,690.0
538008115,1716266604,-19.521032,76.987999,103.0,0,690.0
538008115,1716266612,-19.520832,76.988586,104.0,0,690.0
538008115,1716266631,-19.5205,76.989548,103.0,0,690.0
538008115,1716266684,-19.51965,76.991936,103.0,0,690.0
538008115,1716267417,-19.507467,77.026703,103.0,0,700.0
538008115,1716267547,-19.505367,77.032898,103.0,0,700.0
538008115,1716267657,-19.503483,77.038116,104.0,0,680.0
538008115,1716267807,-19.5007,77.045151,104.0,0,670.0
538008115,1716268519,-19.487499,77.078781,104.0,0,670.0
538008115,1716268664,-19.484751,77.085953,104.0,0,680.0
538008115,1716268759,-19.483101,77.090248,105.0,0,680.0
538008115,1716269046,-19.478268,77.102699,104.0,0,680.0
538008115,1716269594,-19.467783,77.130569,105.0,0,680.0
538008115,1716269743,-19.465117,77.137764,105.0,0,680.0
538008115,1716269842,-19.463284,77.142586,105.0,0,680.0
538008115,1716270094,-19.458834,77.154701,104.0,0,700.0
538008115,1716270144,-19.458067,77.157097,104.0,0,710.0
538008115,1716270154,-19.457899,77.157631,105.0,0,710.0
538008115,1716270214,-19.456932,77.160568,104.0,0,700.0
538008115,1716270678,-19.448618,77.182587,104.0,0,660.0
538008115,1716270767,-19.446934,77.186867,104.0,0,670.0
538008115,1716270805,-19.446199,77.18882,104.0,0,670.0
538008115,1716270835,-19.445667,77.190201,104.0,0,680.0
538008115,1716270915,-19.444218,77.194016,103.0,0,680.0
538008115,1716271225,-19.438633,77.208786,104.0,0,680.0
538008115,1716271295,-19.437349,77.212181,104.0,0,680.0
538008115,1716271324,-19.436832,77.21357,104.0,0,680.0
538008115,1716271514,-19.433434,77.222771,105.0,0,690.0
538008115,1716271570,-19.432568,77.225197,104.0,0,690.0
538008115,1716271775,-19.4289,77.235382,105.0,0,690.0
538008115,1716271946,-19.425867,77.243614,105.0,0,680.0
538008115,1716271971,-19.425318,77.245132,105.0,0,680.0
538008115,1716272213,-19.421017,77.256683,105.0,0,690.0
538008115,1716272377,-19.418133,77.26445,104.0,0,680.0
538008115,1716272393,-19.417784,77.265419,104.0,0,690.0
538008115,1716272414,-19.417418,77.266434,105.0,0,690.0
538008115,1716272563,-19.414717,77.273651,104.0,0,680.0
538008115,1716272776,-19.410982,77.283798,105.0,0,680.0
538008115,1716272807,-19.410418,77.285233,105.0,0,680.0
538008115,1716273026,-19.406401,77.295952,104.0,0,680.0
538008115,1716273176,-19.40365,77.303185,104.0,0,680.0
538008115,1716273277,-19.40185,77.307983,104.0,0,680.0
538008115,1716273479,-19.398251,77.317596,104.0,0,690.0
538008115,1716273526,-19.397367,77.32,103.0,0,690.0
538008115,1716273677,-19.394716,77.327187,104.0,0,680.0
538008115,1716273688,-19.394533,77.327652,103.0,0,670.0
538008115,1716273697,-19.394367,77.328148,104.0,0,680.0
538008115,1716273895,-19.390699,77.337715,103.0,0,670.0
538008115,1716273976,-19.389299,77.341484,103.0,0,680.0
538008115,1716274094,-19.387133,77.347252,103.0,0,680.0
538008115,1716274436,-19.381166,77.363419,104.0,0,680.0
538008115,1716274496,-19.380051,77.366333,104.0,0,680.0
538008115,1716274596,-19.378233,77.371185,104.0,0,680.0
538008115,1716274925,-19.372267,77.387001,104.0,0,680.0
538008115,1716274985,-19.371149,77.389931,104.0,0,680.0
538008115,1716275105,-19.368982,77.395699,104.0,0,680.0
538008115,1716275265,-19.3661,77.403381,104.0,0,680.0
538008115,1716275365,-19.3643,77.40815,105.0,0,680.0
538008115,1716275413,-19.363382,77.410583,105.0,0,680.0
538008115,1716275602,-19.360367,77.419403,105.0,0,720.0
538008115,1716275841,-19.35675,77.431252,105.0,0,720.0
538008115,1716275873,-19.35615,77.43322,105.0,0,720.0
538008115,1716275966,-19.354834,77.43763,104.0,0,720.0
538008115,1716276203,-19.351267,77.449547,106.0,0,730.0
538008115,1716276403,-19.348351,77.459518,106.0,0,720.0
538008115,1716276506,-19.346701,77.464485,106.0,0,690.0
538008115,1716276619,-19.344801,77.469887,106.0,0,690.0
538008115,1716276748,-19.34255,77.476303,106.0,0,690.0
538008115,1716276879,-19.340317,77.482765,106.0,0,700.0
538008115,1716277059,-19.33725,77.491615,106.0,0,700.0
538008115,1716277161,-19.335484,77.496635,106.0,0,690.0
538008115,1716277303,-19.332933,77.504021,106.0,0,700.0
538008115,1716277453,-19.330334,77.511452,106.0,0,690.0
538008115,1716277551,-19.328783,77.515968,106.0,0,700.0
538008115,1716277559,-19.328632,77.516479,106.0,0,710.0
538008115,1716277682,-19.326584,77.522453,106.0,0,700.0
538008115,1716277862,-19.323334,77.5317,107.0,0,700.0
538008115,1716278059,-19.320066,77.541168,107.0,0,690.0
538008115,1716278092,-19.319366,77.543098,107.0,0,690.0
538008115,1716278165,-19.31815,77.546585,107.0,0,690.0
538008115,1716278277,-19.316233,77.552002,107.0,0,690.0
538008115,1716278295,-19.315849,77.553032,106.0,0,680.0
538008115,1716278397,-19.3141,77.5578,106.0,0,680.0
538008115,1716278497,-19.3123,77.562698,105.0,0,680.0
538008115,1716278594,-19.310499,77.567551,106.0,0,680.0
538008115,1716278684,-19.308933,77.57193,106.0,0,680.0
538008115,1716278745,-19.307867,77.574852,105.0,0,680.0
538008115,1716278809,-19.30685,77.577667,106.0,0,680.0
538008115,1716279085,-19.3018,77.591286,104.0,0,680.0
538008115,1716279102,-19.301468,77.592148,104.0,0,680.0
538008115,1716279219,-19.29945,77.597549,104.0,0,670.0
538008115,1716279407,-19.296217,77.606682,105.0,0,690.0
538008115,1716279474,-19.294983,77.610046,105.0,0,690.0
538008115,1716279693,-19.29105,77.620651,105.0,0,680.0
538008115,1716279766,-19.289783,77.624001,104.0,0,680.0
538008115,1716279910,-19.287233,77.630768,104.0,0,670.0
538008115,1716279933,-19.286751,77.632118,104.0,0,680.0
538008115,1716279969,-19.28615,77.633698,104.0,0,680.0
538008115,1716280154,-19.282766,77.642784,104.0,0,680.0
538008115,1716280355,-19.279167,77.652382,104.0,0,680.0
538008115,1716280476,-19.276951,77.658203,104.0,0,680.0
538008115,1716280613,-19.274433,77.664886,104.0,0,680.0
538008115,1716281233,-19.26325,77.694733,104.0,0,680.0
538008115,1716281257,-19.262899,77.695702,104.0,0,680.0
538008115,1716281352,-19.261084,77.700516,105.0,0,680.0
538008115,1716281397,-19.260349,77.7024,104.0,0,680.0
538008115,1716281497,-19.258484,77.707283,105.0,0,680.0
538008115,1716281617,-19.256317,77.713066,104.0,0,680.0
538008115,1716281655,-19.2556,77.714996,105.0,0,680.0
538008115,1716281807,-19.252934,77.722321,105.0,0,690.0
538008115,1716282116,-19.247467,77.737419,104.0,0,680.0
538008115,1716282197,-19.246017,77.741364,105.0,0,680.0
538008115,1716282295,-19.244316,77.746185,104.0,0,700.0
538008115,1716282385,-19.242783,77.750534,105.0,0,690.0
538008115,1716282545,-19.239918,77.758301,105.0,0,680.0
538008115,1716282655,-19.237917,77.763649,104.0,0,680.0
538008115,1716282744,-19.236366,77.767937,105.0,0,690.0
538008115,1716282890,-19.233816,77.774681,104.0,0,680.0
538008115,1716282943,-19.23275,77.77755,105.0,0,680.0
538008115,1716283053,-19.230734,77.782913,105.0,0,680.0
538008115,1716283239,-19.227467,77.791618,105.0,0,680.0
538008115,1716283452,-19.22365,77.80188,105.0,0,680.0
538008115,1716283562,-19.221767,77.807182,105.0,0,690.0
538008115,1716283611,-19.220882,77.809731,105.0,0,690.0
538008115,1716283746,-19.218483,77.816582,105.0,0,700.0
538008115,1716283861,-19.216633,77.821869,104.0,0,690.0
538008115,1716284027,-19.213717,77.830284,105.0,0,700.0
538008115,1716284985,-19.197332,77.877434,105.0,0,690.0
538008115,1716285213,-19.193451,77.888664,106.0,0,700.0
538008115,1716285415,-19.190018,77.898483,106.0,0,690.0
538008115,1716285677,-19.185499,77.911346,105.0,0,690.0
538008115,1716285917,-19.18125,77.923019,106.0,0,680.0
538008115,1716285933,-19.180901,77.92395,105.0,0,680.0
538008115,1716286023,-19.179317,77.928383,105.0,0,690.0
538008115,1716286206,-19.176167,77.937103,104.0,0,680.0
538008115,1716286217,-19.175983,77.937584,104.0,0,690.0
538008115,1716286255,-19.175367,77.939415,105.0,0,690.0
538008115,1716286563,-19.169983,77.9543,104.0,0,680.0
538008115,1716286644,-19.16855,77.958199,103.0,0,690.0
538008115,1716287266,-19.157833,77.987617,102.0,0,690.0
538008115,1716287322,-19.15695,77.990021,102.0,0,680.0
538008115,1716287458,-19.154484,77.996597,103.0,0,670.0
538008115,1716287555,-19.152683,78.001282,102.0,0,670.0
538008115,1716287659,-19.150867,78.005997,101.0,0,670.0
538008115,1716287777,-19.148849,78.01152,102.0,0,690.0
538008115,1716287945,-19.145884,78.019531,103.0,0,680.0
538008115,1716288185,-19.141518,78.030746,102.0,0,670.0
538008115,1716288312,-19.139168,78.036751,102.0,0,670.0
538008115,1716288404,-19.13825,78.039116,102.0,0,670.0
538008115,1716288461,-19.13665,78.043282,102.0,0,670.0
538008115,1716288764,-19.1311,78.057831,101.0,0,670.0
538008115,1716288903,-19.128584,78.064301,101.0,0,680.0
538008115,1716289048,-19.126133,78.070847,101.0,0,680.0
538008115,1716289353,-19.120716,78.085403,103.0,0,690.0
538008115,1716289533,-19.117451,78.09388,102.0,0,670.0
538008115,1716289698,-19.114599,78.101463,103.0,0,680.0
538008115,1716289874,-19.111601,78.109535,102.0,0,690.0
538008115,1716289913,-19.110884,78.111465,101.0,0,680.0
538008115,1716290024,-19.108816,78.11705,103.0,0,680.0
538008115,1716290134,-19.106882,78.122215,102.0,0,680.0
538008115,1716290309,-19.103916,78.13015,102.0,0,680.0
538008115,1716290452,-19.101368,78.13723,103.0,0,690.0
538008115,1716290707,-19.096951,78.149002,102.0,0,680.0
538008115,1716290766,-19.095917,78.151764,101.0,0,680.0
538008115,1716291077,-19.090483,78.166382,102.0,0,680.0
538008115,1716291124,-19.08955,78.168831,102.0,0,670.0
538008115,1716291229,-19.087749,78.173485,102.0,0,680.0
538008115,1716291360,-19.0854,78.17955,102.0,0,680.0
538008115,1716291478,-19.08325,78.18528,102.0,0,680.0
538008115,1716291548,-19.082018,78.188553,103.0,0,670.0
538008115,1716291705,-19.079166,78.196114,102.0,0,700.0
538008115,1716291796,-19.077732,78.200386,103.0,0,700.0
538008115,1716291927,-19.075533,78.206718,103.0,0,700.0
538008115,1716292205,-19.07085,78.220215,103.0,0,700.0
538008115,1716292325,-19.068867,78.225967,103.0,0,690.0
538008115,1716292406,-19.0676,78.229713,103.0,0,700.0
538008115,1716292524,-19.065666,78.23555,104.0,0,700.0
538008115,1716292644,-19.063683,78.241364,103.0,0,700.0
538008115,1716292744,-19.062082,78.24617,103.0,0,700.0
538008115,1716292854,-19.060301,78.251465,103.0,0,700.0
538008115,1716292977,-19.058332,78.257271,104.0,0,690.0
538008115,1716293134,-19.055634,78.264969,104.0,0,680.0
538008115,1716293194,-19.054518,78.26783,104.0,0,670.0
538008115,1716293304,-19.052467,78.273087,105.0,0,670.0
538008115,1716293444,-19.049868,78.279831,105.0,0,680.0
538008115,1716293454,-19.049683,78.280319,105.0,0,680.0
538008115,1716293545,-19.04805,78.284782,105.0,0,690.0
538008115,1716293620,-19.046949,78.2882,106.0,0,700.0
538008115,1716293876,-19.042334,78.300735,104.0,0,670.0
538008115,1716293998,-19.040182,78.306435,104.0,0,680.0
538008115,1716294068,-19.038967,78.309715,103.0,0,680.0
538008115,1716294196,-19.036699,78.315948,103.0,0,690.0
538008115,1716294666,-19.029016,78.33828,103.0,0,700.0
538008115,1716294868,-19.025734,78.347847,104.0,0,700.0
538008115,1716295234,-19.019567,78.365669,105.0,0,700.0
538008115,1716295394,-19.016768,78.373352,105.0,0,670.0
538008115,1716295637,-19.012283,78.384865,105.0,0,670.0
538008115,1716295960,-19.006399,78.40033,105.0,0,680.0
538008115,1716296115,-19.0035,78.408051,106.0,0,680.0
538008115,1716296186,-19.002283,78.411331,106.0,0,680.0
538008115,1716296277,-19.000683,78.415718,106.0,0,680.0
538008115,1716296345,-18.999416,78.419151,106.0,0,690.0
538008115,1716296456,-18.99745,78.424431,107.0,0,680.0
538008115,1716296706,-18.99275,78.436485,106.0,0,670.0
538008115,1716297254,-18.982082,78.463066,108.0,0,670.0
538008115,1716297374,-18.97975,78.468834,107.0,0,670.0
538008115,1716297474,-18.978018,78.473785,106.0,0,700.0
538008115,1716297534,-18.977034,78.476768,107.0,0,700.0
538008115,1716297762,-18.973351,78.487617,107.0,0,700.0
538008115,1716297822,-18.972183,78.490997,107.0,0,690.0
538008115,1716297889,-18.971132,78.493935,107.0,0,690.0
538008115,1716298037,-18.968533,78.501282,106.0,0,690.0
538008115,1716298142,-18.9667,78.506569,104.0,0,690.0
538008115,1716298209,-18.965683,78.509499,106.0,0,700.0
538008115,1716298476,-18.9613,78.522667,106.0,0,700.0
538008115,1716298539,-18.960318,78.52562,105.0,0,700.0
538008115,1716298635,-18.958767,78.530403,105.0,0,700.0
538008115,1716298977,-18.953266,78.546982,105.0,0,700.0
538008115,1716299114,-18.951033,78.553818,105.0,0,700.0
538008115,1716299236,-18.948799,78.559586,105.0,0,670.0
538008115,1716299645,-18.940901,78.579018,106.0,0,660.0
538008115,1716299697,-18.939917,78.581436,105.0,0,660.0
538008115,1716299813,-18.937584,78.58712,106.0,0,670.0
538008115,1716300043,-18.9331,78.598129,106.0,0,660.0
538008115,1716300102,-18.93215,78.600533,106.0,0,670.0
538008115,1716300353,-18.927151,78.61293,105.0,0,670.0
538008115,1716300481,-18.924883,78.618629,106.0,0,670.0
538008115,1716300488,-18.924667,78.619202,105.0,0,660.0
538008115,1716300591,-18.922701,78.624435,106.0,0,690.0
538008115,1716300649,-18.92185,78.626915,105.0,0,700.0
538008115,1716300833,-18.918751,78.636131,105.0,0,700.0
538008115,1716301066,-18.914917,78.647118,105.0,0,690.0
538008115,1716301157,-18.913334,78.651581,105.0,0,700.0
538008115,1716301357,-18.910017,78.661186,105.0,0,700.0
538008115,1716301475,-18.908033,78.666985,105.0,0,700.0
538008115,1716301487,-18.907883,78.667366,104.0,0,690.0
538008115,1716301654,-18.905001,78.675652,105.0,0,690.0
538008115,1716301679,-18.904667,78.676636,106.0,0,690.0
538008115,1716301797,-18.902567,78.682503,105.0,0,690.0
538008115,1716301965,-18.89975,78.690636,105.0,0,700.0
538008115,1716302099,-18.897499,78.697067,106.0,0,690.0
538008115,1716302160,-18.8965,78.699982,106.0,0,700.0
538008115,1716302365,-18.892967,78.71022,105.0,0,690.0
538008115,1716302472,-18.891033,78.715515,105.0,0,690.0
538008115,1716302750,-18.886383,78.728516,105.0,0,690.0
538008115,1716302827,-18.885,78.732384,105.0,0,690.0
538008115,1716303049,-18.881216,78.743065,106.0,0,690.0
538008115,1716303167,-18.879133,78.748886,105.0,0,690.0
538008115,1716303327,-18.8764,78.756699,105.0,0,690.0
538008115,1716303379,-18.875532,78.759117,106.0,0,690.0
538008115,1716303412,-18.874884,78.761002,106.0,0,690.0
538008115,1716303582,-18.871849,78.769279,105.0,0,690.0
538008115,1716303998,-18.864883,78.789101,105.0,0,700.0
538008115,1716304244,-18.860617,78.801064,105.0,0,690.0
538008115,1716304305,-18.8596,78.80397,105.0,0,690.0
538008115,1716304386,-18.858232,78.807747,105.0,0,690.0
538008115,1716304615,-18.854183,78.818916,106.0,0,690.0
538008115,1716305045,-18.846666,78.839767,106.0,0,690.0
538008115,1716305648,-18.83605,78.868965,106.0,0,690.0
538008115,1716305770,-18.833982,78.874702,105.0,0,690.0
538008115,1716305898,-18.831717,78.88102,105.0,0,690.0
538008115,1716305976,-18.830334,78.88488,106.0,0,690.0
538008115,1716306110,-18.828083,78.891136,104.0,0,680.0
538008115,1716306207,-18.826283,78.895866,104.0,0,680.0
538008115,1716306382,-18.823067,78.904419,104.0,0,680.0
538008115,1716306567,-18.819817,78.912964,104.0,0,670.0
538008115,1716306631,-18.818733,78.915787,105.0,0,670.0
538008115,1716306804,-18.815483,78.924271,104.0,0,670.0
538008115,1716306894,-18.813833,78.928535,105.0,0,670.0
538008115,1716306994,-18.812,78.933319,105.0,0,680.0
538008115,1716307144,-18.809267,78.940468,104.0,0,680.0
538008115,1716307274,-18.807167,78.945999,104.0,0,680.0
538008115,1716307472,-18.803267,78.955948,104.0,0,660.0
538008115,1716307522,-18.802366,78.958282,105.0,0,670.0
538008115,1716307592,-18.801018,78.961647,104.0,0,670.0
538008115,1716307621,-18.800467,78.96302,103.0,0,670.0
538008115,1716307631,-18.800283,78.963501,104.0,0,670.0
538008115,1716307637,-18.800283,78.963501,104.0,0,670.0
538008115,1716307642,-18.800068,78.96402,105.0,0,670.0
538008115,1716307652,-18.7999,78.9645,104.0,0,680.0
538008115,1716307661,-18.799732,78.96492,103.0,0,670.0
538008115,1716307691,-18.799232,78.966286,104.0,0,680.0
538008115,1716307712,-18.798883,78.96727,104.0,0,690.0
538008115,1716307731,-18.79855,78.968231,103.0,0,690.0
538008115,1716307762,-18.798033,78.969734,103.0,0,700.0
538008115,1716307772,-18.797867,78.970215,104.0,0,700.0
538008115,1716307811,-18.797251,78.972099,105.0,0,700.0
538008115,1716307822,-18.797083,78.97258,104.0,0,700.0
538008115,1716307832,-18.796917,78.973114,105.0,0,710.0
538008115,1716307841,-18.796766,78.973534,104.0,0,700.0
538008115,1716307921,-18.795467,78.977386,104.0,0,700.0
538008115,1716307929,-18.795467,78.977386,104.0,0,700.0
538008115,1716307935,-18.7953,78.977867,104.0,0,700.0
538008115,1716308021,-18.793818,78.98217,104.0,0,690.0
538008115,1716308115,-18.792316,78.98642,104.0,0,690.0
538008115,1716308247,-18.79015,78.992615,104.0,0,690.0
538008115,1716308259,-18.790001,78.993103,104.0,0,700.0
538008115,1716308497,-18.7859,79.004532,103.0,0,690.0
538008115,1716308635,-18.783583,79.011086,102.0,0,680.0
538008115,1716308797,-18.7808,79.018616,102.0,0,680.0
538008115,1716309017,-18.7771,79.029083,103.0,0,700.0
538008115,1716309223,-18.773718,79.038963,103.0,0,690.0
538008115,1716309325,-18.772051,79.04377,104.0,0,690.0
538008115,1716309425,-18.77035,79.048584,103.0,0,700.0
538008115,1716310061,-18.759968,79.0784,103.0,0,680.0
538008115,1716310196,-18.757618,79.085052,103.0,0,690.0
538008115,1716310239,-18.75695,79.086868,103.0,0,690.0
538008115,1716310772,-18.747383,79.112129,103.0,0,680.0
538008115,1716310789,-18.747183,79.112648,103.0,0,680.0
538008115,1716311245,-18.739082,79.134087,103.0,0,680.0
538008115,1716311305,-18.738016,79.136818,103.0,0,680.0
538008115,1716311616,-18.732483,79.151085,102.0,0,680.0
538008115,1716311763,-18.729816,79.157997,102.0,0,670.0
538008115,1716311935,-18.726717,79.165901,102.0,0,670.0
538008115,1716311954,-18.726368,79.166763,102.0,0,660.0
538008115,1716312091,-18.723967,79.172798,101.0,0,670.0
538008115,1716312239,-18.721167,79.179749,101.0,0,660.0
538008115,1716312371,-18.718782,79.185631,101.0,0,660.0
538008115,1716312448,-18.717318,79.189301,101.0,0,670.0
538008115,1716312612,-18.714333,79.196632,100.0,0,660.0
538008115,1716312696,-18.7127,79.200699,100.0,0,670.0
538008115,1716312722,-18.712116,79.20208,100.0,0,660.0
538008115,1716312877,-18.709368,79.208946,100.0,0,670.0
538008115,1716312942,-18.708082,79.212082,100.0,0,660.0
538008115,1716312972,-18.707518,79.213448,100.0,0,660.0
538008115,1716313121,-18.704782,79.220284,100.0,0,670.0
538008115,1716313132,-18.704567,79.220779,100.0,0,670.0
538008115,1716313142,-18.704384,79.22123,100.0,0,660.0
538008115,1716313152,-18.704201,79.22168,100.0,0,660.0
538008115,1716313161,-18.704033,79.222084,100.0,0,660.0
538008115,1716313172,-18.703833,79.22258,101.0,0,670.0
538008115,1716313191,-18.703466,79.223503,101.0,0,670.0
538008115,1716313192,-18.703466,79.223503,101.0,0,670.0
538008115,1716313201,-18.703266,79.223953,100.0,0,660.0
538008115,1716313202,-18.703266,79.223953,100.0,0,660.0
538008115,1716313207,-18.703266,79.223953,100.0,0,660.0
538008115,1716313212,-18.703083,79.224449,100.0,0,670.0
538008115,1716313221,-18.702917,79.224815,100.0,0,670.0
538008115,1716313241,-18.702583,79.225731,100.0,0,680.0
538008115,1716313251,-18.7024,79.22625,100.0,0,670.0
538008115,1716313252,-18.7024,79.22625,100.0,0,670.0
538008115,1716313261,-18.702217,79.226715,100.0,0,680.0
538008115,1716313281,-18.7019,79.2276,101.0,0,690.0
538008115,1716313301,-18.701584,79.228516,101.0,0,700.0
538008115,1716313312,-18.701401,79.229019,99.0,0,690.0
538008115,1716313332,-18.701067,79.22998,99.0,0,690.0
538008115,1716313341,-18.700916,79.230415,100.0,0,690.0
538008115,1716313361,-18.7006,79.231316,100.0,0,700.0
538008115,1716313371,-18.700434,79.231781,99.0,0,690.0
538008115,1716313392,-18.7001,79.232697,99.0,0,690.0
538008115,1716313401,-18.699984,79.233116,100.0,0,700.0
538008115,1716313411,-18.699783,79.233635,99.0,0,690.0
538008115,1716313551,-18.697483,79.24012,100.0,0,690.0
538008115,1716313794,-18.693817,79.251282,100.0,0,720.0
538008115,1716313819,-18.69355,79.25222,100.0,0,720.0
538008115,1716313898,-18.69245,79.255898,100.0,0,720.0
538008115,1716314034,-18.690416,79.262634,101.0,0,720.0
538008115,1716314083,-18.689734,79.264969,100.0,0,730.0
538008115,1716314383,-18.68545,79.279114,101.0,0,690.0
538008115,1716314604,-18.681732,79.289452,101.0,0,700.0
538008115,1716314736,-18.679632,79.295448,101.0,0,700.0
538008115,1716314874,-18.677334,79.302017,101.0,0,690.0
538008115,1716315054,-18.674334,79.310417,102.0,0,690.0
538008115,1716315114,-18.673367,79.313148,101.0,0,690.0
538008115,1716315126,-18.673233,79.313553,101.0,0,690.0
538008115,1716315631,-18.664749,79.337318,101.0,0,700.0
538008115,1716315727,-18.6632,79.341415,100.0,0,680.0
538008115,1716315788,-18.662149,79.3442,100.0,0,680.0
538008115,1716315870,-18.660749,79.347885,100.0,0,680.0
538008115,1716315906,-18.660101,79.349686,100.0,0,680.0
538008115,1716315929,-18.659733,79.350647,100.0,0,670.0
538008115,1716316105,-18.6567,79.358971,100.0,0,680.0
538008115,1716316191,-18.65535,79.362617,100.0,0,680.0
538008115,1716316199,-18.655199,79.363052,100.0,0,690.0
538008115,1716316269,-18.653999,79.366333,99.0,0,690.0
538008115,1716316343,-18.652651,79.369904,100.0,0,680.0
538008115,1716316403,-18.651632,79.372681,100.0,0,680.0
538008115,1716316693,-18.646749,79.386002,100.0,0,680.0
538008115,1716316803,-18.644867,79.391052,100.0,0,680.0
538008115,1716316838,-18.644333,79.392464,100.0,0,680.0
538008115,1716316885,-18.643499,79.394699,100.0,0,680.0
538008115,1716316895,-18.643316,79.395203,99.0,0,690.0
538008115,1716317007,-18.641518,79.40023,100.0,0,690.0
538008115,1716317015,-18.64135,79.400734,101.0,0,690.0
538008115,1716317067,-18.640516,79.402969,100.0,0,690.0
538008115,1716317135,-18.639282,79.406197,100.0,0,670.0
538008115,1716317187,-18.638451,79.408432,100.0,0,680.0
538008115,1716317265,-18.637051,79.412086,100.0,0,680.0
538008115,1716317375,-18.635183,79.417084,101.0,0,690.0
538008115,1716317445,-18.634033,79.420364,101.0,0,700.0
538008115,1716317494,-18.6332,79.42263,101.0,0,690.0
538008115,1716317615,-18.631216,79.428268,100.0,0,690.0
538008115,1716317625,-18.631083,79.428635,100.0,0,690.0
538008115,1716317819,-18.627916,79.43737,101.0,0,690.0
538008115,1716317906,-18.626383,79.441521,100.0,0,680.0
538008115,1716317977,-18.62525,79.444733,100.0,0,690.0
538008115,1716318025,-18.624416,79.447037,100.0,0,690.0
538008115,1716318137,-18.622618,79.452019,100.0,0,690.0
538008115,1716318225,-18.621149,79.456146,100.0,0,690.0
538008115,1716318248,-18.6208,79.457069,101.0,0,690.0
538008115,1716318381,-18.618467,79.463486,100.0,0,690.0
538008115,1716318483,-18.6168,79.468117,100.0,0,690.0
538008115,1716318518,-18.616283,79.469551,100.0,0,680.0
538008115,1716318665,-18.6138,79.476364,100.0,0,690.0
538008115,1716318698,-18.613268,79.477783,101.0,0,690.0
538008115,1716318705,-18.613117,79.478249,100.0,0,690.0
538008115,1716318786,-18.611799,79.481934,101.0,0,680.0
538008115,1716319296,-18.602882,79.505264,101.0,0,680.0
538008115,1716319395,-18.601133,79.509781,101.0,0,670.0
538008115,1716319426,-18.600599,79.511147,100.0,0,670.0
538008115,1716319615,-18.5972,79.519867,100.0,0,670.0
538008115,1716319636,-18.596867,79.520752,100.0,0,680.0
538008115,1716319775,-18.594517,79.527252,101.0,0,690.0
538008115,1716319837,-18.593567,79.530029,101.0,0,700.0
538008115,1716319890,-18.592751,79.532387,101.0,0,700.0
538008115,1716320069,-18.5898,79.540833,103.0,0,690.0
538008115,1716320139,-18.588633,79.544151,103.0,0,690.0
538008115,1716320193,-18.587584,79.546967,102.0,0,680.0
538008115,1716320303,-18.585632,79.552147,101.0,0,680.0
538008115,1716320442,-18.583384,79.55822,102.0,0,690.0
538008115,1716320503,-18.582216,79.561432,102.0,0,690.0
538008115,1716320623,-18.5802,79.567017,101.0,0,690.0
538008115,1716320753,-18.57795,79.573082,101.0,0,690.0
538008115,1716320793,-18.577284,79.574898,102.0,0,690.0
538008115,1716320923,-18.575018,79.580948,101.0,0,690.0
538008115,1716321093,-18.572083,79.588882,101.0,0,690.0
538008115,1716321356,-18.567699,79.600853,101.0,0,690.0
538008115,1716321525,-18.564768,79.608818,101.0,0,690.0
538008115,1716321633,-18.562983,79.613914,101.0,0,690.0
538008115,1716321681,-18.562166,79.616234,101.0,0,690.0
538008115,1716321783,-18.560534,79.62088,102.0,0,690.0
538008115,1716321933,-18.558001,79.627998,103.0,0,680.0
538008115,1716321934,-18.558001,79.627998,103.0,0,680.0
538008115,1716321944,-18.55785,79.628517,103.0,0,690.0
538008115,1716322165,-18.553949,79.638847,103.0,0,670.0
538008115,1716322232,-18.55275,79.642067,103.0,0,680.0
538008115,1716322536,-18.547434,79.656303,102.0,0,700.0
538008115,1716323359,-18.533283,79.695015,103.0,0,670.0
538008115,1716323394,-18.532566,79.696968,103.0,0,680.0
538008115,1716323649,-18.528084,79.708733,103.0,0,690.0
538008115,1716323776,-18.525867,79.714867,102.0,0,690.0
538008115,1716323823,-18.525017,79.717232,102.0,0,690.0
538008115,1716324156,-18.519783,79.732903,102.0,0,700.0
538008115,1716324256,-18.5182,79.737686,102.0,0,700.0
538008115,1716324301,-18.517433,79.739998,103.0,0,710.0
538008115,1716324812,-18.508266,79.763748,103.0,0,660.0
538008115,1716324842,-18.507683,79.765182,102.0,0,660.0
538008115,1716325421,-18.497717,79.791817,102.0,0,700.0
538008115,1716325583,-18.494917,79.799736,101.0,0,690.0
538008115,1716325683,-18.4932,79.804382,101.0,0,690.0
538008115,1716325823,-18.490967,79.810471,101.0,0,690.0
538008115,1716325951,-18.488567,79.816986,101.0,0,690.0
538008115,1716326443,-18.479967,79.83963,101.0,0,670.0
538008115,1716326493,-18.479017,79.842102,101.0,0,680.0
538008115,1716326905,-18.471916,79.861267,102.0,0,690.0
538008115,1716327066,-18.469267,79.868782,101.0,0,690.0
538008115,1716327108,-18.468582,79.870781,102.0,0,700.0
538008115,1716327451,-18.462851,79.887421,102.0,0,690.0
538008115,1716327580,-18.46085,79.893181,102.0,0,700.0
538008115,1716327618,-18.460199,79.895081,102.0,0,690.0
538008115,1716327694,-18.458851,79.898933,102.0,0,690.0
538008115,1716327763,-18.457767,79.902168,102.0,0,700.0
538008115,1716328043,-18.453283,79.915535,102.0,0,700.0
538008115,1716328106,-18.452284,79.918404,102.0,0,700.0
538008115,1716328159,-18.451468,79.920784,102.0,0,700.0
538008115,1716328346,-18.448383,79.929832,103.0,0,700.0
538008115,1716328674,-18.44315,79.945518,103.0,0,690.0
538008115,1716328747,-18.442051,79.948814,103.0,0,700.0
538008115,1716328758,-18.441868,79.949333,102.0,0,700.0
538008115,1716328784,-18.441366,79.950836,103.0,0,700.0
538008115,1716328799,-18.441217,79.951248,102.0,0,700.0
538008115,1716328959,-18.438732,79.95887,103.0,0,710.0
538008115,1716329106,-18.436283,79.965981,102.0,0,680.0
538008115,1716329320,-18.432467,79.97567,101.0,0,680.0
538008115,1716329336,-18.432083,79.976616,101.0,0,660.0
538008115,1716329516,-18.428867,79.984917,100.0,0,670.0
538008115,1716329613,-18.427151,79.98938,100.0,0,670.0
538008115,1716330464,-18.411766,80.028282,100.0,0,660.0
538008115,1716330493,-18.4112,80.029648,100.0,0,660.0
538008115,1716330595,-18.409416,80.03418,101.0,0,670.0
538008115,1716330662,-18.408016,80.03727,101.0,0,630.0
538008115,1716330786,-18.405251,80.042419,100.0,0,590.0
538008115,1716331025,-18.399717,80.052917,100.0,0,620.0
538008115,1716342176,-18.182882,80.561783,100.0,0,680.0
538008115,1716342300,-18.180834,80.567284,100.0,0,680.0
538008115,1716342418,-18.178867,80.5728,101.0,0,690.0
538008115,1716342887,-18.169132,80.593315,99.0,0,630.0
538008115,1716342972,-18.167267,80.597183,99.0,0,630.0
538008115,1716343575,-18.155233,80.623535,97.0,0,640.0
538008115,1716343895,-18.148983,80.637421,99.0,0,650.0
538008115,1716343975,-18.147432,80.640884,98.0,0,650.0
538008115,1716344095,-18.1451,80.646133,99.0,0,650.0
538008115,1716344142,-18.144182,80.648354,98.0,0,660.0
538008115,1716344415,-18.139116,80.660332,100.0,0,650.0
538008115,1716344485,-18.137783,80.663498,100.0,0,650.0
538008115,1716344645,-18.134632,80.670586,100.0,0,640.0
538008115,1716344665,-18.134251,80.671486,100.0,0,650.0
538008115,1716344725,-18.133066,80.674164,101.0,0,650.0
538008115,1716344947,-18.128584,80.684097,102.0,0,650.0
538008115,1716345067,-18.126232,80.689468,101.0,0,660.0
538008115,1716345195,-18.123817,80.695381,101.0,0,660.0
538008115,1716345487,-18.118334,80.708702,102.0,0,650.0
538008115,1716345546,-18.117184,80.711449,103.0,0,660.0
538008115,1716345815,-18.111982,80.723869,102.0,0,660.0
538008115,1716346184,-18.104816,80.740982,102.0,0,660.0
538008115,1716346279,-18.103149,80.745087,102.0,0,670.0
538008115,1716346389,-18.101067,80.750168,102.0,0,670.0
538008115,1716346611,-18.096783,80.7603,103.0,0,660.0
538008115,1716346840,-18.092367,80.770752,102.0,0,660.0
538008115,1716346981,-18.089733,80.77713,102.0,0,670.0
538008115,1716347153,-18.086332,80.7854,102.0,0,660.0
538008115,1716347203,-18.085432,80.787651,102.0,0,670.0
538008115,1716347296,-18.0837,80.791801,102.0,0,650.0
538008115,1716347409,-18.081533,80.796768,101.0,0,660.0
538008115,1716348255,-18.065718,80.835548,102.0,0,660.0
538008115,1716348335,-18.064182,80.83918,101.0,0,660.0
538008115,1716348599,-18.059267,80.851082,101.0,0,660.0
538008115,1716348675,-18.057817,80.854683,102.0,0,670.0
538008115,1716348795,-18.055567,80.860153,102.0,0,660.0
538008115,1716348883,-18.053833,80.864319,100.0,0,660.0
538008115,1716348976,-18.052217,80.868332,101.0,0,670.0
538008115,1716349106,-18.049833,80.874268,101.0,0,660.0
538008115,1716349250,-18.047083,80.880531,101.0,0,640.0
538008115,1716349294,-18.046083,80.882751,100.0,0,650.0
538008115,1716349316,-18.045668,80.883698,101.0,0,640.0
538008115,1716349833,-18.0361,80.907082,100.0,0,640.0
538008115,1716349877,-18.035267,80.908882,100.0,0,640.0
538008115,1716350133,-18.029949,80.920265,101.0,0,640.0
538008115,1716350365,-18.025183,80.930466,101.0,0,630.0
538008115,1716350489,-18.022734,80.93573,101.0,0,630.0
538008115,1716350510,-18.02215,80.937019,101.0,0,640.0
538008115,1716350532,-18.0217,80.937981,101.0,0,630.0
538008115,1716350541,-18.0215,80.938431,101.0,0,640.0
538008115,1716350552,-18.021267,80.938866,101.0,0,630.0
538008115,1716350561,-18.021099,80.93927,101.0,0,640.0
538008115,1716350570,-18.020884,80.93972,101.0,0,630.0
538008115,1716350581,-18.020683,80.940147,101.0,0,630.0
538008115,1716350621,-18.019867,80.941879,102.0,0,630.0
538008115,1716350652,-18.019217,80.943253,101.0,0,630.0
538008115,1716350661,-18.018999,80.943748,102.0,0,630.0
538008115,1716350671,-18.018784,80.944183,101.0,0,630.0
538008115,1716350681,-18.0186,80.944603,102.0,0,630.0
538008115,1716350690,-18.018383,80.945015,101.0,0,630.0
538008115,1716350701,-18.018167,80.945465,102.0,0,630.0
538008115,1716350712,-18.017933,80.945953,102.0,0,620.0
538008115,1716350731,-18.017517,80.9468,102.0,0,630.0
538008115,1716350750,-18.017117,80.947632,102.0,0,620.0
538008115,1716350772,-18.016649,80.948616,102.0,0,630.0
538008115,1716350779,-18.016649,80.948616,102.0,0,630.0
538008115,1716350781,-18.016466,80.94902,102.0,0,630.0
538008115,1716350791,-18.016233,80.949471,102.0,0,620.0
538008115,1716350810,-18.0158,80.950333,102.0,0,620.0
538008115,1716350821,-18.015583,80.950783,102.0,0,620.0
538008115,1716350832,-18.015333,80.951263,101.0,0,620.0
538008115,1716350842,-18.015133,80.951714,101.0,0,630.0
538008115,1716350882,-18.014299,80.953499,101.0,0,640.0
538008115,1716350892,-18.014084,80.953949,101.0,0,630.0
538008115,1716350902,-18.013918,80.954353,101.0,0,640.0
538008115,1716350910,-18.013733,80.95475,101.0,0,640.0
538008115,1716350988,-18.012383,80.957985,101.0,0,660.0
538008115,1716351010,-18.011999,80.958931,102.0,0,670.0
538008115,1716351197,-18.008516,80.967552,102.0,0,660.0
538008115,1716351673,-17.999367,80.989487,102.0,0,650.0
538008115,1716351823,-17.996384,80.996284,102.0,0,640.0
538008115,1716351843,-17.996,80.9972,102.0,0,650.0
538008115,1716351893,-17.99505,80.999481,103.0,0,660.0
538008115,1716351993,-17.993183,81.004021,102.0,0,660.0
538008115,1716352905,-17.975918,81.045319,102.0,0,660.0
538008115,1716353025,-17.9736,81.050781,102.0,0,650.0
538008115,1716353125,-17.971701,81.055336,101.0,0,660.0
538008115,1716353305,-17.968349,81.063484,102.0,0,660.0
538008115,1716353315,-17.968149,81.063934,102.0,0,660.0
538008115,1716354099,-17.953699,81.099251,101.0,0,660.0
538008115,1716354263,-17.950251,81.106796,102.0,0,630.0
538008115,1716355098,-17.933317,81.144096,102.0,0,640.0
538008115,1716355114,-17.932899,81.14505,101.0,0,640.0
538008115,1716355228,-17.930767,81.150047,103.0,0,650.0
538008115,1716355355,-17.928217,81.155914,102.0,0,650.0
538008115,1716355701,-17.921568,81.171669,102.0,0,660.0
538008115,1716355961,-17.916567,81.183449,102.0,0,650.0
538008115,1716355970,-17.916567,81.183449,102.0,0,650.0
538008115,1716355981,-17.916166,81.184364,102.0,0,650.0
538008115,1716356061,-17.9146,81.187981,102.0,0,650.0
538008115,1716356067,-17.9146,81.187981,102.0,0,650.0
538008115,1716356191,-17.912067,81.193832,102.0,0,650.0
538008115,1716356201,-17.911867,81.194298,102.0,0,650.0
538008115,1716356261,-17.9107,81.196999,101.0,0,640.0
538008115,1716356270,-17.910534,81.197418,102.0,0,660.0
538008115,1716356321,-17.90955,81.199699,102.0,0,650.0
538008115,1716356340,-17.909166,81.200569,102.0,0,650.0
538008115,1716356366,-17.908783,81.201469,102.0,0,650.0
538008115,1716356371,-17.9086,81.201965,102.0,0,660.0
538008115,1716356530,-17.905701,81.208664,102.0,0,650.0
538008115,1716356609,-17.90415,81.21225,101.0,0,650.0
538008115,1716356695,-17.902468,81.216286,101.0,0,660.0
538008115,1716356743,-17.901533,81.218582,101.0,0,670.0
538008115,1716356922,-17.898268,81.226646,102.0,0,660.0
538008115,1716357213,-17.89245,81.239716,102.0,0,640.0
538008115,1716357343,-17.889767,81.245499,101.0,0,640.0
538008115,1716357376,-17.889168,81.246849,102.0,0,640.0
538008115,1716357426,-17.888132,81.249084,101.0,0,630.0
538008115,1716357906,-17.878717,81.270737,101.0,0,650.0
538008115,1716357922,-17.878332,81.271652,101.0,0,660.0
538008115,1716357935,-17.878117,81.272118,101.0,0,650.0
538008115,1716358026,-17.876383,81.276184,101.0,0,650.0
538008115,1716358114,-17.874634,81.280296,102.0,0,660.0
538008115,1716358398,-17.86915,81.293053,102.0,0,650.0
538008115,1716358458,-17.867983,81.295769,102.0,0,660.0
538008115,1716358569,-17.86585,81.30072,102.0,0,650.0
538008115,1716358742,-17.862301,81.308914,102.0,0,650.0
538008115,1716358992,-17.857517,81.320351,102.0,0,660.0
538008115,1716359027,-17.856968,81.321732,102.0,0,670.0
538008115,1716359102,-17.8556,81.324921,102.0,0,660.0
538008115,1716359212,-17.853451,81.329903,103.0,0,660.0
538008115,1716359497,-17.847668,81.343117,102.0,0,660.0
538008115,1716359575,-17.846117,81.346748,102.0,0,660.0
538008115,1716359717,-17.843399,81.353035,101.0,0,650.0
538008115,1716359956,-17.838751,81.363983,102.0,0,650.0
538008115,1716360086,-17.836132,81.369934,102.0,0,650.0
538008115,1716360214,-17.8335,81.37587,102.0,0,640.0
538008115,1716360323,-17.831318,81.380783,102.0,0,650.0
538008115,1716360467,-17.828632,81.38723,102.0,0,660.0
538008115,1716360477,-17.828417,81.387733,102.0,0,660.0
538008115,1716360607,-17.825933,81.393585,102.0,0,650.0
538008115,1716360883,-17.820499,81.406364,101.0,0,660.0
538008115,1716361103,-17.816217,81.416382,103.0,0,650.0
538008115,1716361233,-17.81365,81.422234,101.0,0,650.0
538008115,1716361794,-17.802917,81.4478,102.0,0,660.0
538008115,1716361904,-17.800833,81.45282,102.0,0,660.0
538008115,1716361914,-17.80065,81.453285,102.0,0,660.0
538008115,1716362035,-17.798317,81.458748,102.0,0,660.0
538008115,1716362108,-17.796967,81.461952,102.0,0,650.0
538008115,1716362238,-17.794468,81.467834,103.0,0,650.0
538008115,1716362355,-17.792133,81.473282,101.0,0,660.0
538008115,1716362464,-17.789967,81.478401,102.0,0,650.0
538008115,1716362475,-17.789818,81.478767,103.0,0,660.0
538008115,1716362615,-17.787033,81.485199,102.0,0,660.0
538008115,1716362795,-17.783649,81.493317,101.0,0,670.0
538008115,1716362915,-17.781334,81.498802,102.0,0,660.0
538008115,1716363061,-17.778683,81.50502,101.0,0,650.0
538008115,1716363065,-17.778467,81.505516,102.0,0,650.0
538008115,1716363354,-17.773067,81.5186,102.0,0,670.0
538008115,1716363394,-17.772284,81.520515,102.0,0,670.0
538008115,1716364105,-17.758818,81.552719,102.0,0,670.0
538008115,1716364354,-17.754049,81.564186,102.0,0,660.0
538008115,1716364434,-17.752483,81.567848,102.0,0,650.0
538008115,1716364564,-17.749901,81.573769,101.0,0,650.0
538008115,1716364684,-17.747549,81.579247,102.0,0,660.0
538008115,1716364814,-17.74505,81.585266,103.0,0,650.0
538008115,1716364874,-17.743868,81.588051,103.0,0,650.0
538008115,1716364904,-17.743334,81.589333,103.0,0,650.0
538008115,1716365093,-17.739599,81.597984,102.0,0,650.0
538008115,1716365344,-17.734533,81.609283,102.0,0,640.0
538008115,1716365475,-17.731934,81.615196,102.0,0,650.0
538008115,1716365505,-17.731367,81.616531,102.0,0,650.0
538008115,1716365603,-17.729383,81.621048,102.0,0,650.0
538008115,1716365723,-17.726999,81.626503,103.0,0,650.0
538008115,1716366272,-17.7159,81.65155,103.0,0,650.0
538008115,1716366353,-17.7143,81.65522,103.0,0,650.0
538008115,1716366453,-17.712317,81.659798,104.0,0,650.0
538008115,1716366858,-17.704268,81.678085,103.0,0,660.0
538008115,1716366986,-17.701584,81.684013,103.0,0,650.0
538008115,1716367135,-17.6985,81.690865,103.0,0,650.0
538008115,1716367385,-17.693666,81.701935,103.0,0,650.0
538008115,1716367455,-17.691999,81.70562,102.0,0,640.0
538008115,1716367665,-17.687834,81.715149,102.0,0,650.0
538008115,1716367695,-17.687283,81.716469,102.0,0,660.0
538008115,1716367883,-17.683767,81.724701,102.0,0,660.0
538008115,1716367973,-17.681999,81.728767,101.0,0,660.0
538008115,1716368112,-17.679399,81.73513,101.0,0,670.0
538008115,1716368212,-17.677549,81.7397,101.0,0,670.0
538008115,1716368539,-17.671551,81.754684,101.0,0,680.0
538008115,1716368968,-17.663668,81.774147,100.0,0,670.0
538008115,1716369117,-17.660883,81.780914,100.0,0,660.0
538008115,1716369216,-17.65905,81.785347,101.0,0,660.0
538008115,1716369399,-17.655684,81.793465,100.0,0,660.0
538008115,1716369557,-17.652666,81.800735,100.0,0,660.0
538008115,1716369667,-17.650618,81.805763,101.0,0,660.0
538008115,1716369758,-17.648983,81.809814,99.0,0,670.0
538008115,1716370042,-17.643883,81.822433,100.0,0,670.0
538008115,1716370362,-17.637983,81.836929,102.0,0,660.0
538008115,1716370780,-17.629868,81.855766,101.0,0,640.0
538008115,1716370933,-17.62665,81.862846,100.0,0,650.0
538008115,1716371105,-17.623217,81.870384,101.0,0,640.0
538008115,1716371635,-17.612417,81.894119,101.0,0,650.0
538008115,1716371926,-17.60655,81.907066,101.0,0,640.0
538008115,1716371985,-17.605316,81.909782,102.0,0,640.0
538008115,1716372014,-17.604717,81.911118,101.0,0,640.0
538008115,1716372998,-17.584784,81.955116,101.0,0,640.0
538008115,1716373156,-17.581551,81.962402,102.0,0,650.0
538008115,1716373224,-17.5802,81.965569,101.0,0,660.0
538008115,1716373577,-17.573549,81.981499,102.0,0,660.0
538008115,1716373695,-17.571251,81.987015,103.0,0,650.0
538008115,1716373758,-17.570066,81.989754,103.0,0,660.0
538008115,1716373880,-17.567766,81.99527,103.0,0,660.0
538008115,1716374055,-17.564367,82.003502,103.0,0,650.0
538008115,1716374333,-17.55895,82.016296,102.0,0,660.0
538008115,1716374556,-17.554733,82.026352,102.0,0,660.0
538008115,1716374674,-17.5525,82.031731,101.0,0,660.0
538008115,1716374814,-17.549868,82.038101,101.0,0,660.0
538008115,1716374964,-17.54705,82.0448,100.0,0,660.0
538008115,1716375024,-17.54595,82.047516,101.0,0,670.0
538008115,1716375144,-17.543682,82.052933,102.0,0,660.0
538008115,1716375203,-17.542549,82.055649,101.0,0,660.0
538008115,1716375313,-17.540483,82.060616,102.0,0,650.0
538008115,1716375503,-17.53685,82.069252,101.0,0,650.0
538008115,1716375583,-17.535351,82.07283,101.0,0,660.0
538008115,1716375703,-17.533051,82.078331,102.0,0,660.0
538008115,1716375849,-17.530399,82.084618,102.0,0,660.0
538008115,1716375920,-17.528999,82.087936,102.0,0,660.0
538008115,1716376029,-17.526951,82.092834,102.0,0,660.0
538008115,1716376188,-17.523849,82.100197,102.0,0,660.0
538008115,1716376260,-17.522499,82.103386,103.0,0,670.0
538008115,1716376269,-17.522318,82.103836,102.0,0,660.0
538008115,1716376508,-17.51775,82.114769,102.0,0,650.0
538008115,1716376687,-17.514017,82.122833,102.0,0,640.0
538008115,1716377007,-17.507467,82.137115,103.0,0,650.0
538008115,1716377183,-17.503799,82.145203,103.0,0,650.0
538008115,1716377297,-17.5016,82.150299,103.0,0,650.0
538008115,1716377355,-17.500433,82.152969,103.0,0,650.0
538008115,1716377615,-17.495268,82.164833,102.0,0,660.0
538008115,1716377715,-17.493282,82.169403,103.0,0,650.0
538008115,1716377815,-17.49135,82.173935,103.0,0,660.0
538008115,1716378003,-17.487534,82.182564,103.0,0,650.0
538008115,1716378363,-17.480301,82.198868,103.0,0,650.0
538008115,1716378557,-17.476601,82.207581,103.0,0,650.0
538008115,1716378624,-17.475233,82.210785,103.0,0,650.0
538008115,1716378778,-17.472282,82.217583,103.0,0,650.0
538008115,1716378819,-17.471466,82.219467,104.0,0,650.0
538008115,1716379055,-17.46665,82.23053,104.0,0,650.0
538008115,1716379157,-17.464733,82.235199,104.0,0,660.0
538008115,1716379377,-17.460567,82.245499,104.0,0,670.0
538008115,1716379517,-17.458,82.251915,104.0,0,670.0
538008115,1716379632,-17.455784,82.257515,103.0,0,670.0
538008115,1716379796,-17.452801,82.264984,104.0,0,670.0
538008115,1716379924,-17.450367,82.271065,103.0,0,680.0
538008115,1716379994,-17.449051,82.274315,104.0,0,670.0
538008115,1716380098,-17.447218,82.278931,104.0,0,670.0
538008115,1716380160,-17.446117,82.281754,104.0,0,680.0
538008115,1716380260,-17.44425,82.286415,104.0,0,660.0
538008115,1716380277,-17.44385,82.287331,104.0,0,650.0
538008115,1716380333,-17.442633,82.2901,104.0,0,650.0
538008115,1716380583,-17.437532,82.301552,104.0,0,650.0
538008115,1716380623,-17.436684,82.303497,104.0,0,650.0
538008115,1716380781,-17.433649,82.310471,103.0,0,650.0
538008115,1716381445,-17.420218,82.34127,105.0,0,650.0
538008115,1716381667,-17.415768,82.351448,104.0,0,640.0
538008115,1716381797,-17.4132,82.357285,105.0,0,650.0
538008115,1716382053,-17.407867,82.369247,104.0,0,650.0
538008115,1716382213,-17.404633,82.376549,104.0,0,650.0
538008115,1716382263,-17.403618,82.378952,103.0,0,650.0
538008115,1716382373,-17.401382,82.38398,104.0,0,650.0
538008115,1716382413,-17.400566,82.385818,104.0,0,650.0
538008115,1716382688,-17.395201,82.398216,104.0,0,650.0
538008115,1716382823,-17.392418,82.404617,103.0,0,650.0
538008115,1716382883,-17.391199,82.407349,103.0,0,650.0
538008115,1716383073,-17.387367,82.415985,104.0,0,650.0
538008115,1716383165,-17.385517,82.420097,103.0,0,640.0
538008115,1716383329,-17.382366,82.42733,103.0,0,650.0
538008115,1716383416,-17.380568,82.431335,102.0,0,650.0
538008115,1716383506,-17.378733,82.435448,102.0,0,650.0
538008115,1716383516,-17.3785,82.435951,101.0,0,650.0
538008115,1716383649,-17.375982,82.44178,102.0,0,650.0
538008115,1716383676,-17.375401,82.44313,102.0,0,650.0
538008115,1716383916,-17.370701,82.454048,103.0,0,650.0
538008115,1716384177,-17.365717,82.465851,103.0,0,660.0
538008115,1716384465,-17.360149,82.479019,102.0,0,650.0
538008115,1716384555,-17.3584,82.483101,102.0,0,650.0
538008115,1716384575,-17.358,82.484001,103.0,0,650.0
538008115,1716384962,-17.350416,82.501282,101.0,0,650.0
538008115,1716385010,-17.3494,82.503586,101.0,0,650.0
538008115,1716385172,-17.346083,82.511169,101.0,0,640.0
538008115,1716385565,-17.338417,82.528831,101.0,0,650.0
538008115,1716385788,-17.334118,82.538803,102.0,0,650.0
538008115,1716386025,-17.329468,82.549698,102.0,0,660.0
538008115,1716386177,-17.326532,82.556435,102.0,0,650.0
538008115,1716386296,-17.324232,82.561867,102.0,0,660.0
538008115,1716386545,-17.3193,82.573051,99.0,0,640.0
538008115,1716386594,-17.318283,82.575371,100.0,0,650.0
538008115,1716386895,-17.312468,82.588898,100.0,0,660.0
538008115,1716387603,-17.2992,82.620964,100.0,0,660.0
538008115,1716387705,-17.297367,82.625504,100.0,0,660.0
538008115,1716387825,-17.295151,82.630867,100.0,0,660.0
538008115,1716387935,-17.293118,82.63578,101.0,0,660.0
538008115,1716388319,-17.285967,82.653114,101.0,0,660.0
538008115,1716388518,-17.2822,82.662148,100.0,0,660.0
538008115,1716388619,-17.280333,82.666733,101.0,0,660.0
538008115,1716388872,-17.27545,82.678436,102.0,0,660.0
538008115,1716389167,-17.269751,82.691536,102.0,0,650.0
538008115,1716389407,-17.264933,82.7024,102.0,0,660.0
538008115,1716389425,-17.264517,82.7033,101.0,0,650.0
538008115,1716389484,-17.26335,82.706017,102.0,0,650.0
538008115,1716390082,-17.251266,82.733131,102.0,0,640.0
538008115,1716390212,-17.248568,82.738983,102.0,0,650.0
538008115,1716390252,-17.247732,82.740753,101.0,0,630.0
538008115,1716390352,-17.245684,82.745316,101.0,0,650.0
538008115,1716390560,-17.24165,82.754364,101.0,0,650.0
538008115,1716390804,-17.236834,82.765686,101.0,0,660.0
538008115,1716391014,-17.232967,82.775169,101.0,0,660.0
538008115,1716391113,-17.231216,82.779404,101.0,0,660.0
538008115,1716391116,-17.231033,82.779869,101.0,0,660.0
538008115,1716391297,-17.227682,82.788086,102.0,0,670.0
538008115,1716391377,-17.226183,82.791817,102.0,0,670.0
538008115,1716391425,-17.225267,82.794121,102.0,0,670.0
538008115,1716391488,-17.22415,82.796883,102.0,0,670.0
538008115,1716391646,-17.221201,82.80423,102.0,0,670.0
538008115,1716391669,-17.220818,82.805214,103.0,0,670.0
538008115,1716391891,-17.216734,82.815468,103.0,0,670.0
538008115,1716391971,-17.21505,82.81958,103.0,0,660.0
538008115,1716391981,-17.214867,82.820068,103.0,0,670.0
538008115,1716391990,-17.214867,82.820068,103.0,0,670.0
538008115,1716391991,-17.214684,82.820518,103.0,0,670.0
538008115,1716392041,-17.213766,82.8228,103.0,0,660.0
538008115,1716392118,-17.212433,82.82608,104.0,0,670.0
538008115,1716392171,-17.211451,82.828453,103.0,0,670.0
538008115,1716392237,-17.210133,82.831718,104.0,0,660.0
538008115,1716392519,-17.204767,82.84462,103.0,0,660.0
538008115,1716392808,-17.198999,82.857986,103.0,0,650.0
538008115,1716392862,-17.1978,82.860748,103.0,0,650.0
538008115,1716392972,-17.195883,82.865318,103.0,0,660.0
538008115,1716393109,-17.193117,82.871834,103.0,0,650.0
538008115,1716393152,-17.19215,82.8741,103.0,0,660.0
538008115,1716393262,-17.189983,82.879066,104.0,0,650.0
538008115,1716393388,-17.1875,82.884636,103.0,0,640.0
538008115,1716393558,-17.183983,82.892433,103.0,0,640.0
538008115,1716393699,-17.181168,82.898804,103.0,0,650.0
538008115,1716393745,-17.180117,82.901131,103.0,0,650.0
538008115,1716395294,-17.148968,82.971252,101.0,0,660.0
538008115,1716395340,-17.148184,82.97303,101.0,0,650.0
538008115,1716395375,-17.1474,82.974815,101.0,0,650.0
538008115,1716395624,-17.142717,82.986099,101.0,0,660.0
538008115,1716396162,-17.13265,83.010216,101.0,0,650.0
538008115,1716396304,-17.129984,83.016449,101.0,0,660.0
538008115,1716396555,-17.125217,83.02758,100.0,0,650.0
538008115,1716396604,-17.1243,83.02977,100.0,0,660.0
538008115,1716396725,-17.122017,83.035118,100.0,0,660.0
538008115,1716396845,-17.119917,83.04007,101.0,0,660.0
538008115,1716396882,-17.118999,83.042213,101.0,0,660.0
538008115,1716397146,-17.113867,83.053902,102.0,0,640.0
538008115,1716397186,-17.113117,83.055649,100.0,0,650.0
538008115,1716397266,-17.111567,83.059265,101.0,0,650.0
538008115,1716397346,-17.110033,83.062851,101.0,0,650.0
538008115,1716397442,-17.108101,83.067383,102.0,0,660.0
538008115,1716397452,-17.107918,83.067833,102.0,0,650.0
538008115,1716397461,-17.10775,83.06823,101.0,0,660.0
538008115,1716397480,-17.107384,83.069084,102.0,0,650.0
538008115,1716397491,-17.107166,83.069565,102.0,0,650.0
538008115,1716397502,-17.106951,83.070068,101.0,0,650.0
538008115,1716397512,-17.106783,83.070465,102.0,0,650.0
538008115,1716397521,-17.106567,83.070953,101.0,0,650.0
538008115,1716397531,-17.106367,83.071404,102.0,0,650.0
538008115,1716397540,-17.106182,83.0718,102.0,0,650.0
538008115,1716397562,-17.105783,83.072731,102.0,0,650.0
538008115,1716397572,-17.105583,83.073181,102.0,0,650.0
538008115,1716397581,-17.1054,83.073601,102.0,0,650.0
538008115,1716397591,-17.1052,83.074036,102.0,0,650.0
538008115,1716397602,-17.104982,83.074532,101.0,0,650.0
538008115,1716397611,-17.104799,83.074936,102.0,0,650.0
538008115,1716397615,-17.104799,83.074936,102.0,0,650.0
538008115,1716397622,-17.104601,83.075432,102.0,0,650.0
538008115,1716397632,-17.104401,83.075882,101.0,0,650.0
538008115,1716397641,-17.104218,83.076286,102.0,0,650.0
538008115,1716397651,-17.104033,83.076736,101.0,0,650.0
538008115,1716397662,-17.1038,83.077217,102.0,0,640.0
538008115,1716397671,-17.1036,83.077682,101.0,0,650.0
538008115,1716397692,-17.103216,83.078568,101.0,0,650.0
538008115,1716397701,-17.103033,83.078979,102.0,0,650.0
538008115,1716397722,-17.102633,83.079918,102.0,0,650.0
538008115,1716397752,-17.102034,83.08123,102.0,0,650.0
538008115,1716397761,-17.101868,83.081635,102.0,0,650.0
538008115,1716397782,-17.10145,83.082565,102.0,0,650.0
538008115,1716397791,-17.101267,83.082985,101.0,0,650.0
538008115,1716397911,-17.098867,83.088417,101.0,0,650.0
538008115,1716397971,-17.097683,83.091133,101.0,0,650.0
538008115,1716398332,-17.090668,83.107384,101.0,0,650.0
538008115,1716398449,-17.088499,83.112366,100.0,0,640.0
538008115,1716399165,-17.074717,83.144447,100.0,0,660.0
538008115,1716399204,-17.074118,83.145866,100.0,0,660.0
538008115,1716399354,-17.071051,83.153015,100.0,0,650.0
538008115,1716399454,-17.069099,83.157532,101.0,0,660.0
538008115,1716399604,-17.066217,83.164268,101.0,0,650.0
538008115,1716399715,-17.064034,83.169235,100.0,0,650.0
538008115,1716400198,-17.054899,83.190735,100.0,0,660.0
538008115,1716400247,-17.053932,83.193016,100.0,0,660.0
538008115,1716400386,-17.051483,83.199265,100.0,0,670.0
538008115,1716400431,-17.050716,83.201164,100.0,0,680.0
538008115,1716400505,-17.049232,83.204666,101.0,0,660.0
538008115,1716400545,-17.048433,83.206436,100.0,0,640.0
538008115,1716400705,-17.045183,83.213486,100.0,0,640.0
538008115,1716400789,-17.043568,83.217064,100.0,0,650.0
538008115,1716400797,-17.043383,83.217514,100.0,0,660.0
538008115,1716400875,-17.0418,83.2211,100.0,0,640.0
538008115,1716401294,-17.033783,83.239883,100.0,0,660.0
538008115,1716401318,-17.033417,83.240784,100.0,0,660.0
538008115,1716401549,-17.029182,83.251114,99.0,0,660.0
538008115,1716401685,-17.0266,83.257347,100.0,0,660.0
538008115,1716401871,-17.023184,83.26535,100.0,0,650.0
538008115,1716401874,-17.023001,83.265846,99.0,0,660.0
538008115,1716401915,-17.0222,83.26767,100.0,0,650.0
538008115,1716402006,-17.020468,83.27153,99.0,0,650.0
538008115,1716402175,-17.0172,83.279015,99.0,0,650.0
538008115,1716402254,-17.015682,83.282516,97.0,0,650.0
538008115,1716402368,-17.013634,83.287315,98.0,0,660.0
538008115,1716402403,-17.012882,83.28907,98.0,0,660.0
538008115,1716402573,-17.009701,83.296501,97.0,0,650.0
538008115,1716402746,-17.006567,83.303947,98.0,0,650.0
538008115,1716402947,-17.002783,83.312782,99.0,0,650.0
538008115,1716402970,-17.002417,83.313683,99.0,0,650.0
538008115,1716403104,-16.999767,83.319817,100.0,0,660.0
538008115,1716403217,-16.997667,83.324715,99.0,0,660.0
538008115,1716403320,-16.995817,83.329132,100.0,0,670.0
538008115,1716403500,-16.992382,83.337051,99.0,0,660.0
538008115,1716403600,-16.990433,83.341568,99.0,0,660.0
538008115,1716403668,-16.989117,83.344666,99.0,0,660.0
538008115,1716403720,-16.98815,83.346886,99.0,0,650.0
538008115,1716404042,-16.981684,83.361481,99.0,0,650.0
538008115,1716404186,-16.978933,83.367683,99.0,0,640.0
538008115,1716404462,-16.9736,83.379967,99.0,0,650.0
538008115,1716404597,-16.971132,83.385681,99.0,0,660.0
538008115,1716404624,-16.970501,83.387169,100.0,0,660.0
538008115,1716404639,-16.970318,83.387566,99.0,0,650.0
538008115,1716404764,-16.96785,83.393303,99.0,0,650.0
538008115,1716404937,-16.964617,83.400948,100.0,0,660.0
538008115,1716405014,-16.9631,83.404518,101.0,0,650.0
538008115,1716405177,-16.959932,83.411736,101.0,0,650.0
538008115,1716405206,-16.959333,83.413071,102.0,0,650.0
538008115,1716405234,-16.9587,83.414452,101.0,0,640.0
538008115,1716405594,-16.951733,83.430748,101.0,0,670.0
538008115,1716406157,-16.94145,83.456085,102.0,0,670.0
538008115,1716406379,-16.937233,83.465981,101.0,0,660.0
538008115,1716406511,-16.934717,83.471817,101.0,0,650.0
538008115,1716406660,-16.931767,83.478584,101.0,0,660.0
538008115,1716407230,-16.9205,83.50415,101.0,0,640.0
538008115,1716407443,-16.9161,83.513885,100.0,0,640.0
538008115,1716407635,-16.912399,83.522316,102.0,0,650.0
538008115,1716407773,-16.909599,83.528687,103.0,0,650.0
538008115,1716408115,-16.902849,83.544167,102.0,0,660.0
538008115,1716408185,-16.901518,83.547302,101.0,0,660.0
538008115,1716408374,-16.8979,83.555946,103.0,0,670.0
538008115,1716408515,-16.895267,83.562386,103.0,0,670.0
538008115,1716408727,-16.891251,83.572037,103.0,0,670.0
538008115,1716408967,-16.886667,83.583,103.0,0,670.0
538008115,1716409826,-16.869949,83.622749,104.0,0,640.0
538008115,1716409939,-16.867617,83.627785,105.0,0,640.0
538008115,1716410025,-16.865717,83.631966,104.0,0,650.0
538008115,1716410159,-16.863083,83.637917,104.0,0,650.0
538008115,1716410357,-16.859068,83.647217,104.0,0,640.0
538008115,1716410494,-16.856318,83.653618,103.0,0,660.0
538008115,1716410517,-16.855932,83.654518,104.0,0,650.0
538008115,1716411008,-16.84635,83.677231,104.0,0,660.0
538008115,1716411292,-16.840668,83.690666,104.0,0,660.0
538008115,1716412035,-16.826733,83.724869,103.0,0,680.0
538008115,1716412068,-16.826218,83.726219,103.0,0,680.0
538008115,1716412215,-16.823418,83.733086,103.0,0,650.0
538008115,1716412285,-16.822033,83.736214,103.0,0,650.0
538008115,1716412385,-16.820049,83.740868,103.0,0,660.0
538008115,1716412599,-16.815884,83.750519,102.0,0,640.0
538008115,1716412655,-16.814583,83.753197,103.0,0,620.0
538008115,1716412688,-16.813917,83.754517,103.0,0,620.0
538008115,1716412943,-16.808416,83.766029,103.0,0,640.0
538008115,1716413148,-16.8043,83.775101,103.0,0,630.0
538008115,1716413263,-16.801832,83.780479,102.0,0,650.0
538008115,1716413718,-16.792933,83.800797,103.0,0,650.0
538008115,1716414237,-16.7826,83.824547,103.0,0,650.0
538008115,1716414293,-16.781401,83.827347,104.0,0,650.0
538008115,1716414605,-16.775232,83.841553,104.0,0,650.0
538008115,1716414799,-16.771317,83.850349,105.0,0,650.0
538008115,1716414882,-16.769501,83.854515,105.0,0,650.0
538008115,1716414943,-16.768284,83.8573,105.0,0,650.0
538008115,1716415211,-16.763018,83.869484,105.0,0,650.0
538008115,1716415399,-16.759167,83.87822,106.0,0,650.0
538008115,1716415612,-16.754784,83.888397,105.0,0,660.0
538008115,1716415945,-16.748318,83.903831,106.0,0,660.0
538008115,1716416065,-16.745899,83.909531,106.0,0,660.0
538008115,1716416163,-16.744083,83.913803,106.0,0,650.0
538008115,1716416253,-16.742083,83.918434,106.0,0,650.0
538008115,1716416712,-16.73295,83.940117,106.0,0,650.0
538008115,1716416868,-16.729933,83.94725,106.0,0,660.0
538008115,1716416983,-16.727568,83.952866,106.0,0,660.0
538008115,1716417244,-16.722349,83.965118,106.0,0,670.0
538008115,1716417427,-16.718782,83.973579,106.0,0,660.0
538008115,1716417519,-16.716932,83.977837,106.0,0,640.0
538008115,1716417711,-16.712851,83.987282,107.0,0,650.0
538008115,1716417751,-16.712067,83.989136,107.0,0,660.0
538008115,1716417886,-16.709368,83.995316,107.0,0,660.0
538008115,1716418054,-16.7059,84.003304,107.0,0,650.0
538008115,1716418065,-16.7057,84.003769,107.0,0,650.0
538008115,1716418349,-16.699883,84.01693,106.0,0,650.0
538008115,1716418389,-16.699051,84.018913,106.0,0,660.0
538008115,1716418609,-16.69445,84.029083,106.0,0,640.0
538008115,1716418656,-16.693399,84.031364,105.0,0,640.0
538008115,1716418882,-16.688618,84.041946,105.0,0,650.0
538008115,1716418966,-16.686934,84.0457,106.0,0,650.0
538008115,1716419106,-16.684017,84.052185,105.0,0,640.0
538008115,1716419194,-16.68215,84.056282,105.0,0,640.0
538008115,1716419451,-16.67705,84.067833,106.0,0,640.0
538008115,1716419524,-16.67535,84.071587,105.0,0,650.0
538008115,1716419647,-16.672832,84.077133,105.0,0,640.0
538008115,1716419858,-16.668449,84.086884,106.0,0,650.0
538008115,1716419929,-16.667017,84.09008,105.0,0,640.0
538008115,1716420030,-16.664949,84.094765,105.0,0,650.0
538008115,1716420047,-16.664568,84.09565,105.0,0,660.0
538008115,1716420093,-16.663532,84.098,105.0,0,650.0
538008115,1716420188,-16.661667,84.10215,105.0,0,650.0
538008115,1716420363,-16.657917,84.11042,106.0,0,640.0
538008115,1716420677,-16.651434,84.124748,105.0,0,650.0
538008115,1716420913,-16.646532,84.135681,104.0,0,640.0
538008115,1716421516,-16.634268,84.162682,102.0,0,650.0
538008115,1716421695,-16.630632,84.170868,102.0,0,660.0
538008115,1716421876,-16.627216,84.179131,104.0,0,680.0
538008115,1716421982,-16.625217,84.184082,103.0,0,680.0
538008115,1716423034,-16.605583,84.232597,103.0,0,670.0
538008115,1716423254,-16.6015,84.242783,104.0,0,660.0
538008115,1716423457,-16.59775,84.252052,103.0,0,670.0
538008115,1716423475,-16.597366,84.252968,104.0,0,670.0
538008115,1716423589,-16.595318,84.258102,103.0,0,670.0
538008115,1716423689,-16.593416,84.26268,103.0,0,670.0
538008115,1716424134,-16.584732,84.283348,103.0,0,660.0
538008115,1716424310,-16.581484,84.291069,101.0,0,650.0
538008115,1716424663,-16.574516,84.307449,101.0,0,660.0
538008115,1716424728,-16.573383,84.310219,101.0,0,660.0
538008115,1716424856,-16.570967,84.315918,100.0,0,660.0
538008115,1716425182,-16.564632,84.33078,100.0,0,650.0
538008115,1716425763,-16.553316,84.356621,100.0,0,650.0
538008115,1716425965,-16.549467,84.365501,100.0,0,660.0
538008115,1716426125,-16.546383,84.37265,99.0,0,650.0
538008115,1716426304,-16.542883,84.380569,99.0,0,630.0
538008115,1716426564,-16.537849,84.392166,100.0,0,650.0
538008115,1716426665,-16.5359,84.39653,100.0,0,650.0
538008115,1716427133,-16.526951,84.417236,101.0,0,660.0
538008115,1716427320,-16.52335,84.42598,100.0,0,660.0
538008115,1716427353,-16.5226,84.427666,100.0,0,650.0
538008115,1716427463,-16.520451,84.432648,99.0,0,650.0
538008115,1716427567,-16.518633,84.43705,100.0,0,660.0
538008115,1716427648,-16.517134,84.440735,101.0,0,670.0
538008115,1716427865,-16.512934,84.45063,100.0,0,660.0
538008115,1716428392,-16.503134,84.474335,99.0,0,670.0
538008115,1716428807,-16.495466,84.492653,100.0,0,660.0
538008115,1716429066,-16.490683,84.504204,101.0,0,660.0
538008115,1716429245,-16.487232,84.512268,101.0,0,660.0
538008115,1716429541,-16.481667,84.525848,102.0,0,660.0
538008115,1716429923,-16.474133,84.542885,101.0,0,640.0
538008115,1716430043,-16.471718,84.548248,102.0,0,650.0
538008115,1716430388,-16.464666,84.563187,100.0,0,640.0
538008115,1716430465,-16.463066,84.566681,100.0,0,650.0
538008115,1716430535,-16.4617,84.569771,101.0,0,650.0
538008115,1716430755,-16.457317,84.579384,99.0,0,630.0
538008115,1716430915,-16.4541,84.586319,99.0,0,640.0
538008115,1716431007,-16.452299,84.590233,98.0,0,640.0
538008115,1716431024,-16.451883,84.59108,98.0,0,630.0
538008115,1716431087,-16.450684,84.593666,98.0,0,630.0
538008115,1716431277,-16.446966,84.601814,97.0,0,640.0
538008115,1716431357,-16.445433,84.605232,98.0,0,640.0
538008115,1716431557,-16.441549,84.613899,98.0,0,650.0
538008115,1716431677,-16.439217,84.619049,98.0,0,640.0
538008115,1716432651,-16.420067,84.661346,99.0,0,680.0
538008115,1716432667,-16.419718,84.662201,99.0,0,680.0
538008115,1716432847,-16.416468,84.67025,100.0,0,670.0
538008115,1716432911,-16.41535,84.67292,98.0,0,660.0
538008115,1716433186,-16.4104,84.685448,101.0,0,670.0
538008115,1716434295,-16.389467,84.735336,100.0,0,670.0
538008115,1716434325,-16.388901,84.736687,101.0,0,660.0
538008115,1716434705,-16.3815,84.753731,101.0,0,650.0
538008115,1716434793,-16.379749,84.757713,102.0,0,650.0
538008115,1716434842,-16.37875,84.760002,101.0,0,660.0
538008115,1716434845,-16.37875,84.760002,101.0,0,660.0
538008115,1716434902,-16.37755,84.762733,101.0,0,650.0
538008115,1716434921,-16.377184,84.763603,101.0,0,650.0
538008115,1716434923,-16.377184,84.763603,101.0,0,650.0
538008115,1716434931,-16.376984,84.76403,102.0,0,640.0
538008115,1716434951,-16.376568,84.764931,101.0,0,640.0
538008115,1716434961,-16.3764,84.765381,102.0,0,650.0
538008115,1716434972,-16.376183,84.765884,101.0,0,650.0
538008115,1716434981,-16.375999,84.766281,102.0,0,650.0
538008115,1716435021,-16.3752,84.768066,100.0,0,660.0
538008115,1716435041,-16.374783,84.768951,100.0,0,640.0
538008115,1716435061,-16.374367,84.769836,100.0,0,640.0
538008115,1716435092,-16.373751,84.771217,101.0,0,650.0
538008115,1716435417,-16.3675,84.785629,101.0,0,650.0
538008115,1716435572,-16.364384,84.79277,102.0,0,650.0
538008115,1716435987,-16.356199,84.811386,102.0,0,660.0
538008115,1716436276,-16.350567,84.824501,101.0,0,660.0
538008115,1716436285,-16.350367,84.824997,102.0,0,660.0
538008115,1716436387,-16.348482,84.829536,101.0,0,660.0
538008115,1716436473,-16.346849,84.833549,102.0,0,660.0
538008115,1716436597,-16.344601,84.838951,100.0,0,660.0
538008115,1716436654,-16.343451,84.841599,101.0,0,650.0
538008115,1716437351,-16.330334,84.872414,99.0,0,670.0
538008115,1716437461,-16.328182,84.877731,99.0,0,670.0
538008115,1716437729,-16.3234,84.889381,99.0,0,670.0
538008115,1716438471,-16.309732,84.922333,100.0,0,660.0
538008115,1716438771,-16.303883,84.935616,100.0,0,640.0
538008115,1716438811,-16.303066,84.937485,100.0,0,640.0
538008115,1716439520,-16.289833,84.969131,101.0,0,670.0
538008115,1716439582,-16.288532,84.972267,101.0,0,660.0
538008115,1716439702,-16.286551,84.977203,101.0,0,660.0
538008115,1716439892,-16.282984,84.986214,101.0,0,670.0
538008115,1716440127,-16.278851,84.996513,100.0,0,660.0
538008115,1716440215,-16.2773,85.000504,101.0,0,680.0
538008115,1716440261,-16.276417,85.002731,100.0,0,680.0
538008115,1716440271,-16.276251,85.003197,101.0,0,680.0
538008115,1716440281,-16.276068,85.003685,100.0,0,670.0
538008115,1716440291,-16.275883,85.004135,101.0,0,680.0
538008115,1716440292,-16.275883,85.004135,101.0,0,680.0
538008115,1716440300,-16.275734,85.004532,100.0,0,680.0
538008115,1716440342,-16.275017,85.006371,100.0,0,670.0
538008115,1716440347,-16.275017,85.006371,100.0,0,670.0
538008115,1716440391,-16.274166,85.008568,100.0,0,670.0
538008115,1716440395,-16.274166,85.008568,100.0,0,670.0
538008115,1716440420,-16.273649,85.009834,100.0,0,670.0
538008115,1716440462,-16.2729,85.011719,101.0,0,670.0
538008115,1716440511,-16.272034,85.013931,100.0,0,670.0
538008115,1716440522,-16.271833,85.01442,101.0,0,680.0
538008115,1716440532,-16.27165,85.01487,101.0,0,670.0
538008115,1716440570,-16.270967,85.016563,101.0,0,670.0
538008115,1716440596,-16.270582,85.017616,101.0,0,680.0
538008115,1716440600,-16.270433,85.017967,101.0,0,670.0
538008115,1716440601,-16.270433,85.017967,101.0,0,670.0
538008115,1716440621,-16.270067,85.018913,101.0,0,670.0
538008115,1716440622,-16.270067,85.018913,101.0,0,670.0
538008115,1716440630,-16.269934,85.019333,101.0,0,680.0
538008115,1716440652,-16.269518,85.020317,101.0,0,670.0
538008115,1716440710,-16.268499,85.022934,101.0,0,680.0
538008115,1716440721,-16.268333,85.023384,101.0,0,670.0
538008115,1716440726,-16.268333,85.023384,101.0,0,670.0
538008115,1716440849,-16.266117,85.028816,101.0,0,650.0
538008115,1716440998,-16.262951,85.035286,101.0,0,630.0
538008115,1716441159,-16.259684,85.04213,101.0,0,630.0
538008115,1716441233,-16.258034,85.04567,101.0,0,640.0
538008115,1716442693,-16.227867,85.109749,102.0,0,630.0
538008115,1716442843,-16.224751,85.116364,103.0,0,630.0
538008115,1716443383,-16.213133,85.140099,101.0,0,640.0
538008115,1716443396,-16.213333,85.139702,101.0,0,650.0
538008115,1716443452,-16.211817,85.14325,102.0,0,650.0
538008115,1716443495,-16.211033,85.145081,101.0,0,660.0
538008115,1716444036,-16.200684,85.169182,101.0,0,660.0
538008115,1716444307,-16.195667,85.181335,101.0,0,660.0
538008115,1716444354,-16.194717,85.183533,101.0,0,660.0
538008115,1716444544,-16.191151,85.192032,101.0,0,670.0
538008115,1716444614,-16.189867,85.195198,101.0,0,670.0
538008115,1716444786,-16.186733,85.202766,101.0,0,670.0
538008115,1716444985,-16.182917,85.211769,100.0,0,660.0
538008115,1716445136,-16.180183,85.218384,100.0,0,670.0
538008115,1716445226,-16.178467,85.22245,101.0,0,660.0
538008115,1716445584,-16.1717,85.23867,101.0,0,670.0
538008115,1716445774,-16.168133,85.247253,101.0,0,670.0
538008115,1716445784,-16.167982,85.247665,101.0,0,670.0
538008115,1716446006,-16.163883,85.257446,101.0,0,670.0
538008115,1716446176,-16.160749,85.265167,101.0,0,660.0
538008115,1716446266,-16.159018,85.269165,100.0,0,640.0
538008115,1716446356,-16.157316,85.273186,101.0,0,660.0
538008115,1716446592,-16.152983,85.283447,101.0,0,660.0
538008115,1716446742,-16.150034,85.290565,102.0,0,660.0
538008115,1716446872,-16.147783,85.295914,101.0,0,660.0
538008115,1716446889,-16.147383,85.296852,101.0,0,660.0
538008115,1716447077,-16.143784,85.305183,100.0,0,650.0
538008115,1716447187,-16.141701,85.31002,99.0,0,650.0
538008115,1716447303,-16.139433,85.315315,99.0,0,650.0
538008115,1716447418,-16.137383,85.320099,100.0,0,650.0
538008115,1716447465,-16.136433,85.32235,100.0,0,650.0
538008115,1716447585,-16.134132,85.327599,100.0,0,660.0
538008115,1716447703,-16.132067,85.332314,100.0,0,650.0
538008115,1716447915,-16.127968,85.342033,100.0,0,660.0
538008115,1716448104,-16.124434,85.350449,100.0,0,660.0
538008115,1716448454,-16.117916,85.366035,100.0,0,660.0
538008115,1716448524,-16.116833,85.368668,100.0,0,670.0
538008115,1716448636,-16.114582,85.37397,100.0,0,660.0
538008115,1716448647,-16.114401,85.374352,100.0,0,650.0
538008115,1716448810,-16.111433,85.381485,100.0,0,660.0
538008115,1716448926,-16.109217,85.386833,100.0,0,660.0
538008115,1716449248,-16.103251,85.40107,101.0,0,660.0
538008115,1716449254,-16.103083,85.401497,101.0,0,660.0
538008115,1716449388,-16.100567,85.407364,102.0,0,660.0
538008115,1716449475,-16.098917,85.411247,101.0,0,660.0
538008115,1716449558,-16.097366,85.414948,101.0,0,660.0
538008115,1716449808,-16.092699,85.425964,101.0,0,660.0
538008115,1716450017,-16.0888,85.435364,100.0,0,670.0
538008115,1716450074,-16.087683,85.437981,100.0,0,660.0
538008115,1716450388,-16.0816,85.451584,100.0,0,640.0
538008115,1716450466,-16.079983,85.455086,100.0,0,640.0
538008115,1716450656,-16.076117,85.463264,99.0,0,630.0
538008115,1716450955,-16.07015,85.47628,98.0,0,650.0
538008115,1716451145,-16.066351,85.484566,100.0,0,640.0
538008115,1716451413,-16.060932,85.496284,99.0,0,640.0
538008115,1716451917,-16.050966,85.517868,99.0,0,640.0
538008115,1716452177,-16.045717,85.529251,99.0,0,640.0
538008115,1716452317,-16.042917,85.535431,100.0,0,640.0
538008115,1716452429,-16.040817,85.540298,100.0,0,660.0
538008115,1716452546,-16.038601,85.545601,100.0,0,660.0
538008115,1716452575,-16.038033,85.546967,100.0,0,660.0
538008115,1716452744,-16.03495,85.554535,100.0,0,660.0
538008115,1716452864,-16.032717,85.559799,100.0,0,660.0
538008115,1716453014,-16.029882,85.566467,99.0,0,650.0
538008115,1716453122,-16.027817,85.57122,100.0,0,660.0
538008115,1716453514,-16.020533,85.588516,99.0,0,660.0
538008115,1716453598,-16.018984,85.592003,99.0,0,650.0
538008115,1716453738,-16.016434,85.598099,99.0,0,670.0
538008115,1716454146,-16.009033,85.616203,99.0,0,670.0
538008115,1716454240,-16.007418,85.620132,99.0,0,670.0
538008115,1716454289,-16.0065,85.62233,99.0,0,660.0
538008115,1716454467,-16.003201,85.630249,99.0,0,670.0
538008115,1716454705,-15.99885,85.640831,98.0,0,670.0
538008115,1716454816,-15.996867,85.645714,98.0,0,660.0
538008115,1716455051,-15.992683,85.655746,99.0,0,670.0
538008115,1716455204,-15.989867,85.662781,99.0,0,670.0
538008115,1716455375,-15.986633,85.67012,99.0,0,650.0
538008115,1716456059,-15.97345,85.699951,100.0,0,640.0
538008115,1716456229,-15.9701,85.707314,99.0,0,650.0
538008115,1716456479,-15.965383,85.718246,98.0,0,650.0
538008115,1716456719,-15.960933,85.728569,98.0,0,650.0
538008115,1716456866,-15.958083,85.73513,98.0,0,650.0
538008115,1716457227,-15.951417,85.750648,97.0,0,660.0
538008115,1716457375,-15.948667,85.757065,97.0,0,650.0
538008115,1716457496,-15.946433,85.762215,97.0,0,650.0
538008115,1716457757,-15.941667,85.7733,97.0,0,660.0
538008115,1716457994,-15.937317,85.783501,97.0,0,660.0
538008115,1716458055,-15.936183,85.786034,97.0,0,650.0
538008115,1716458226,-15.933033,85.793335,98.0,0,670.0
538008115,1716458335,-15.930983,85.79808,98.0,0,660.0
538008115,1716458752,-15.922983,85.816101,96.0,0,650.0
538008115,1716458902,-15.920283,85.822647,97.0,0,660.0
538008115,1716459297,-15.9133,85.8395,98.0,0,660.0
538008115,1716459386,-15.911683,85.843414,98.0,0,660.0
538008115,1716459667,-15.9066,85.855652,98.0,0,660.0
538008115,1716459727,-15.905467,85.858253,98.0,0,650.0
538008115,1716459887,-15.902617,85.865265,99.0,0,660.0
538008115,1716459997,-15.900667,85.870049,99.0,0,660.0
538008115,1716460292,-15.895367,85.882751,99.0,0,660.0
538008115,1716460403,-15.893133,85.888031,99.0,0,660.0
538008115,1716460533,-15.890567,85.893631,99.0,0,630.0
538008115,1716460543,-15.890367,85.894051,98.0,0,630.0
538008115,1716460694,-15.887283,85.900398,99.0,0,640.0
538008115,1716460884,-15.883633,85.908051,99.0,0,630.0
538008115,1716461024,-15.880533,85.914383,99.0,0,640.0
538008115,1716461114,-15.878667,85.918221,98.0,0,630.0
538008115,1716461195,-15.877,85.921684,99.0,0,640.0
538008115,1716461256,-15.875867,85.924286,99.0,0,650.0
538008115,1716461426,-15.87265,85.931549,99.0,0,650.0
538008115,1716461514,-15.8709,85.935532,98.0,0,650.0
538008115,1716461594,-15.869433,85.938965,98.0,0,650.0
538008115,1716462067,-15.8602,85.959129,97.0,0,650.0
538008115,1716462257,-15.856717,85.967247,97.0,0,660.0
538008115,1716462475,-15.852783,85.97673,98.0,0,660.0
538008115,1716462723,-15.8482,85.987503,97.0,0,650.0
538008115,1716463043,-15.8425,86.001236,97.0,0,670.0
538008115,1716463053,-15.842317,86.001701,96.0,0,660.0
538008115,1716463091,-15.841783,86.002983,96.0,0,670.0
538008115,1716463450,-15.8352,86.018501,98.0,0,660.0
538008115,1716463455,-15.835033,86.018898,98.0,0,660.0
538008115,1716463510,-15.8341,86.021049,98.0,0,660.0
538008115,1716463610,-15.83225,86.025299,98.0,0,650.0
538008115,1716463728,-15.830017,86.030533,98.0,0,670.0
538008115,1716463885,-15.827083,86.037415,98.0,0,660.0
538008115,1716463995,-15.825067,86.042152,97.0,0,650.0
538008115,1716464407,-15.81765,86.059914,97.0,0,660.0
538008115,1716464471,-15.816583,86.062531,97.0,0,660.0
538008115,1716464527,-15.815433,86.065201,97.0,0,660.0
538008115,1716464539,-15.815267,86.065567,98.0,0,660.0
538008115,1716464656,-15.813133,86.070618,97.0,0,660.0
538008115,1716464876,-15.809117,86.080147,98.0,0,660.0
538008115,1716464963,-15.807417,86.084068,97.0,0,650.0
538008115,1716465138,-15.804117,86.091286,96.0,0,640.0
538008115,1716465175,-15.803367,86.092918,96.0,0,640.0
538008115,1716465227,-15.802417,86.09507,95.0,0,650.0
538008115,1716465346,-15.800167,86.100121,97.0,0,650.0
538008115,1716465772,-15.792083,86.118233,95.0,0,630.0
538008115,1716466497,-15.77855,86.148582,97.0,0,660.0
538008115,1716466851,-15.77215,86.163429,98.0,0,650.0
538008115,1716467045,-15.768367,86.171951,97.0,0,640.0
538008115,1716467203,-15.765367,86.178932,97.0,0,640.0
538008115,1716467351,-15.76275,86.184952,98.0,0,650.0
538008115,1716467393,-15.761817,86.187103,98.0,0,650.0
538008115,1716467463,-15.76055,86.190048,98.0,0,650.0
538008115,1716467843,-15.753417,86.206451,98.0,0,660.0
538008115,1716467959,-15.751383,86.211319,99.0,0,660.0
538008115,1716468334,-15.744233,86.227699,98.0,0,650.0
538008115,1716468418,-15.742733,86.231148,98.0,0,660.0
538008115,1716468558,-15.740133,86.237236,98.0,0,660.0
538008115,1716468846,-15.734733,86.249832,99.0,0,660.0
538008115,1716468927,-15.733217,86.253334,99.0,0,660.0
538008115,1716469132,-15.729383,86.262482,98.0,0,660.0
538008115,1716470460,-15.70545,86.320236,99.0,0,660.0
538008115,1716470535,-15.703967,86.3237,99.0,0,660.0
538008115,1716470646,-15.701917,86.328583,100.0,0,660.0
538008115,1716471036,-15.694383,86.345779,101.0,0,650.0
538008115,1716471095,-15.693233,86.348381,101.0,0,650.0
538008115,1716471277,-15.689667,86.356331,100.0,0,650.0
538008115,1716471305,-15.689083,86.357651,100.0,0,650.0
538008115,1716472384,-15.667967,86.404884,99.0,0,660.0
538008115,1716472813,-15.6598,86.42363,98.0,0,660.0
538008115,1716473065,-15.655,86.434448,99.0,0,650.0
538008115,1716473167,-15.653017,86.438919,99.0,0,650.0
538008115,1716473205,-15.652283,86.440651,99.0,0,660.0
538008115,1716473428,-15.648067,86.450348,100.0,0,650.0
538008115,1716473575,-15.64525,86.456902,99.0,0,660.0
538008115,1716473683,-15.6432,86.461685,99.0,0,660.0
538008115,1716474663,-15.624767,86.504463,99.0,0,650.0
538008115,1716475008,-15.61865,86.519432,98.0,0,670.0
538008115,1716475173,-15.61555,86.526848,98.0,0,660.0
538008115,1716475226,-15.614683,86.528999,98.0,0,660.0
538008115,1716475385,-15.611767,86.536079,98.0,0,670.0
538008115,1716475679,-15.606617,86.548683,98.0,0,670.0
538008115,1716475740,-15.60555,86.551247,98.0,0,660.0
538008115,1716475885,-15.602783,86.557816,98.0,0,660.0
538008115,1716476010,-15.600583,86.563049,99.0,0,660.0
538008115,1716476335,-15.594467,86.577347,98.0,0,640.0
538008115,1716476401,-15.59315,86.580368,99.0,0,650.0
538008115,1716476410,-15.592983,86.58075,99.0,0,650.0
538008115,1716476441,-15.592383,86.582153,99.0,0,660.0
538008115,1716476445,-15.592383,86.582153,99.0,0,660.0
538008115,1716476736,-15.58685,86.594749,99.0,0,650.0
538008115,1716476848,-15.584783,86.599434,99.0,0,650.0
538008115,1716476966,-15.582483,86.604652,99.0,0,650.0
538008115,1716477415,-15.57375,86.624298,99.0,0,650.0
538008115,1716477523,-15.5716,86.629082,99.0,0,650.0
538008115,1716477655,-15.56915,86.634735,99.0,0,660.0
538008115,1716477782,-15.566683,86.640404,98.0,0,650.0
538008115,1716477902,-15.564383,86.6455,99.0,0,650.0
538008115,1716478069,-15.561183,86.652466,99.0,0,650.0
538008115,1716478095,-15.560633,86.653687,98.0,0,650.0
538008115,1716478178,-15.559117,86.657051,99.0,0,640.0
538008115,1716478860,-15.5462,86.686768,99.0,0,660.0
538008115,1716478899,-15.5455,86.688454,99.0,0,670.0
538008115,1716478998,-15.543683,86.692802,99.0,0,660.0
538008115,1716479407,-15.536083,86.710686,99.0,0,650.0
538008115,1716479597,-15.532583,86.718948,99.0,0,650.0
538008115,1716479635,-15.5318,86.720734,99.0,0,660.0
538008115,1716479757,-15.52955,86.725967,99.0,0,660.0
538008115,1716480027,-15.524517,86.737732,99.0,0,660.0
538008115,1716480469,-15.516133,86.756683,98.0,0,640.0
538008115,1716480574,-15.514067,86.761452,99.0,0,650.0
538008115,1716480805,-15.509667,86.7714,99.0,0,640.0
538008115,1716480996,-15.506133,86.779503,99.0,0,650.0
538008115,1716481054,-15.505017,86.782097,99.0,0,650.0
538008115,1716481574,-15.49525,86.804718,99.0,0,650.0
538008115,1716481761,-15.491683,86.813019,99.0,0,650.0
538008115,1716481762,-15.491683,86.813019,99.0,0,650.0
538008115,1716481771,-15.491517,86.813469,99.0,0,660.0
538008115,1716481772,-15.491517,86.813469,99.0,0,660.0
538008115,1716481780,-15.491317,86.81385,99.0,0,650.0
538008115,1716481781,-15.491317,86.81385,99.0,0,650.0
538008115,1716481792,-15.491117,86.814316,99.0,0,650.0
538008115,1716481795,-15.491117,86.814316,99.0,0,650.0
538008115,1716481801,-15.4909,86.814766,99.0,0,650.0
538008115,1716481802,-15.4909,86.814766,99.0,0,650.0
538008115,1716481821,-15.49055,86.815636,99.0,0,650.0
538008115,1716481822,-15.49055,86.815636,99.0,0,650.0
538008115,1716481831,-15.490383,86.816017,99.0,0,650.0
538008115,1716481832,-15.490383,86.816017,99.0,0,650.0
538008115,1716481840,-15.490183,86.816452,99.0,0,660.0
538008115,1716481841,-15.490183,86.816452,99.0,0,660.0
538008115,1716481851,-15.489983,86.816933,99.0,0,650.0
538008115,1716481852,-15.489983,86.816933,99.0,0,650.0
538008115,1716481861,-15.489783,86.817413,99.0,0,660.0
538008115,1716481862,-15.489783,86.817413,99.0,0,660.0
538008115,1716481871,-15.4896,86.817802,99.0,0,640.0
538008115,1716481872,-15.4896,86.817802,99.0,0,640.0
538008115,1716481881,-15.489433,86.818253,99.0,0,660.0
538008115,1716481891,-15.489233,86.818665,99.0,0,660.0
538008115,1716481892,-15.489233,86.818665,99.0,0,660.0
538008115,1716481900,-15.489083,86.819069,99.0,0,650.0
538008115,1716481901,-15.489083,86.819069,99.0,0,650.0
538008115,1716481912,-15.488867,86.81955,99.0,0,660.0
538008115,1716481922,-15.488667,86.819969,99.0,0,650.0
538008115,1716481932,-15.4885,86.820419,99.0,0,660.0
538008115,1716481942,-15.488283,86.820847,99.0,0,650.0
538008115,1716481982,-15.487533,86.822586,99.0,0,660.0
538008115,1716481992,-15.48735,86.823013,99.0,0,650.0
538008115,1716482001,-15.487183,86.823418,99.0,0,660.0
538008115,1716482011,-15.487,86.823853,99.0,0,650.0
538008115,1716482022,-15.486783,86.824364,99.0,0,660.0
538008115,1716482061,-15.486067,86.826035,99.0,0,660.0
538008115,1716482082,-15.485667,86.82695,99.0,0,660.0
538008115,1716482102,-15.4853,86.827835,99.0,0,650.0
538008115,1716482112,-15.4851,86.82827,99.0,0,660.0
538008115,1716482131,-15.484767,86.829048,99.0,0,660.0
538008115,1716482152,-15.484367,86.829948,99.0,0,650.0
538008115,1716482172,-15.483983,86.830864,99.0,0,660.0
538008115,1716482181,-15.483817,86.831268,99.0,0,640.0
538008115,1716482222,-15.483,86.833054,99.0,0,650.0
538008115,1716482272,-15.482083,86.835197,99.0,0,660.0
538008115,1716482292,-15.4817,86.836121,99.0,0,660.0
538008115,1716482575,-15.476467,86.848251,99.0,0,650.0
538008115,1716482664,-15.474717,86.852119,98.0,0,640.0
538008115,1716482785,-15.472383,86.857285,99.0,0,650.0
538008115,1716483694,-15.4545,86.896614,99.0,0,630.0
538008115,1716483868,-15.4511,86.903954,99.0,0,650.0
538008115,1716483938,-15.449817,86.906982,99.0,0,660.0
538008115,1716484172,-15.445667,86.91758,99.0,0,670.0
538008115,1716484697,-15.43615,86.940285,98.0,0,660.0
538008115,1716484741,-15.43545,86.942017,99.0,0,660.0
538008115,1716484882,-15.432667,86.948448,98.0,0,660.0
538008115,1716485014,-15.430233,86.954002,98.0,0,650.0
538008115,1716485734,-15.416533,86.985229,99.0,0,650.0
538008115,1716485745,-15.416367,86.985619,99.0,0,650.0
538008115,1716485755,-15.416167,86.986099,99.0,0,660.0
538008115,1716485805,-15.415217,86.988266,99.0,0,660.0
538008115,1716485925,-15.412917,86.993401,99.0,0,650.0
538008115,1716486024,-15.410967,86.997734,98.0,0,650.0
538008115,1716486134,-15.40885,87.002563,99.0,0,650.0
538008115,1716486266,-15.4064,87.008148,98.0,0,650.0
538008115,1716486293,-15.405817,87.00943,99.0,0,640.0
538008115,1716486343,-15.40485,87.011581,99.0,0,640.0
538008115,1716486400,-15.403883,87.013748,98.0,0,650.0
538008115,1716486632,-15.39945,87.024033,98.0,0,660.0
538008115,1716487025,-15.392217,87.040947,98.0,0,660.0
538008115,1716487187,-15.3893,87.047897,98.0,0,650.0
538008115,1716487225,-15.38855,87.049629,98.0,0,650.0
538008115,1716487474,-15.383783,87.060318,98.0,0,650.0
538008115,1716487495,-15.383367,87.061218,97.0,0,640.0
538008115,1716487653,-15.380283,87.068016,97.0,0,650.0
538008115,1716487701,-15.37955,87.069702,98.0,0,650.0
538008115,1716487720,-15.37915,87.070549,98.0,0,640.0
538008115,1716487912,-15.375333,87.079117,97.0,0,650.0
538008115,1716487952,-15.37475,87.080452,97.0,0,650.0
538008115,1716488069,-15.372483,87.085617,97.0,0,660.0
538008115,1716488212,-15.36995,87.091652,97.0,0,660.0
538008115,1716488470,-15.36525,87.102852,98.0,0,650.0
538008115,1716488511,-15.3645,87.10463,97.0,0,660.0
538008115,1716488637,-15.362083,87.110252,99.0,0,660.0
538008115,1716489013,-15.354967,87.126747,97.0,0,660.0
538008115,1716489153,-15.352333,87.132782,97.0,0,650.0
538008115,1716489233,-15.35085,87.136215,97.0,0,650.0
538008115,1716489343,-15.348783,87.1409,97.0,0,650.0
538008115,1716489523,-15.3455,87.148666,97.0,0,660.0
538008115,1716489573,-15.344583,87.150864,97.0,0,660.0
538008115,1716489644,-15.343333,87.153847,98.0,0,650.0
538008115,1716489724,-15.341833,87.157333,97.0,0,660.0
538008115,1716489853,-15.33945,87.162849,97.0,0,660.0
538008115,1716490135,-15.33435,87.175079,98.0,0,660.0
538008115,1716490195,-15.33325,87.177765,99.0,0,660.0
538008115,1716490515,-15.327283,87.19175,98.0,0,660.0
538008115,1716490697,-15.324033,87.199684,100.0,0,670.0
538008115,1716490797,-15.322183,87.204102,100.0,0,660.0
538008115,1716491087,-15.316333,87.216652,100.0,0,630.0
538008115,1716491259,-15.312783,87.224152,100.0,0,640.0
538008115,1716491326,-15.311417,87.227119,101.0,0,640.0
538008115,1716491447,-15.309,87.232353,100.0,0,640.0
538008115,1716491816,-15.301633,87.248535,99.0,0,650.0
538008115,1716492410,-15.29095,87.27462,99.0,0,670.0
538008115,1716492475,-15.28975,87.277718,100.0,0,680.0
538008115,1716492611,-15.28745,87.283501,100.0,0,670.0
538008115,1716492695,-15.285883,87.287369,99.0,0,670.0
538008115,1716493023,-15.279483,87.30162,99.0,0,640.0
538008115,1716493281,-15.2743,87.312752,98.0,0,640.0
538008115,1716493644,-15.267583,87.328247,97.0,0,670.0
538008115,1716494239,-15.256717,87.353485,99.0,0,650.0
538008115,1716494253,-15.256317,87.354401,99.0,0,650.0
538008115,1716494852,-15.244833,87.379997,99.0,0,650.0
538008115,1716495332,-15.2352,87.401398,100.0,0,650.0
538008115,1716495459,-15.2328,87.406616,100.0,0,640.0
538008115,1716495507,-15.2318,87.408852,100.0,0,650.0
538008115,1716495646,-15.228967,87.414917,99.0,0,640.0
538008115,1716495872,-15.224583,87.424965,99.0,0,670.0
538008115,1716495926,-15.2236,87.427269,99.0,0,660.0
538008115,1716496086,-15.220717,87.434265,98.0,0,670.0
538008115,1716496197,-15.218767,87.439018,99.0,0,670.0
538008115,1716496485,-15.2134,87.451851,98.0,0,650.0
538008115,1716496755,-15.208533,87.463699,98.0,0,670.0
538008115,1716496981,-15.204367,87.473801,98.0,0,660.0
538008115,1716497033,-15.20345,87.475983,98.0,0,670.0
538008115,1716497323,-15.1985,87.488297,98.0,0,670.0
538008115,1716497453,-15.19595,87.494385,97.0,0,660.0
538008115,1716497548,-15.19435,87.498215,96.0,0,660.0
538008115,1716497553,-15.194133,87.498703,96.0,0,660.0
538008115,1716497724,-15.1912,87.506035,97.0,0,670.0
538008115,1716497746,-15.190817,87.506966,97.0,0,660.0
538008115,1716498213,-15.182317,87.527084,96.0,0,650.0
538008115,1716498953,-15.1687,87.558983,98.0,0,650.0
538008115,1716499522,-15.158083,87.583519,98.0,0,650.0
538008115,1716500094,-15.1473,87.608315,97.0,0,650.0
538008115,1716500597,-15.137867,87.629936,98.0,0,640.0
538008115,1716501123,-15.127867,87.652733,97.0,0,650.0
538008115,1716501303,-15.124433,87.660431,97.0,0,640.0
538008115,1716501662,-15.11765,87.675735,96.0,0,660.0
538008115,1716502209,-15.107233,87.698669,96.0,0,640.0
538008115,1716502213,-15.107067,87.699066,96.0,0,650.0
538008115,1716502243,-15.106517,87.700333,96.0,0,650.0
538008115,1716502353,-15.104417,87.704964,97.0,0,640.0
538008115,1716502763,-15.096617,87.722549,97.0,0,640.0
538008115,1716502883,-15.094333,87.727715,98.0,0,650.0
538008115,1716503304,-15.08625,87.745796,97.0,0,640.0
538008115,1716503427,-15.084033,87.750969,97.0,0,640.0
538008115,1716503676,-15.079317,87.761734,97.0,0,660.0
538008115,1716503857,-15.0759,87.769417,98.0,0,650.0
538008115,1716503917,-15.07475,87.772018,98.0,0,650.0
538008115,1716504034,-15.072433,87.777229,99.0,0,650.0
538008115,1716504094,-15.071217,87.779884,98.0,0,640.0
538008115,1716504177,-15.069633,87.783348,98.0,0,640.0
538008115,1716504267,-15.067933,87.787247,98.0,0,650.0
538008115,1716504447,-15.0645,87.795135,98.0,0,650.0
538008115,1716504464,-15.06415,87.795967,98.0,0,650.0
538008115,1716504517,-15.063167,87.798119,98.0,0,640.0
538008115,1716504707,-15.059433,87.80632,98.0,0,650.0
538008115,1716504989,-15.054083,87.818451,97.0,0,650.0
538008115,1716505047,-15.05295,87.821053,98.0,0,660.0
538008115,1716505189,-15.0503,87.827034,97.0,0,660.0
538008115,1716505209,-15.049933,87.827904,97.0,0,660.0
538008115,1716505533,-15.043683,87.842117,97.0,0,640.0
538008115,1716505653,-15.04135,87.847252,96.0,0,650.0
538008115,1716505728,-15.040017,87.85022,96.0,0,640.0
538008115,1716506087,-15.03315,87.865486,96.0,0,650.0
538008115,1716506455,-15.026017,87.881104,96.0,0,650.0
538008115,1716506913,-15.017083,87.900681,97.0,0,650.0
538008115,1716507392,-15.008917,87.9216,97.0,0,680.0
538008115,1716507498,-15.007183,87.925949,97.0,0,680.0
538008115,1716508575,-14.989033,87.97345,98.0,0,680.0
538008115,1716508655,-14.98765,87.976982,98.0,0,680.0
538008115,1716509097,-14.979333,87.996033,98.0,0,640.0
538008115,1716510171,-14.957283,88.042252,97.0,0,620.0
538008115,1716510229,-14.95625,88.044365,97.0,0,620.0
538008115,1716510314,-14.954417,88.04818,97.0,0,630.0
538008115,1716510475,-14.95135,88.055099,97.0,0,660.0
538008115,1716510654,-14.94805,88.062836,96.0,0,650.0
538008115,1716510721,-14.946983,88.065315,96.0,0,660.0
538008115,1716510798,-14.945517,88.068802,96.0,0,660.0
538008115,1716510910,-14.9435,88.073631,97.0,0,660.0
538008115,1716510947,-14.9428,88.075333,97.0,0,660.0
538008115,1716511008,-14.941667,88.077904,97.0,0,650.0
538008115,1716512172,-14.9209,88.128197,96.0,0,660.0
538008115,1716512398,-14.916967,88.137581,96.0,0,670.0
538008115,1716512795,-14.9097,88.154617,95.0,0,660.0
538008115,1716512825,-14.909183,88.1558,95.0,0,660.0
538008115,1716512892,-14.907933,88.158798,95.0,0,660.0
538008115,1716512956,-14.906867,88.161301,95.0,0,660.0
538008115,1716513106,-14.90415,88.167633,94.0,0,650.0
538008115,1716513265,-14.901167,88.174286,93.0,0,650.0
538008115,1716513457,-14.897667,88.182198,93.0,0,650.0
538008115,1716513886,-14.889767,88.199951,94.0,0,640.0
538008115,1716514035,-14.88695,88.206116,94.0,0,650.0
538008115,1716514408,-14.88,88.221603,95.0,0,650.0
538008115,1716514579,-14.876933,88.228714,94.0,0,660.0
538008115,1716514966,-14.8698,88.245064,94.0,0,650.0
538008115,1716515224,-14.865167,88.255966,94.0,0,650.0
538008115,1716515448,-14.861167,88.265221,95.0,0,650.0
538008115,1716515671,-14.857033,88.274414,94.0,0,660.0
538008115,1716516016,-14.85045,88.289085,95.0,0,650.0
538008115,1716516173,-14.847417,88.295753,95.0,0,650.0
538008115,1716516279,-14.84555,88.299934,95.0,0,640.0
538008115,1716517155,-14.829117,88.336815,94.0,0,650.0
538008115,1716517611,-14.820517,88.355766,94.0,0,640.0
538008115,1716517685,-14.819183,88.358704,94.0,0,650.0
538008115,1716517806,-14.816967,88.363701,94.0,0,650.0
538008115,1716518721,-14.801583,88.400764,93.0,0,670.0
538008115,1716518767,-14.800433,88.403687,94.0,0,680.0
538008115,1716518877,-14.798517,88.408386,93.0,0,670.0
538008115,1716519089,-14.795083,88.417236,93.0,0,670.0
538008115,1716519182,-14.79325,88.421364,93.0,0,650.0
538008115,1716519242,-14.792067,88.42382,93.0,0,630.0
538008115,1716519256,-14.7919,88.424187,93.0,0,630.0
538008115,1716519261,-14.791717,88.424583,93.0,0,640.0
538008115,1716519271,-14.791517,88.425003,93.0,0,640.0
538008115,1716519281,-14.79135,88.425369,93.0,0,640.0
538008115,1716519292,-14.791117,88.425865,94.0,0,640.0
538008115,1716519302,-14.79095,88.426231,93.0,0,640.0
538008115,1716519311,-14.790767,88.426636,94.0,0,640.0
538008115,1716519314,-14.790767,88.426636,94.0,0,640.0
538008115,1716519331,-14.790383,88.427467,94.0,0,650.0
538008115,1716519362,-14.7898,88.428818,94.0,0,660.0
538008115,1716519371,-14.78965,88.429153,93.0,0,650.0
538008115,1716519539,-14.786767,88.435867,94.0,0,660.0
538008115,1716519760,-14.7828,88.445084,94.0,0,650.0
538008115,1716519820,-14.7817,88.447571,94.0,0,650.0
538008115,1716519838,-14.781333,88.44838,94.0,0,650.0
538008115,1716519883,-14.780467,88.450371,93.0,0,660.0
538008115,1716520018,-14.778133,88.455879,94.0,0,660.0
538008115,1716520403,-14.771267,88.471985,93.0,0,660.0
538008115,1716520583,-14.768183,88.479416,92.0,0,660.0
538008115,1716520813,-14.764267,88.488914,92.0,0,670.0
538008115,1716521795,-14.746883,88.528549,91.0,0,640.0
538008115,1716522084,-14.7416,88.54023,91.0,0,660.0
538008115,1716522113,-14.741083,88.541397,91.0,0,660.0
538008115,1716522949,-14.726433,88.57502,93.0,0,650.0
538008115,1716523314,-14.719633,88.590149,92.0,0,640.0
538008115,1716523976,-14.708333,88.616982,91.0,0,670.0
538008115,1716524229,-14.703967,88.627182,92.0,0,660.0
538008115,1716524532,-14.698783,88.63945,92.0,0,660.0
538008115,1716524561,-14.69805,88.640999,92.0,0,640.0
538008115,1716524591,-14.697533,88.642181,92.0,0,650.0
538008115,1716524621,-14.697,88.643402,92.0,0,650.0
538008115,1716524645,-14.6966,88.644302,92.0,0,650.0
538008115,1716524651,-14.69645,88.644684,92.0,0,650.0
538008115,1716524662,-14.696233,88.645164,92.0,0,650.0
538008115,1716524691,-14.69575,88.646317,92.0,0,660.0
538008115,1716524702,-14.69555,88.646767,92.0,0,660.0
538008115,1716524711,-14.6954,88.647133,92.0,0,660.0
538008115,1716524722,-14.6952,88.647583,92.0,0,660.0
538008115,1716524751,-14.694717,88.648781,92.0,0,660.0
538008115,1716524761,-14.69455,88.6492,92.0,0,660.0
538008115,1716524791,-14.694017,88.650414,92.0,0,660.0
538008115,1716524801,-14.69385,88.650833,92.0,0,660.0
538008115,1716524811,-14.693667,88.65123,92.0,0,660.0
538008115,1716524821,-14.693483,88.65168,92.0,0,660.0
538008115,1716524842,-14.693117,88.652496,93.0,0,660.0
538008115,1716524861,-14.692783,88.653252,93.0,0,660.0
538008115,1716524862,-14.692783,88.653252,93.0,0,660.0
538008115,1716524871,-14.692583,88.653702,92.0,0,650.0
538008115,1716524881,-14.692417,88.654099,92.0,0,660.0
538008115,1716524891,-14.69225,88.654465,92.0,0,660.0
538008115,1716524902,-14.692067,88.654915,92.0,0,650.0
538008115,1716524911,-14.691883,88.655334,92.0,0,650.0
538008115,1716524941,-14.691333,88.656601,93.0,0,650.0
538008115,1716524952,-14.69115,88.656998,92.0,0,650.0
538008115,1716524962,-14.690967,88.657417,92.0,0,660.0
538008115,1716524971,-14.6908,88.657768,92.0,0,640.0
538008115,1716524981,-14.690617,88.658165,92.0,0,650.0
538008115,1716524991,-14.690433,88.658585,92.0,0,650.0
538008115,1716525001,-14.690267,88.658981,92.0,0,650.0
538008115,1716525099,-14.688667,88.662666,91.0,0,660.0
538008115,1716525228,-14.6864,88.667999,92.0,0,660.0
538008115,1716525336,-14.684467,88.672447,91.0,0,660.0
538008115,1716525605,-14.679667,88.683403,92.0,0,650.0
538008115,1716526677,-14.65975,88.72673,92.0,0,650.0
538008115,1716526696,-14.659417,88.727501,92.0,0,650.0
538008115,1716526715,-14.65905,88.728348,92.0,0,650.0
538008115,1716527227,-14.649833,88.749168,93.0,0,650.0
538008115,1716527791,-14.639833,88.772247,93.0,0,660.0
538008115,1716527986,-14.63625,88.780548,94.0,0,660.0
538008115,1716528200,-14.63245,88.789185,93.0,0,650.0
538008115,1716528254,-14.631383,88.791718,93.0,0,660.0
538008115,1716528413,-14.62865,88.798317,93.0,0,660.0
538008115,1716528917,-14.619817,88.819084,93.0,0,670.0
538008115,1716528923,-14.619617,88.819481,93.0,0,660.0
538008115,1716528946,-14.6193,88.82032,94.0,0,660.0
538008115,1716529406,-14.611133,88.839447,94.0,0,650.0
538008115,1716529879,-14.602717,88.859131,94.0,0,650.0
538008115,1716530113,-14.598517,88.869202,93.0,0,660.0
538008115,1716530518,-14.591317,88.885651,93.0,0,660.0
538008115,1716530623,-14.5894,88.890114,93.0,0,660.0
538008115,1716530635,-14.5892,88.890602,92.0,0,660.0
538008115,1716530874,-14.584883,88.900398,92.0,0,650.0
538008115,1716531094,-14.580833,88.909348,92.0,0,640.0
538008115,1716531214,-14.578733,88.914215,92.0,0,660.0
538008115,1716531479,-14.574167,88.924736,92.0,0,660.0
538008115,1716531598,-14.572067,88.929565,91.0,0,650.0
538008115,1716531686,-14.570433,88.93325,92.0,0,660.0
538008115,1716532195,-14.561433,88.953781,91.0,0,650.0
538008115,1716532286,-14.559883,88.957397,90.0,0,660.0
538008115,1716532725,-14.5524,88.974968,90.0,0,650.0
538008115,1716532785,-14.551333,88.977417,90.0,0,650.0
538008115,1716532895,-14.549467,88.981865,91.0,0,670.0
538008115,1716533111,-14.54575,88.990334,91.0,0,650.0
538008115,1716533203,-14.543967,88.994331,92.0,0,650.0
538008115,1716533270,-14.542867,88.996803,92.0,0,650.0
538008115,1716533353,-14.541333,89.000298,91.0,0,650.0
538008115,1716533423,-14.540033,89.003166,91.0,0,640.0
538008115,1716533524,-14.538267,89.007118,91.0,0,650.0
538008115,1716533571,-14.537567,89.00872,91.0,0,650.0
538008115,1716533680,-14.535617,89.013168,91.0,0,640.0
538008115,1716533810,-14.533367,89.018402,92.0,0,660.0
538008115,1716533951,-14.530833,89.024071,92.0,0,650.0
538008115,1716534317,-14.524417,89.039047,92.0,0,660.0
538008115,1716534338,-14.524067,89.039902,93.0,0,660.0
538008115,1716534458,-14.521933,89.044785,92.0,0,660.0
538008115,1716534668,-14.518383,89.053352,94.0,0,660.0
538008115,1716534923,-14.513967,89.064049,92.0,0,660.0
538008115,1716535056,-14.5118,89.069519,93.0,0,670.0
538008115,1716535343,-14.50665,89.08123,92.0,0,660.0
538008115,1716536415,-14.487533,89.124367,92.0,0,660.0
538008115,1716536627,-14.483917,89.132896,92.0,0,660.0
538008115,1716536937,-14.478483,89.145401,92.0,0,670.0
538008115,1716537335,-14.471567,89.161552,91.0,0,650.0
538008115,1716537383,-14.4707,89.163498,91.0,0,650.0
538008115,1716537505,-14.468583,89.168381,90.0,0,660.0
538008115,1716537865,-14.46245,89.18277,91.0,0,660.0
538008115,1716538074,-14.45895,89.191132,91.0,0,660.0
538008115,1716538425,-14.452783,89.205185,91.0,0,650.0
538008115,1716538960,-14.44305,89.226234,92.0,0,640.0
538008115,1716539077,-14.4408,89.231033,92.0,0,640.0
538008115,1716539167,-14.43915,89.234596,92.0,0,640.0
538008115,1716539317,-14.436433,89.240631,92.0,0,650.0
538008115,1716539415,-14.434583,89.24472,93.0,0,650.0
538008115,1716539687,-14.42975,89.255531,92.0,0,670.0
538008115,1716539747,-14.4287,89.258003,92.0,0,660.0
538008115,1716540521,-14.415,89.288933,91.0,0,650.0
538008115,1716540611,-14.413433,89.292435,90.0,0,650.0
538008115,1716540775,-14.410467,89.299248,91.0,0,650.0
538008115,1716540820,-14.409733,89.300919,91.0,0,650.0
538008115,1716540838,-14.409383,89.301666,91.0,0,650.0
538008115,1716541171,-14.403383,89.315231,92.0,0,650.0
538008115,1716541190,-14.4032,89.315636,92.0,0,650.0
538008115,1716541358,-14.40015,89.322533,92.0,0,660.0
538008115,1716541780,-14.39275,89.339584,92.0,0,650.0
538008115,1716542067,-14.3876,89.351448,93.0,0,670.0
538008115,1716542353,-14.38255,89.36338,92.0,0,670.0
538008115,1716542467,-14.3807,89.367882,91.0,0,680.0
538008115,1716543263,-14.3671,89.400314,90.0,0,670.0
538008115,1716543493,-14.363233,89.409653,92.0,0,660.0
538008115,1716543818,-14.357567,89.4226,92.0,0,630.0
538008115,1716544337,-14.34775,89.443481,93.0,0,640.0
538008115,1716544925,-14.336683,89.467346,93.0,0,640.0
538008115,1716545183,-14.331733,89.477814,92.0,0,630.0
538008115,1716545289,-14.329933,89.481796,93.0,0,650.0
538008115,1716545373,-14.328317,89.485497,93.0,0,650.0
538008115,1716545513,-14.3257,89.491219,93.0,0,630.0
538008115,1716545545,-14.325133,89.492416,93.0,0,640.0
538008115,1716545724,-14.321767,89.499748,94.0,0,640.0
538008115,1716545937,-14.3178,89.508385,93.0,0,660.0
538008115,1716546330,-14.311267,89.52475,95.0,0,670.0
538008115,1716547106,-14.297767,89.557198,95.0,0,660.0
538008115,1716547154,-14.296833,89.559349,95.0,0,660.0
538008115,1716547465,-14.291033,89.572266,95.0,0,650.0
538008115,1716547556,-14.289383,89.57605,96.0,0,650.0
538008115,1716548176,-14.277817,89.601768,94.0,0,640.0
538008115,1716548341,-14.274567,89.608833,94.0,0,650.0
538008115,1716548529,-14.271217,89.616264,94.0,0,650.0
538008115,1716548621,-14.269433,89.619919,94.0,0,630.0
538008115,1716548719,-14.267517,89.624016,94.0,0,660.0
538008115,1716548831,-14.265517,89.628601,95.0,0,660.0
538008115,1716548934,-14.2635,89.633102,94.0,0,640.0
538008115,1716549068,-14.261,89.638397,94.0,0,630.0
538008115,1716549355,-14.25585,89.650467,94.0,0,670.0
538008115,1716549445,-14.254283,89.654114,93.0,0,660.0
538008115,1716549557,-14.252333,89.658684,93.0,0,650.0
538008115,1716549627,-14.251083,89.661568,93.0,0,650.0
538008115,1716550607,-14.2347,89.702553,95.0,0,690.0
538008115,1716550653,-14.2339,89.704636,93.0,0,690.0
538008115,1716550886,-14.23,89.714134,92.0,0,660.0
538008115,1716551251,-14.223367,89.729431,93.0,0,660.0
538008115,1716552655,-14.198167,89.787849,95.0,0,660.0
538008115,1716552817,-14.195133,89.794479,94.0,0,630.0
538008115,1716553437,-14.183317,89.819633,93.0,0,640.0
538008115,1716553674,-14.1788,89.829399,92.0,0,640.0
538008115,1716553776,-14.176917,89.833366,92.0,0,630.0
538008115,1716553825,-14.175917,89.835403,92.0,0,630.0
538008115,1716553944,-14.17365,89.840202,92.0,0,640.0
538008115,1716554208,-14.16895,89.85067,92.0,0,660.0
538008115,1716554324,-14.1669,89.855568,92.0,0,660.0
538008115,1716554494,-14.163967,89.862549,93.0,0,660.0
538008115,1716554803,-14.158633,89.875298,94.0,0,660.0
538008115,1716554873,-14.1574,89.878197,94.0,0,650.0
538008115,1716554983,-14.15545,89.882782,94.0,0,650.0
538008115,1716555123,-14.152933,89.888565,94.0,0,650.0
538008115,1716555410,-14.148033,89.90033,94.0,0,660.0
538008115,1716556617,-14.126317,89.951118,96.0,0,660.0
538008115,1716556733,-14.1242,89.95623,95.0,0,660.0
538008115,1716556913,-14.1211,89.963364,95.0,0,650.0
538008115,1716557356,-14.113067,89.982315,96.0,0,670.0
538008115,1716557543,-14.109783,89.99025,96.0,0,670.0
538008115,1716558369,-14.093467,90.02372,95.0,0,650.0
538008115,1716558875,-14.083467,90.044968,96.0,0,630.0
538008115,1716558998,-14.081083,90.049919,97.0,0,640.0
538008115,1716559078,-14.079433,90.053268,97.0,0,640.0
538008115,1716559199,-14.077,90.058182,97.0,0,630.0
538008115,1716559604,-14.068683,90.075165,96.0,0,610.0
538008115,1716559744,-14.065867,90.080917,96.0,0,630.0
538008115,1716559864,-14.063567,90.085953,96.0,0,650.0
538008115,1716560074,-14.059433,90.094551,96.0,0,630.0
538008115,1716560214,-14.0567,90.100334,96.0,0,640.0
538008115,1716560254,-14.05585,90.101997,95.0,0,630.0
538008115,1716560324,-14.054483,90.104851,95.0,0,640.0
538008115,1716561149,-14.038617,90.138214,94.0,0,630.0
538008115,1716561190,-14.037833,90.139832,94.0,0,630.0
538008115,1716561406,-14.033367,90.148682,95.0,0,630.0
538008115,1716561478,-14.031933,90.151466,95.0,0,620.0
538008115,1716561743,-14.026433,90.1623,94.0,0,630.0
538008115,1716561924,-14.02275,90.169502,95.0,0,630.0
538008115,1716561984,-14.021533,90.171921,95.0,0,620.0
538008115,1716562293,-14.015067,90.184418,95.0,0,620.0
538008115,1716562330,-14.014417,90.185631,94.0,0,610.0
538008115,1716562413,-14.0126,90.189331,94.0,0,630.0
538008115,1716563309,-13.995533,90.225731,95.0,0,620.0
538008115,1716563396,-13.993733,90.229385,95.0,0,620.0
538008115,1716563526,-13.991267,90.23465,95.0,0,650.0
538008115,1716563586,-13.990117,90.237083,94.0,0,630.0
538008115,1716564934,-13.963667,90.291519,93.0,0,640.0
538008115,1716565014,-13.962133,90.294785,94.0,0,650.0
538008115,1716565249,-13.9577,90.303917,92.0,0,640.0
538008115,1716565519,-13.952533,90.314766,93.0,0,640.0
538008115,1716565573,-13.95135,90.317146,92.0,0,620.0
538008115,1716565733,-13.948167,90.323631,93.0,0,630.0
538008115,1716565964,-13.9436,90.332748,94.0,0,610.0
538008115,1716566048,-13.94195,90.33593,95.0,0,610.0
538008115,1716566081,-13.941117,90.337585,94.0,0,620.0
538008115,1716566091,-13.940917,90.337936,94.0,0,610.0
538008115,1716566111,-13.940533,90.338753,94.0,0,620.0
538008115,1716566121,-13.940317,90.339149,94.0,0,620.0
538008115,1716566142,-13.939883,90.339981,94.0,0,610.0
538008115,1716566161,-13.9395,90.340698,94.0,0,620.0
538008115,1716566181,-13.9391,90.341568,94.0,0,630.0
538008115,1716566221,-13.938267,90.34317,94.0,0,620.0
538008115,1716566262,-13.937467,90.344833,95.0,0,620.0
538008115,1716566271,-13.937283,90.345184,94.0,0,640.0
538008115,1716566281,-13.937083,90.345581,95.0,0,630.0
538008115,1716566292,-13.936867,90.346046,95.0,0,640.0
538008115,1716566301,-13.936683,90.34642,95.0,0,630.0
538008115,1716566312,-13.936467,90.34687,95.0,0,630.0
538008115,1716566322,-13.936283,90.347267,95.0,0,630.0
538008115,1716566332,-13.936083,90.347717,95.0,0,640.0
538008115,1716566341,-13.935917,90.34803,95.0,0,620.0
538008115,1716566352,-13.935683,90.348518,95.0,0,630.0
538008115,1716566361,-13.9355,90.348831,95.0,0,630.0
538008115,1716566372,-13.935283,90.349281,95.0,0,620.0
538008115,1716566452,-13.93365,90.35247,94.0,0,610.0
538008115,1716567054,-13.921383,90.37645,94.0,0,620.0
538008115,1716567155,-13.919367,90.380531,94.0,0,640.0
538008115,1716568182,-13.899317,90.421814,94.0,0,640.0
538008115,1716568322,-13.896383,90.427864,94.0,0,630.0
538008115,1716569127,-13.8807,90.460083,93.0,0,630.0
538008115,1716569265,-13.877967,90.465714,94.0,0,630.0
538008115,1716569298,-13.877367,90.466949,94.0,0,630.0
538008115,1716569367,-13.876017,90.469803,94.0,0,640.0
538008115,1716570184,-13.860133,90.502602,93.0,0,640.0
538008115,1716570446,-13.8552,90.51297,93.0,0,630.0
538008115,1716570586,-13.852433,90.51857,92.0,0,630.0
538008115,1716570800,-13.84845,90.526901,93.0,0,620.0
538008115,1716570975,-13.844933,90.534019,93.0,0,610.0
538008115,1716571178,-13.841067,90.542053,93.0,0,630.0
538008115,1716571263,-13.83935,90.54557,93.0,0,640.0
538008115,1716571333,-13.838017,90.54837,93.0,0,630.0
538008115,1716571490,-13.835133,90.554451,94.0,0,640.0
538008115,1716571573,-13.833433,90.558052,94.0,0,640.0
538008115,1716571643,-13.83205,90.560883,92.0,0,630.0
538008115,1716571683,-13.831283,90.562485,92.0,0,640.0
538008115,1716571801,-13.82895,90.567284,93.0,0,630.0
538008115,1716571804,-13.82895,90.567284,93.0,0,630.0
538008115,1716571810,-13.828783,90.56765,94.0,0,630.0
538008115,1716571832,-13.82835,90.568535,93.0,0,630.0
538008115,1716571841,-13.8282,90.568901,94.0,0,620.0
538008115,1716571870,-13.827617,90.570068,94.0,0,640.0
538008115,1716571871,-13.827617,90.570068,94.0,0,640.0
538008115,1716571882,-13.827383,90.570503,92.0,0,630.0
538008115,1716571894,-13.8272,90.5709,94.0,0,620.0
538008115,1716572064,-13.823917,90.577721,94.0,0,640.0
538008115,1716572146,-13.822417,90.580933,94.0,0,640.0
538008115,1716572342,-13.8191,90.588387,95.0,0,640.0
538008115,1716572434,-13.817167,90.59227,94.0,0,630.0
538008115,1716572895,-13.80805,90.610916,93.0,0,640.0
538008115,1716572955,-13.80705,90.613136,93.0,0,640.0
538008115,1716572993,-13.806067,90.614868,92.0,0,630.0
538008115,1716573113,-13.8038,90.619598,94.0,0,640.0
538008115,1716573163,-13.802867,90.621696,93.0,0,650.0
538008115,1716573469,-13.797083,90.633736,94.0,0,620.0
538008115,1716573592,-13.794617,90.638901,93.0,0,620.0
538008115,1716573687,-13.792933,90.64257,93.0,0,640.0
538008115,1716573999,-13.786933,90.65493,93.0,0,620.0
538008115,1716574034,-13.786133,90.656532,93.0,0,630.0
538008115,1716574308,-13.780867,90.667366,94.0,0,630.0
538008115,1716574317,-13.7807,90.667717,93.0,0,630.0
538008115,1716574630,-13.774583,90.680153,94.0,0,630.0
538008115,1716575166,-13.7639,90.701881,94.0,0,630.0
538008115,1716575243,-13.762267,90.705132,95.0,0,620.0
538008115,1716575643,-13.754133,90.72097,94.0,0,620.0
538008115,1716575717,-13.752783,90.723816,94.0,0,640.0
538008115,1716575943,-13.7485,90.732697,95.0,0,630.0
538008115,1716576213,-13.7428,90.743935,94.0,0,620.0
538008115,1716576295,-13.741183,90.747131,94.0,0,620.0
538008115,1716576405,-13.73905,90.751564,94.0,0,630.0
538008115,1716576765,-13.731967,90.766113,94.0,0,630.0
538008115,1716578685,-13.6939,90.843552,94.0,0,630.0
538008115,1716579228,-13.683333,90.865402,94.0,0,630.0
538008115,1716579343,-13.680917,90.870171,93.0,0,630.0
538008115,1716579753,-13.67325,90.886749,92.0,0,640.0
538008115,1716580293,-13.663133,90.908249,91.0,0,630.0
538008115,1716580413,-13.660833,90.913017,92.0,0,640.0
538008115,1716580552,-13.6584,90.918182,93.0,0,640.0
538008115,1716580783,-13.653717,90.927696,94.0,0,620.0
538008115,1716580897,-13.651533,90.932053,93.0,0,620.0
538008115,1716580955,-13.650283,90.93438,92.0,0,600.0
538008115,1716581392,-13.641417,90.951584,93.0,0,620.0
538008115,1716581634,-13.63685,90.961266,93.0,0,650.0
538008115,1716581982,-13.630667,90.974113,94.0,0,640.0
538008115,1716582656,-13.6172,91.002296,93.0,0,650.0
538008115,1716582846,-13.613583,91.00972,91.0,0,620.0
538008115,1716583140,-13.608117,91.02137,92.0,0,630.0
538008115,1716583229,-13.606433,91.024933,92.0,0,630.0
538008115,1716583298,-13.605067,91.027763,92.0,0,640.0
538008115,1716583430,-13.602467,91.032967,92.0,0,620.0
538008115,1716585123,-13.569117,91.100647,92.0,0,640.0
538008115,1716585645,-13.559117,91.121368,93.0,0,640.0
538008115,1716586092,-13.550217,91.139336,92.0,0,630.0
538008115,1716586656,-13.539267,91.16198,95.0,0,640.0
538008115,1716586737,-13.537717,91.16523,95.0,0,630.0
538008115,1716587227,-13.528033,91.184998,94.0,0,640.0
538008115,1716587285,-13.526867,91.187447,94.0,0,630.0
538008115,1716587376,-13.525083,91.191086,93.0,0,620.0
538008115,1716587719,-13.518267,91.204735,92.0,0,610.0
538008115,1716587814,-13.516317,91.208649,92.0,0,620.0
538008115,1716587938,-13.5141,91.213417,92.0,0,630.0
538008115,1716588600,-13.501133,91.2397,92.0,0,630.0
538008115,1716588833,-13.4964,91.249214,93.0,0,630.0
538008115,1716588913,-13.494817,91.252419,93.0,0,630.0
538008115,1716589073,-13.491633,91.258797,92.0,0,620.0
538008115,1716589153,-13.49005,91.262032,93.0,0,630.0
538008115,1716589375,-13.4857,91.27063,92.0,0,610.0
538008115,1716589445,-13.48435,91.273331,92.0,0,610.0
538008115,1716589655,-13.48015,91.281731,92.0,0,620.0
538008115,1716589936,-13.474633,91.29287,93.0,0,630.0
538008115,1716590497,-13.463617,91.315216,93.0,0,640.0
538008115,1716590657,-13.460467,91.321632,94.0,0,640.0
538008115,1716590737,-13.458883,91.324921,95.0,0,620.0
538008115,1716591125,-13.450867,91.340782,94.0,0,620.0
538008115,1716591329,-13.446917,91.348801,94.0,0,630.0
538008115,1716592174,-13.430133,91.382767,91.0,0,620.0
538008115,1716592474,-13.424317,91.394753,92.0,0,610.0
538008115,1716592984,-13.41455,91.414864,91.0,0,630.0
538008115,1716593522,-13.404233,91.4356,91.0,0,620.0
538008115,1716594725,-13.381617,91.48307,91.0,0,650.0
538008115,1716595146,-13.373867,91.499718,91.0,0,630.0
538008115,1716595305,-13.370917,91.506149,92.0,0,640.0
538008115,1716595364,-13.369817,91.508583,92.0,0,650.0
538008115,1716595722,-13.362833,91.522751,92.0,0,630.0
538008115,1716596625,-13.345383,91.558296,94.0,0,640.0
538008115,1716596799,-13.34225,91.565186,93.0,0,660.0
538008115,1716596921,-13.340117,91.570084,93.0,0,650.0
538008115,1716596976,-13.338983,91.572502,92.0,0,640.0
538008115,1716597364,-13.331867,91.588234,93.0,0,640.0
538008115,1716597455,-13.3302,91.591881,94.0,0,640.0
538008115,1716598016,-13.319417,91.614616,95.0,0,620.0
538008115,1716598584,-13.308067,91.63768,95.0,0,610.0
538008115,1716598674,-13.30625,91.641235,95.0,0,620.0
538008115,1716599301,-13.293333,91.666664,95.0,0,620.0
538008115,1716599414,-13.291117,91.671135,96.0,0,620.0
538008115,1716599535,-13.288683,91.676003,95.0,0,610.0
538008115,1716599667,-13.285967,91.681297,95.0,0,610.0
538008115,1716600006,-13.278917,91.695015,96.0,0,610.0
538008115,1716600425,-13.269967,91.712097,96.0,0,610.0
538008115,1716600524,-13.26785,91.716148,95.0,0,610.0
538008115,1716601491,-13.2487,91.755814,96.0,0,630.0
538008115,1716601567,-13.247067,91.759132,97.0,0,630.0
538008115,1716602060,-13.236967,91.779266,97.0,0,630.0
538008115,1716602228,-13.23355,91.786316,95.0,0,640.0
538008115,1716602405,-13.230067,91.793785,96.0,0,640.0
538008115,1716603132,-13.215983,91.823883,98.0,0,650.0
538008115,1716603395,-13.210783,91.834915,98.0,0,620.0
538008115,1716603726,-13.203683,91.848999,98.0,0,630.0
538008115,1716603777,-13.202667,91.851097,98.0,0,640.0
538008115,1716604403,-13.189367,91.877014,98.0,0,610.0
538008115,1716604487,-13.187583,91.880363,96.0,0,610.0
538008115,1716604792,-13.1812,91.893082,96.0,0,630.0
538008115,1716604926,-13.17855,91.898552,97.0,0,640.0
538008115,1716605097,-13.175133,91.905563,97.0,0,630.0
538008115,1716605326,-13.170433,91.915115,96.0,0,640.0
538008115,1716605341,-13.17005,91.915932,96.0,0,640.0
538008115,1716605481,-13.167217,91.921715,96.0,0,620.0
538008115,1716605880,-13.159283,91.937782,95.0,0,630.0
538008115,1716605937,-13.1581,91.940285,96.0,0,640.0
538008115,1716606240,-13.15185,91.952736,96.0,0,630.0
538008115,1716606813,-13.140283,91.977303,100.0,0,650.0
538008115,1716608667,-13.1047,92.056564,97.0,0,670.0
538008115,1716608852,-13.100833,92.064499,97.0,0,630.0
538008115,1716608891,-13.1,92.066086,97.0,0,610.0
538008115,1716608933,-13.099133,92.067719,97.0,0,610.0
538008115,1716609011,-13.09735,92.071014,97.0,0,610.0
538008115,1716609021,-13.097133,92.071381,97.0,0,610.0
538008115,1716609041,-13.096717,92.07222,98.0,0,610.0
538008115,1716609051,-13.096483,92.072601,96.0,0,600.0
538008115,1716609055,-13.096483,92.072601,96.0,0,600.0
538008115,1716609071,-13.096033,92.073418,98.0,0,600.0
538008115,1716609081,-13.095833,92.073784,98.0,0,600.0
538008115,1716609111,-13.095117,92.075066,98.0,0,600.0
538008115,1716609131,-13.094667,92.075882,97.0,0,610.0
538008115,1716609161,-13.094017,92.077049,98.0,0,610.0
538008115,1716609172,-13.093767,92.077499,97.0,0,600.0
538008115,1716609177,-13.093767,92.077499,97.0,0,600.0
538008115,1716609182,-13.09355,92.077904,98.0,0,600.0
538008115,1716609191,-13.09335,92.07827,98.0,0,610.0
538008115,1716609251,-13.092017,92.080704,98.0,0,600.0
538008115,1716609281,-13.09135,92.081932,98.0,0,610.0
538008115,1716609469,-13.087283,92.089287,98.0,0,600.0
538008115,1716609557,-13.085317,92.092918,98.0,0,620.0
538008115,1716610011,-13.075933,92.111633,99.0,0,630.0
538008115,1716610188,-13.071983,92.119217,100.0,0,620.0
538008115,1716611083,-13.053383,92.15728,98.0,0,660.0
538008115,1716611453,-13.0463,92.172798,96.0,0,640.0
538008115,1716612285,-13.0298,92.20623,95.0,0,620.0
538008115,1716612413,-13.027283,92.211052,95.0,0,610.0
538008115,1716612455,-13.026233,92.213097,94.0,0,620.0
538008115,1716613775,-12.999267,92.26545,94.0,0,620.0
538008115,1716614406,-12.986383,92.290337,95.0,0,620.0
538008115,1716615056,-12.9736,92.316933,95.0,0,630.0
538008115,1716615526,-12.964383,92.335815,94.0,0,640.0
538008115,1716615943,-12.956233,92.352669,94.0,0,630.0
538008115,1716616063,-12.953917,92.357536,94.0,0,630.0
538008115,1716616077,-12.953717,92.357903,94.0,0,640.0
538008115,1716616695,-12.941633,92.382683,94.0,0,630.0
538008115,1716617221,-12.931367,92.404167,96.0,0,630.0
538008115,1716617251,-12.930767,92.405334,95.0,0,620.0
538008115,1716617578,-12.9243,92.418419,95.0,0,610.0
538008115,1716617707,-12.921783,92.423584,95.0,0,630.0
538008115,1716617765,-12.9206,92.426086,95.0,0,640.0
538008115,1716618840,-12.8992,92.469917,96.0,0,640.0
538008115,1716619090,-12.894233,92.480118,96.0,0,630.0
538008115,1716619191,-12.8921,92.484566,96.0,0,630.0
538008115,1716619289,-12.890267,92.488297,96.0,0,630.0
538008115,1716619963,-12.876717,92.515884,96.0,0,630.0
538008115,1716620485,-12.866233,92.537102,96.0,0,620.0
538008115,1716620816,-12.859433,92.55043,95.0,0,620.0
538008115,1716621023,-12.85535,92.559013,96.0,0,640.0
538008115,1716621853,-12.838983,92.592796,95.0,0,630.0
538008115,1716622049,-12.835367,92.600464,94.0,0,640.0
538008115,1716622386,-12.828633,92.614098,95.0,0,640.0
538008115,1716622547,-12.825433,92.620537,94.0,0,630.0
538008115,1716623218,-12.812417,92.647453,94.0,0,640.0
538008115,1716623968,-12.797883,92.677963,95.0,0,640.0
538008115,1716624004,-12.797083,92.679619,95.0,0,630.0
538008115,1716624130,-12.7947,92.684502,94.0,0,630.0
538008115,1716624883,-12.780133,92.715218,94.0,0,640.0
538008115,1716624944,-12.779,92.717682,95.0,0,650.0
538008115,1716625773,-12.762967,92.750931,94.0,0,630.0
538008115,1716626152,-12.755583,92.765953,95.0,0,630.0
538008115,1716626212,-12.7542,92.76873,95.0,0,630.0
538008115,1716626618,-12.746483,92.785004,95.0,0,640.0
538008115,1716626737,-12.744167,92.789932,95.0,0,630.0
538008115,1716627054,-12.737867,92.803047,96.0,0,630.0
538008115,1716627367,-12.73135,92.815804,97.0,0,610.0
538008115,1716627746,-12.7233,92.831551,97.0,0,620.0
538008115,1716627835,-12.721383,92.835167,98.0,0,610.0
538008115,1716628175,-12.714133,92.849197,97.0,0,610.0
538008115,1716628223,-12.713067,92.851234,96.0,0,610.0
538008115,1716629213,-12.692417,92.891617,97.0,0,610.0
538008115,1716629293,-12.69075,92.89492,97.0,0,610.0
538008115,1716630303,-12.6702,92.936584,96.0,0,640.0
538008115,1716631285,-12.65175,92.977348,96.0,0,650.0
538008115,1716631425,-12.649183,92.983101,96.0,0,650.0
538008115,1716631495,-12.647867,92.986053,96.0,0,650.0
538008115,1716631763,-12.64265,92.997002,96.0,0,620.0
538008115,1716631813,-12.641533,92.999153,96.0,0,620.0
538008115,1716631933,-12.638983,93.004021,97.0,0,620.0
538008115,1716632101,-12.635683,93.010483,95.0,0,620.0
538008115,1716632565,-12.626017,93.029335,95.0,0,630.0
538008115,1716633018,-12.616667,93.047348,95.0,0,620.0
538008115,1716633172,-12.6134,93.053703,93.0,0,620.0
538008115,1716633488,-12.6073,93.066132,95.0,0,650.0
538008115,1716633740,-12.6024,93.076286,94.0,0,640.0
538008115,1716633845,-12.6003,93.080765,95.0,0,640.0
538008115,1716634079,-12.595917,93.090118,95.0,0,650.0
538008115,1716634248,-12.592767,93.097084,95.0,0,640.0
538008115,1716634577,-12.586467,93.110619,95.0,0,630.0
538008115,1716634727,-12.583417,93.116631,96.0,0,630.0
538008115,1716634794,-12.582,93.119499,95.0,0,630.0
538008115,1716635254,-12.57255,93.13797,95.0,0,630.0
538008115,1716635553,-12.566433,93.150146,96.0,0,630.0
538008115,1716635587,-12.56585,93.151337,96.0,0,620.0
538008115,1716636199,-12.553283,93.176186,97.0,0,630.0
538008115,1716636897,-12.538933,93.204918,97.0,0,660.0
538008115,1716637811,-12.521683,93.243332,97.0,0,650.0
538008115,1716638357,-12.5112,93.26638,97.0,0,640.0
538008115,1716638408,-12.510183,93.268433,97.0,0,630.0
538008115,1716638793,-12.502,93.284302,97.0,0,620.0
538008115,1716638825,-12.50135,93.285553,97.0,0,620.0
538008115,1716639319,-12.49085,93.305565,98.0,0,610.0
538008115,1716639421,-12.488733,93.309753,97.0,0,620.0
538008115,1716639452,-12.487917,93.311386,98.0,0,630.0
538008115,1716640995,-12.4569,93.375084,95.0,0,620.0
538008115,1716641105,-12.45465,93.379601,95.0,0,620.0
538008115,1716641476,-12.447433,93.394653,95.0,0,640.0
538008115,1716641584,-12.445217,93.399048,94.0,0,620.0
538008115,1716642174,-12.433733,93.422997,95.0,0,640.0
538008115,1716642236,-12.432517,93.425468,95.0,0,630.0
538008115,1716643289,-12.410483,93.468048,97.0,0,610.0
538008115,1716643514,-12.40545,93.477402,97.0,0,600.0
538008115,1716643562,-12.404417,93.479347,97.0,0,610.0
538008115,1716644144,-12.392217,93.503502,99.0,0,630.0
538008115,1716644995,-12.375617,93.5392,98.0,0,650.0
538008115,1716645108,-12.37355,93.543831,98.0,0,650.0
538008115,1716645185,-12.372083,93.54718,97.0,0,660.0
538008115,1716645635,-12.362817,93.565765,97.0,0,630.0
538008115,1716645708,-12.36135,93.568748,98.0,0,630.0
538008115,1716646289,-12.349767,93.592834,97.0,0,640.0
538008115,1716646596,-12.34355,93.605721,97.0,0,640.0
538008115,1716646757,-12.340267,93.612503,98.0,0,620.0
538008115,1716646856,-12.338233,93.616631,98.0,0,630.0
538008115,1716647692,-12.320933,93.65152,98.0,0,630.0
538008115,1716647969,-12.315333,93.662636,97.0,0,630.0
538008115,1716648556,-12.303433,93.687134,98.0,0,640.0
538008115,1716649466,-12.284867,93.725197,98.0,0,630.0
538008115,1716649594,-12.282217,93.73053,98.0,0,630.0
538008115,1716650189,-12.270067,93.754967,97.0,0,630.0
538008115,1716650412,-12.265333,93.764534,98.0,0,620.0
538008115,1716650415,-12.265333,93.764534,98.0,0,620.0
538008115,1716650421,-12.265133,93.764885,98.0,0,620.0
538008115,1716650441,-12.264717,93.765717,97.0,0,620.0
538008115,1716650532,-12.262817,93.769516,97.0,0,630.0
538008115,1716650675,-12.25995,93.775284,98.0,0,630.0
538008115,1716651405,-12.244967,93.805466,98.0,0,620.0
538008115,1716652508,-12.222967,93.851166,97.0,0,640.0
538008115,1716652562,-12.221817,93.853668,97.0,0,650.0
538008115,1716652677,-12.219717,93.858253,98.0,0,640.0
538008115,1716654699,-12.177317,93.941818,95.0,0,650.0
538008115,1716654838,-12.174633,93.947601,95.0,0,630.0
538008115,1716655292,-12.165633,93.966599,96.0,0,640.0
538008115,1716655337,-12.164833,93.968285,95.0,0,640.0
538008115,1716655440,-12.162867,93.972435,96.0,0,640.0
538008115,1716655706,-12.157517,93.983498,95.0,0,630.0
538008115,1716655727,-12.1571,93.984314,95.0,0,630.0
538008115,1716655907,-12.153617,93.991684,95.0,0,640.0
538008115,1716656041,-12.150867,93.997482,95.0,0,640.0
538008115,1716656051,-12.150683,93.997902,95.0,0,640.0
538008115,1716656061,-12.150483,93.998314,95.0,0,630.0
538008115,1716656077,-12.150283,93.998764,95.0,0,650.0
538008115,1716656132,-12.149117,94.001236,95.0,0,640.0
538008115,1716656192,-12.14795,94.0037,95.0,0,640.0
538008115,1716656201,-12.147783,94.004066,95.0,0,630.0
538008115,1716656310,-12.1456,94.008636,96.0,0,640.0
538008115,1716656448,-12.143033,94.014053,96.0,0,650.0
538008115,1716656836,-12.135233,94.030266,98.0,0,640.0
538008115,1716657355,-12.124417,94.051918,97.0,0,630.0
538008115,1716657505,-12.1213,94.058121,97.0,0,610.0
538008115,1716657572,-12.119883,94.060982,98.0,0,620.0
538008115,1716657913,-12.112783,94.07505,96.0,0,640.0
538008115,1716657983,-12.111367,94.077934,96.0,0,640.0
538008115,1716658403,-12.102967,94.095154,95.0,0,640.0
538008115,1716658430,-12.10255,94.096016,96.0,0,630.0
538008115,1716658463,-12.1018,94.09758,95.0,0,630.0
538008115,1716658554,-12.10015,94.101021,95.0,0,640.0
538008115,1716658585,-12.099433,94.102585,96.0,0,640.0
538008115,1716658935,-12.0925,94.116936,96.0,0,640.0
538008115,1716659035,-12.090467,94.121086,96.0,0,630.0
538008115,1716659127,-12.08865,94.124702,95.0,0,620.0
538008115,1716659747,-12.07645,94.150047,97.0,0,640.0
538008115,1716660239,-12.066133,94.170616,96.0,0,630.0
538008115,1716660781,-12.05505,94.192902,97.0,0,630.0
538008115,1716661763,-12.0349,94.233948,97.0,0,640.0
538008115,1716662030,-12.029883,94.244934,98.0,0,640.0
538008115,1716662894,-12.01205,94.28083,97.0,0,620.0
538008115,1716663165,-12.006317,94.292336,97.0,0,620.0
538008115,1716664212,-11.985467,94.335503,96.0,0,630.0
538008115,1716664728,-11.97495,94.35675,96.0,0,630.0
538008115,1716664785,-11.9737,94.359215,95.0,0,630.0
538008115,1716665288,-11.963467,94.379448,96.0,0,620.0
538008115,1716665476,-11.9596,94.38707,95.0,0,630.0
538008115,1716665824,-11.952633,94.401253,94.0,0,640.0
538008115,1716665934,-11.9505,94.405731,95.0,0,640.0
538008115,1716665994,-11.9493,94.408165,95.0,0,640.0
538008115,1716666376,-11.941817,94.42363,95.0,0,640.0
538008115,1716666643,-11.936467,94.434715,95.0,0,630.0
538008115,1716666923,-11.931017,94.446098,95.0,0,640.0
538008115,1716667515,-11.919067,94.470398,95.0,0,640.0
538008115,1716668073,-11.9079,94.49337,96.0,0,640.0
538008115,1716670021,-11.868333,94.574699,97.0,0,630.0
538008115,1716671073,-11.8466,94.618446,96.0,0,630.0
538008115,1716671623,-11.835083,94.641136,98.0,0,620.0
538008115,1716671715,-11.833167,94.644897,97.0,0,620.0
538008115,1716672165,-11.823717,94.6632,96.0,0,620.0
538008115,1716672696,-11.8125,94.684631,95.0,0,610.0
538008115,1716672707,-11.812283,94.685066,95.0,0,610.0
538008115,1716672886,-11.808533,94.692314,95.0,0,620.0
538008115,1716673245,-11.801433,94.706833,95.0,0,650.0
538008115,1716673279,-11.800867,94.708069,94.0,0,650.0
538008115,1716673445,-11.79775,94.715034,96.0,0,650.0
538008115,1716673795,-11.79105,94.729431,95.0,0,640.0
538008115,1716673955,-11.787917,94.736053,95.0,0,640.0
538008115,1716674039,-11.786383,94.739334,94.0,0,640.0
538008115,1716674939,-11.768,94.775902,96.0,0,610.0
538008115,1716675151,-11.763583,94.784416,97.0,0,610.0
538008115,1716675453,-11.7572,94.797165,97.0,0,630.0
538008115,1716676035,-11.745067,94.820786,98.0,0,620.0
538008115,1716676085,-11.743817,94.823334,98.0,0,630.0
538008115,1716676575,-11.7345,94.844147,98.0,0,660.0
538008115,1716677206,-11.722867,94.870979,99.0,0,640.0
538008115,1716677433,-11.718067,94.88063,98.0,0,630.0
538008115,1716677728,-11.712,94.892982,100.0,0,630.0
538008115,1716678296,-11.699783,94.917183,100.0,0,630.0
538008115,1716679071,-11.68315,94.949936,97.0,0,620.0
538008115,1716679561,-11.672767,94.97007,97.0,0,610.0
538008115,1716680123,-11.6609,94.993034,96.0,0,620.0
538008115,1716680676,-11.6499,95.015503,94.0,0,630.0
538008115,1716681248,-11.639017,95.038918,95.0,0,650.0
538008115,1716681413,-11.635617,95.045998,96.0,0,630.0
538008115,1716681877,-11.626767,95.064949,95.0,0,630.0
538008115,1716682328,-11.618267,95.083519,95.0,0,630.0
538008115,1716682429,-11.6162,95.087616,94.0,0,620.0
538008115,1716682456,-11.615617,95.088783,94.0,0,620.0
538008115,1716686463,-11.534567,95.251984,97.0,0,640.0
538008115,1716687540,-11.5132,95.297279,99.0,0,640.0
538008115,1716687779,-11.508367,95.307449,98.0,0,650.0
538008115,1716688095,-11.501883,95.320816,99.0,0,620.0
538008115,1716688196,-11.499717,95.324997,98.0,0,620.0
538008115,1716688813,-11.4865,95.351051,100.0,0,620.0
538008115,1716689185,-11.478467,95.366653,100.0,0,630.0
538008115,1716689245,-11.47715,95.369186,100.0,0,620.0
538008115,1716689345,-11.474967,95.373482,101.0,0,610.0
538008115,1716689753,-11.466133,95.390686,100.0,0,620.0
538008115,1716689854,-11.463967,95.39502,100.0,0,620.0
538008115,1716689875,-11.463583,95.395836,101.0,0,630.0
538008115,1716689953,-11.46185,95.399231,100.0,0,620.0
538008115,1716690337,-11.4541,95.415337,99.0,0,650.0
538008115,1716690387,-11.453117,95.417519,99.0,0,650.0
538008115,1716691008,-11.44075,95.443649,98.0,0,640.0
538008115,1716691986,-11.421283,95.484467,97.0,0,640.0
538008115,1716692874,-11.402883,95.52095,97.0,0,620.0
538008115,1716693242,-11.39475,95.536003,97.0,0,600.0
538008115,1716693272,-11.394083,95.537216,98.0,0,600.0
538008115,1716693302,-11.393433,95.538452,99.0,0,610.0
538008115,1716693312,-11.3932,95.538918,99.0,0,610.0
538008115,1716693322,-11.393,95.539284,99.0,0,610.0
538008115,1716693333,-11.392767,95.539734,99.0,0,610.0
538008115,1716693351,-11.392333,95.540535,98.0,0,610.0
538008115,1716693392,-11.391467,95.542198,99.0,0,620.0
538008115,1716693422,-11.390817,95.543434,99.0,0,610.0
538008115,1716693442,-11.390367,95.544266,99.0,0,610.0
538008115,1716693471,-11.3897,95.545486,99.0,0,610.0
538008115,1716693482,-11.389467,95.545937,99.0,0,610.0
538008115,1716693502,-11.38905,95.546715,98.0,0,600.0
538008115,1716693893,-11.3803,95.562668,98.0,0,610.0
538008115,1716694137,-11.375167,95.572701,98.0,0,630.0
538008115,1716694435,-11.36905,95.585114,98.0,0,640.0
538008115,1716695558,-11.34825,95.632271,95.0,0,670.0
538008115,1716695616,-11.34715,95.634819,96.0,0,650.0
538008115,1716696711,-11.325317,95.679169,95.0,0,630.0
538008115,1716697725,-11.3049,95.7201,95.0,0,620.0
538008115,1716697844,-11.3025,95.724953,96.0,0,640.0
538008115,1716698776,-11.283633,95.762482,96.0,0,620.0
538008115,1716699794,-11.262867,95.802521,96.0,0,620.0
538008115,1716700424,-11.249317,95.829514,97.0,0,640.0
538008115,1716700514,-11.247467,95.833237,97.0,0,620.0
538008115,1716700917,-11.239317,95.849815,98.0,0,630.0
538008115,1716701002,-11.2375,95.853516,98.0,0,630.0
538008115,1716701287,-11.231717,95.865082,97.0,0,620.0
538008115,1716701873,-11.21955,95.889565,98.0,0,630.0
538008115,1716701993,-11.217067,95.894501,97.0,0,620.0
538008115,1716702605,-11.205083,95.919968,98.0,0,640.0
538008115,1716702714,-11.202933,95.924614,98.0,0,650.0
538008115,1716703572,-11.186367,95.960419,98.0,0,640.0
538008115,1716703662,-11.184417,95.964668,99.0,0,640.0
538008115,1716703792,-11.181817,95.9701,99.0,0,640.0
538008115,1716704235,-11.172883,95.988701,100.0,0,650.0
538008115,1716704845,-11.160333,96.014366,100.0,0,630.0
538008115,1716705037,-11.156333,96.0224,100.0,0,640.0
538008115,1716705250,-11.151867,96.031303,100.0,0,630.0
538008115,1716705889,-11.138583,96.058731,102.0,0,630.0
538008115,1716706429,-11.127083,96.081917,101.0,0,640.0
538008115,1716707727,-11.099633,96.136368,98.0,0,620.0
538008115,1716709436,-11.0646,96.206535,97.0,0,640.0
538008115,1716709563,-11.061917,96.211929,98.0,0,630.0
538008115,1716709998,-11.05315,96.229782,98.0,0,630.0
538008115,1716710439,-11.044183,96.24823,99.0,0,630.0
538008115,1716710583,-11.041083,96.254517,98.0,0,630.0
538008115,1716710649,-11.039833,96.257034,99.0,0,630.0
538008115,1716710972,-11.033083,96.270737,98.0,0,630.0
538008115,1716711190,-11.028733,96.279671,100.0,0,640.0
538008115,1716712038,-11.011233,96.31572,100.0,0,620.0
538008115,1716712146,-11.00885,96.320381,100.0,0,620.0
538008115,1716712655,-10.99815,96.341934,99.0,0,630.0
538008115,1716713644,-10.977817,96.383919,100.0,0,650.0
538008115,1716713876,-10.973183,96.393715,100.0,0,640.0
538008115,1716716086,-10.925667,96.487198,101.0,0,610.0
538008115,1716716215,-10.922733,96.492699,101.0,0,600.0
538008115,1716716287,-10.9212,96.495552,101.0,0,610.0
538008115,1716716966,-10.906333,96.524101,100.0,0,610.0
538008115,1716717515,-10.894717,96.547096,99.0,0,670.0
538008115,1716717555,-10.894,96.548836,100.0,0,670.0
538008115,1716717927,-10.887417,96.564903,99.0,0,680.0
538008115,1716718062,-10.885133,96.570549,100.0,0,660.0
538008115,1716719107,-10.86635,96.616135,99.0,0,660.0
538008115,1716719234,-10.863817,96.621696,98.0,0,640.0
538008115,1716719577,-10.856383,96.635483,97.0,0,600.0
538008115,1716720245,-10.84165,96.662819,98.0,0,600.0
538008115,1716721626,-10.81225,96.720032,99.0,0,630.0
538008115,1716722710,-10.789267,96.765266,100.0,0,620.0
538008115,1716723177,-10.779417,96.785271,100.0,0,630.0
538008115,1716723794,-10.76645,96.811729,101.0,0,630.0
538008115,1716724165,-10.758617,96.827652,101.0,0,630.0
538008115,1716724335,-10.7551,96.834831,101.0,0,630.0
538008115,1716725309,-10.734617,96.876633,102.0,0,640.0
538008115,1716725400,-10.732667,96.880615,102.0,0,630.0
538008115,1716725517,-10.730133,96.885902,102.0,0,640.0
538008115,1716725801,-10.724283,96.898148,103.0,0,630.0
538008115,1716725820,-10.723867,96.898979,103.0,0,630.0
538008115,1716726469,-10.710217,96.927414,102.0,0,640.0
538008115,1716726566,-10.70805,96.931816,103.0,0,620.0
538008115,1716727539,-10.68685,96.973785,104.0,0,620.0
538008115,1716728416,-10.667183,97.012215,104.0,0,620.0
538008115,1716728937,-10.655433,97.03492,103.0,0,630.0
538008115,1716729035,-10.6533,97.039383,104.0,0,640.0
538008115,1716729593,-10.641283,97.064468,105.0,0,640.0
538008115,1716730132,-10.63,97.088631,106.0,0,650.0
538008115,1716730638,-10.619583,97.111183,104.0,0,630.0
538008115,1716730965,-10.612183,97.125847,105.0,0,630.0
538008115,1716731184,-10.607183,97.135551,105.0,0,630.0
538008115,1716732354,-10.58145,97.186699,103.0,0,640.0
538008115,1716732593,-10.576583,97.197266,102.0,0,640.0
538008115,1716732873,-10.570617,97.20948,103.0,0,630.0
538008115,1716734157,-10.543333,97.264969,102.0,0,630.0
538008115,1716734771,-10.530117,97.291763,102.0,0,640.0
538008115,1716734782,-10.529883,97.292198,102.0,0,630.0
538008115,1716734902,-10.5274,97.297363,101.0,0,630.0
538008115,1716734961,-10.526133,97.299934,102.0,0,630.0
538008115,1716734971,-10.52595,97.300316,102.0,0,630.0
538008115,1716736519,-10.49305,97.36618,101.0,0,630.0
538008115,1716737004,-10.482783,97.386971,100.0,0,630.0
538008115,1716738050,-10.460933,97.431099,101.0,0,630.0
538008115,1716738096,-10.459917,97.433167,101.0,0,640.0
538008115,1716739095,-10.438833,97.476051,102.0,0,630.0
538008115,1716739598,-10.428283,97.497314,101.0,0,650.0
538008115,1716739727,-10.4257,97.503014,99.0,0,640.0
538008115,1716739795,-10.424233,97.505936,99.0,0,620.0
538008115,1716740245,-10.414717,97.524666,99.0,0,620.0
538008115,1716740312,-10.413217,97.527664,97.0,0,630.0
538008115,1716740321,-10.41305,97.528,98.0,0,630.0
538008115,1716740341,-10.412633,97.528831,98.0,0,630.0
538008115,1716740351,-10.412433,97.529251,98.0,0,630.0
538008115,1716740392,-10.411567,97.53093,99.0,0,640.0
538008115,1716740401,-10.411383,97.531303,97.0,0,610.0
538008115,1716740411,-10.411167,97.531715,99.0,0,620.0
538008115,1716740421,-10.410967,97.53212,97.0,0,630.0
538008115,1716740441,-10.410583,97.532913,98.0,0,620.0
538008115,1716740452,-10.410317,97.533447,98.0,0,630.0
538008115,1716740461,-10.410133,97.533783,98.0,0,630.0
538008115,1716740471,-10.409933,97.534203,98.0,0,630.0
538008115,1716740492,-10.4095,97.535065,98.0,0,630.0
538008115,1716740521,-10.408867,97.536247,98.0,0,620.0
538008115,1716740531,-10.408683,97.536682,98.0,0,630.0
538008115,1716740737,-10.404567,97.544868,97.0,0,610.0
538008115,1716740858,-10.402017,97.549782,98.0,0,620.0
538008115,1716741766,-10.383533,97.587082,96.0,0,630.0
538008115,1716741896,-10.381017,97.592415,96.0,0,640.0
538008115,1716741987,-10.3792,97.59613,96.0,0,640.0
538008115,1716742286,-10.3732,97.608414,96.0,0,640.0
538008115,1716742841,-10.362,97.631218,97.0,0,630.0
538008115,1716742914,-10.360567,97.634064,97.0,0,630.0
538008115,1716743368,-10.351533,97.652702,98.0,0,640.0
538008115,1716744013,-10.338383,97.679764,98.0,0,630.0
538008115,1716745015,-10.3176,97.720901,98.0,0,630.0
538008115,1716746129,-10.294817,97.76693,99.0,0,650.0
538008115,1716746167,-10.294017,97.7686,99.0,0,640.0
538008115,1716746736,-10.282633,97.792534,99.0,0,630.0
538008115,1716747580,-10.265283,97.827835,100.0,0,620.0
538008115,1716749166,-10.2318,97.894432,99.0,0,640.0
538008115,1716750247,-10.209917,97.939682,99.0,0,630.0
538008115,1716750834,-10.197983,97.964386,98.0,0,640.0
538008115,1716750934,-10.196,97.968582,99.0,0,640.0
538008115,1716751054,-10.193567,97.973648,99.0,0,640.0
538008115,1716751565,-10.1833,97.995186,99.0,0,640.0
538008115,1716752011,-10.174533,98.013802,100.0,0,650.0
538008115,1716752534,-10.163433,98.03598,99.0,0,620.0
538008115,1716753695,-10.139183,98.084732,99.0,0,630.0
538008115,1716757680,-10.054817,98.250618,99.0,0,630.0
538008115,1716757763,-10.0529,98.254402,99.0,0,620.0
538008115,1716758225,-10.04355,98.273804,99.0,0,630.0
538008115,1716758375,-10.040517,98.280136,99.0,0,630.0
538008115,1716758473,-10.038483,98.284386,100.0,0,640.0
538008115,1716758822,-10.03145,98.299133,99.0,0,640.0
538008115,1716758982,-10.028267,98.305885,99.0,0,630.0
538008115,1716759318,-10.02165,98.319748,99.0,0,630.0
538008115,1716759429,-10.0194,98.324387,99.0,0,630.0
538008115,1716759864,-10.0106,98.342865,99.0,0,650.0
538008115,1716759939,-10.009167,98.345833,99.0,0,640.0
538008115,1716760672,-9.99445,98.377068,99.0,0,640.0
538008115,1716761006,-9.9879,98.391113,100.0,0,640.0
538008115,1716761126,-9.985517,98.396217,100.0,0,640.0
538008115,1716761603,-9.975283,98.416435,100.0,0,640.0
538008115,1716762105,-9.964533,98.437447,100.0,0,620.0
538008115,1716764014,-9.923567,98.516899,99.0,0,630.0
538008115,1716764585,-9.9114,98.540451,98.0,0,620.0
538008115,1716765133,-9.900333,98.5634,98.0,0,640.0
538008115,1716765226,-9.89855,98.567184,98.0,0,640.0
538008115,1716765641,-9.890483,98.584213,97.0,0,640.0
538008115,1716765788,-9.887533,98.590431,97.0,0,620.0
538008115,1716766179,-9.879917,98.606651,97.0,0,640.0
538008115,1716766192,-9.879567,98.607384,97.0,0,640.0
538008115,1716766734,-9.868917,98.629646,97.0,0,620.0
538008115,1716766825,-9.867117,98.633369,96.0,0,630.0
538008115,1716767295,-9.858,98.652519,96.0,0,630.0
538008115,1716767405,-9.8559,98.656952,96.0,0,650.0
538008115,1716768435,-9.83505,98.698647,95.0,0,620.0
538008115,1716768585,-9.832,98.704765,96.0,0,620.0
538008115,1716769666,-9.809933,98.748016,95.0,0,610.0
538008115,1716770381,-9.795917,98.777046,95.0,0,660.0
538008115,1716772035,-9.7639,98.842766,94.0,0,650.0
538008115,1716773107,-9.742717,98.885498,93.0,0,630.0
538008115,1716773647,-9.73195,98.90712,96.0,0,640.0
538008115,1716774340,-9.718017,98.9347,94.0,0,610.0
538008115,1716774703,-9.710467,98.949318,94.0,0,620.0
538008115,1716774747,-9.70965,98.950798,94.0,0,600.0
538008115,1716775403,-9.696583,98.976982,94.0,0,630.0
538008115,1716776407,-9.677067,99.016418,93.0,0,640.0
538008115,1716777844,-9.64905,99.073868,94.0,0,630.0
538008115,1716778856,-9.629167,99.1147,95.0,0,640.0
538008115,1716781175,-9.583133,99.20787,95.0,0,630.0
538008115,1716782207,-9.5621,99.249214,96.0,0,630.0
538008115,1716782237,-9.561533,99.250435,96.0,0,630.0
538008115,1716783853,-9.52955,99.315498,96.0,0,620.0
538008115,1716784403,-9.518667,99.337532,95.0,0,640.0
538008115,1716785264,-9.501617,99.372131,95.0,0,640.0
538008115,1716785385,-9.499283,99.377014,95.0,0,640.0
538008115,1716785926,-9.488583,99.398834,96.0,0,630.0
538008115,1716786536,-9.475933,99.423286,96.0,0,620.0
538008115,1716786855,-9.4694,99.43615,95.0,0,620.0
538008115,1716787566,-9.4548,99.464752,95.0,0,630.0
538008115,1716788722,-9.43205,99.511749,96.0,0,630.0
538008115,1716789602,-9.414717,99.547501,95.0,0,640.0
538008115,1716789631,-9.414283,99.548416,97.0,0,640.0
538008115,1716789995,-9.407067,99.56353,97.0,0,620.0
538008115,1716790325,-9.400483,99.576881,95.0,0,620.0
538008115,1716790603,-9.395067,99.588203,96.0,0,650.0
538008115,1716790863,-9.39,99.59877,96.0,0,640.0
538008115,1716791086,-9.385617,99.607666,96.0,0,630.0
538008115,1716791124,-9.384817,99.609283,96.0,0,630.0
538008115,1716794495,-9.317617,99.743446,96.0,0,630.0
538008115,1716794816,-9.31115,99.756287,95.0,0,620.0
538008115,1716795005,-9.3073,99.763901,95.0,0,620.0
538008115,1716795543,-9.296367,99.785431,94.0,0,610.0
538008115,1716796122,-9.284883,99.808563,95.0,0,630.0
538008115,1716797217,-9.26315,99.852654,96.0,0,630.0
538008115,1716799826,-9.211817,99.959068,97.0,0,630.0
538008115,1716805104,-9.10165,100.170601,97.0,0,600.0
538008115,1716805552,-9.091717,100.187981,97.0,0,600.0
538008115,1716805624,-9.08995,100.191147,96.0,0,610.0
538008115,1716807206,-9.056,100.254616,96.0,0,630.0
538008115,1716807214,-9.05585,100.254982,97.0,0,630.0
538008115,1716808208,-9.035083,100.29525,97.0,0,620.0
538008115,1716809853,-9.000483,100.362381,97.0,0,610.0
538008115,1716810425,-8.988617,100.385765,99.0,0,630.0
538008115,1716810953,-8.977517,100.407616,99.0,0,620.0
538008115,1716812006,-8.955483,100.451035,98.0,0,630.0
538008115,1716812503,-8.944517,100.471313,99.0,0,600.0
538008115,1716812957,-8.934517,100.489754,100.0,0,610.0
538008115,1716813070,-8.932033,100.49427,99.0,0,600.0
538008115,1716813276,-8.9273,100.502968,101.0,0,620.0
538008115,1716813427,-8.923883,100.509171,102.0,0,620.0
538008115,1716814013,-8.91095,100.533752,100.0,0,620.0
538008115,1716816736,-8.851383,100.648804,101.0,0,640.0
538008115,1716817185,-8.841833,100.667732,99.0,0,610.0
538008115,1716819434,-8.79145,100.760834,98.0,0,600.0
538008115,1716821356,-8.749217,100.840584,101.0,0,620.0
538008115,1716824936,-8.6704,100.989136,99.0,0,620.0
538008115,1716827244,-8.6218,101.085068,100.0,0,640.0
538008115,1716827305,-8.6205,101.087502,99.0,0,610.0
538008115,1716827385,-8.6187,101.090836,99.0,0,600.0
538008115,1716827795,-8.609617,101.107697,100.0,0,620.0
538008115,1716827903,-8.607167,101.112183,99.0,0,610.0
538008115,1716828329,-8.597867,101.129684,101.0,0,620.0
538008115,1716828466,-8.59465,101.135513,100.0,0,610.0
538008115,1716828929,-8.584317,101.154671,101.0,0,600.0
538008115,1716830686,-8.545583,101.228752,104.0,0,620.0
538008115,1716832778,-8.498383,101.320465,104.0,0,630.0
538008115,1716834683,-8.454233,101.402969,107.0,0,630.0
538008115,1716835754,-8.429567,101.450333,107.0,0,610.0
538008115,1716835805,-8.42845,101.45253,108.0,0,630.0
538008115,1716835885,-8.426517,101.456169,107.0,0,620.0
538008115,1716836303,-8.416783,101.474831,107.0,0,610.0
538008115,1716836862,-8.403783,101.499748,107.0,0,630.0
538008115,1716838011,-8.37705,101.551117,107.0,0,610.0
538008115,1716838575,-8.364,101.575867,107.0,0,620.0
538008115,1716838676,-8.361617,101.580269,106.0,0,610.0
538008115,1716839118,-8.3512,101.599503,106.0,0,620.0
538008115,1716839163,-8.350017,101.6017,107.0,0,610.0
538008115,1716841564,-8.294267,101.707016,105.0,0,620.0
538008115,1716842117,-8.281567,101.731201,105.0,0,610.0
538008115,1716842648,-8.26925,101.75425,105.0,0,620.0
538008115,1716842731,-8.267183,101.758148,104.0,0,620.0
538008115,1716843184,-8.256767,101.777702,107.0,0,620.0
538008115,1716843214,-8.25605,101.779015,105.0,0,610.0
538008115,1716843334,-8.253183,101.784264,105.0,0,600.0
538008115,1716843726,-8.244133,101.801384,106.0,0,630.0
538008115,1716843789,-8.2428,101.804047,105.0,0,630.0
538008115,1716843937,-8.239567,101.810684,107.0,0,640.0
538008115,1716843947,-8.239267,101.811165,105.0,0,620.0
538008115,1716844313,-8.231033,101.827499,106.0,0,630.0
538008115,1716844835,-8.219183,101.8508,107.0,0,630.0
538008115,1716844895,-8.2178,101.853447,104.0,0,610.0
538008115,1716845988,-8.192233,101.901482,103.0,0,620.0
538008115,1716850616,-8.083033,102.108269,108.0,0,610.0
538008115,1716850654,-8.08205,102.110085,107.0,0,600.0
538008115,1716851169,-8.07,102.132736,106.0,0,620.0
538008115,1716851183,-8.0695,102.133667,106.0,0,610.0
538008115,1716851705,-8.057033,102.156685,107.0,0,610.0
538008115,1716852838,-8.031383,102.207314,106.0,0,640.0
538008115,1716854053,-8.004217,102.262604,106.0,0,620.0
538008115,1716854486,-7.99485,102.282036,107.0,0,610.0
538008115,1716857503,-7.921617,102.417603,109.0,0,610.0
538008115,1716857648,-7.9183,102.423897,109.0,0,620.0
538008115,1716858055,-7.908583,102.442596,110.0,0,630.0
538008115,1716858577,-7.896467,102.466499,110.0,0,610.0
538008115,1716859727,-7.867967,102.518898,109.0,0,600.0
538008115,1716860791,-7.841383,102.567535,111.0,0,600.0
538008115,1716860921,-7.838183,102.573502,111.0,0,610.0
538008115,1716861820,-7.8173,102.616333,110.0,0,640.0
538008115,1716861871,-7.816117,102.618767,111.0,0,650.0
538008115,1716861891,-7.815667,102.619682,112.0,0,640.0
538008115,1716861910,-7.815217,102.620583,112.0,0,630.0
538008115,1716867531,-7.682183,102.872231,105.0,0,610.0
538008115,1716867552,-7.681683,102.873215,106.0,0,620.0
538008115,1716867581,-7.680967,102.874565,106.0,0,620.0
538008115,1716867591,-7.680783,102.874947,107.0,0,620.0
538008115,1716867602,-7.680517,102.87545,107.0,0,630.0
538008115,1716867611,-7.680283,102.875885,106.0,0,610.0
538008115,1716867654,-7.6794,102.877632,107.0,0,620.0
538008115,1716868195,-7.66695,102.901802,107.0,0,620.0
538008115,1716868795,-7.653367,102.928818,108.0,0,630.0
538008115,1716870842,-7.605767,103.019897,106.0,0,600.0
538008115,1716873512,-7.543117,103.136032,103.0,0,620.0
538008115,1716874555,-7.520433,103.180351,102.0,0,630.0
538008115,1716875177,-7.507,103.206581,102.0,0,630.0
538008115,1716875726,-7.494917,103.229698,102.0,0,620.0
538008115,1716878182,-7.43925,103.333382,101.0,0,610.0
538008115,1716879394,-7.412183,103.384285,102.0,0,610.0
538008115,1716879944,-7.399767,103.407471,102.0,0,610.0
538008115,1716881014,-7.3759,103.452919,102.0,0,620.0
538008115,1716882052,-7.35215,103.497536,105.0,0,610.0
538008115,1716884239,-7.302317,103.591469,103.0,0,630.0
538008115,1716886213,-7.258583,103.676537,101.0,0,620.0
538008115,1716887334,-7.234733,103.723831,100.0,0,610.0
538008115,1716887893,-7.222217,103.746834,100.0,0,610.0
538008115,1716892087,-7.129517,103.923264,101.0,0,610.0
538008115,1716892615,-7.1175,103.94548,102.0,0,610.0
538008115,1716893875,-7.089233,103.999214,102.0,0,610.0
538008115,1716893975,-7.087,104.003517,101.0,0,610.0
538008115,1716894432,-7.076667,104.023369,104.0,0,620.0
538008115,1716894472,-7.075717,104.025131,103.0,0,620.0
538008115,1716894532,-7.07435,104.027702,104.0,0,620.0
538008115,1716894542,-7.074117,104.028084,104.0,0,610.0
538008115,1716894552,-7.073917,104.028519,104.0,0,620.0
538008115,1716894562,-7.073633,104.028984,104.0,0,610.0
538008115,1716894581,-7.073233,104.02977,104.0,0,620.0
538008115,1716894635,-7.072033,104.032051,104.0,0,620.0
538008115,1716894653,-7.0716,104.032867,104.0,0,610.0
538008115,1716894662,-7.071383,104.033302,105.0,0,620.0
538008115,1716894701,-7.0705,104.035004,104.0,0,620.0
538008115,1716894713,-7.070233,104.035484,105.0,0,620.0
538008115,1716894743,-7.06955,104.036766,103.0,0,610.0
538008115,1716894791,-7.06845,104.038933,105.0,0,630.0
538008115,1716894803,-7.068183,104.039436,103.0,0,620.0
538008115,1716894851,-7.0671,104.041534,106.0,0,620.0
538008115,1716894873,-7.066617,104.042465,105.0,0,620.0
538008115,1716894893,-7.066167,104.04335,105.0,0,620.0
538008115,1716894901,-7.065983,104.043701,104.0,0,620.0
538008115,1716895103,-7.061333,104.052399,105.0,0,620.0
538008115,1716895561,-7.0511,104.072418,105.0,0,630.0
538008115,1716895642,-7.0493,104.075882,105.0,0,620.0
538008115,1716895716,-7.04775,104.078964,105.0,0,640.0
538008115,1716896292,-7.034983,104.104332,102.0,0,620.0
538008115,1716896352,-7.033617,104.106918,102.0,0,610.0
538008115,1716896941,-7.01995,104.131935,103.0,0,610.0
538008115,1716896955,-7.0197,104.132401,102.0,0,610.0
538008115,1716897192,-7.014083,104.142517,101.0,0,600.0
538008115,1716897202,-7.013883,104.142952,102.0,0,620.0
538008115,1716897222,-7.013417,104.143784,102.0,0,610.0
538008115,1716897232,-7.013183,104.144203,102.0,0,610.0
538008115,1716897263,-7.0125,104.14547,101.0,0,610.0
538008115,1716897282,-7.012033,104.146317,101.0,0,610.0
538008115,1716897301,-7.011633,104.147064,102.0,0,610.0
538008115,1716897312,-7.011367,104.147568,101.0,0,610.0
538008115,1716897323,-7.01115,104.147964,103.0,0,610.0
538008115,1716897352,-7.010467,104.149269,101.0,0,610.0
538008115,1716897372,-7.010017,104.150101,101.0,0,610.0
538008115,1716897402,-7.009333,104.151382,102.0,0,610.0
538008115,1716897412,-7.009117,104.151764,101.0,0,610.0
538008115,1716897421,-7.0089,104.152199,102.0,0,610.0
538008115,1716897432,-7.008667,104.152618,101.0,0,610.0
538008115,1716897442,-7.008433,104.153053,102.0,0,610.0
538008115,1716897462,-7.008183,104.153519,101.0,0,610.0
538008115,1716897463,-7.007933,104.153954,102.0,0,610.0
538008115,1716897472,-7.00775,104.154335,101.0,0,610.0
538008115,1716897481,-7.007517,104.154701,102.0,0,600.0
538008115,1716897492,-7.007267,104.155197,101.0,0,600.0
538008115,1716897502,-7.007033,104.155632,103.0,0,610.0
538008115,1716897513,-7.0068,104.156036,101.0,0,600.0
538008115,1716897521,-7.006617,104.156433,102.0,0,620.0
538008115,1716897552,-7.005883,104.157715,103.0,0,610.0
538008115,1716897562,-7.005667,104.158134,101.0,0,600.0
538008115,1716897573,-7.005433,104.158569,103.0,0,620.0
538008115,1716897591,-7.005017,104.159317,102.0,0,610.0
538008115,1716897603,-7.004733,104.159798,101.0,0,610.0
538008115,1716897612,-7.004533,104.160187,102.0,0,600.0
538008115,1716897621,-7.004333,104.160568,101.0,0,610.0
538008115,1716897634,-7.004033,104.161079,102.0,0,600.0
538008115,1716897641,-7.003867,104.16143,103.0,0,610.0
538008115,1716897651,-7.0036,104.161865,101.0,0,600.0
538008115,1716897662,-7.003367,104.162331,102.0,0,610.0
538008115,1716897693,-7.002667,104.163597,103.0,0,620.0
538008115,1716897701,-7.002433,104.163963,101.0,0,590.0
538008115,1716897711,-7.002233,104.164413,103.0,0,620.0
538008115,1716897722,-7.00195,104.164864,101.0,0,600.0
538008115,1716897731,-7.001783,104.165253,102.0,0,620.0
538008115,1716897741,-7.00155,104.165619,101.0,0,610.0
538008115,1716897771,-7.000883,104.166847,101.0,0,610.0
538008115,1716897802,-7.000183,104.168167,102.0,0,610.0
538008115,1716897812,-6.999933,104.168633,102.0,0,610.0
538008115,1716897821,-6.999717,104.168999,102.0,0,610.0
538008115,1716897831,-6.9995,104.169418,102.0,0,620.0
538008115,1716897851,-6.999067,104.17028,101.0,0,620.0
538008115,1716897863,-6.998817,104.170753,102.0,0,620.0
538008115,1716897872,-6.998617,104.17112,101.0,0,620.0
538008115,1716897881,-6.9984,104.171532,102.0,0,620.0
538008115,1716897891,-6.9982,104.171921,101.0,0,620.0
538008115,1716897903,-6.99795,104.172432,103.0,0,630.0
538008115,1716897911,-6.997733,104.172798,100.0,0,610.0
538008115,1716897923,-6.9975,104.173286,102.0,0,630.0
538008115,1716897932,-6.997283,104.173653,101.0,0,610.0
538008115,1716897941,-6.9971,104.174049,102.0,0,630.0
538008115,1716897953,-6.996817,104.174614,101.0,0,620.0
538008115,1716897974,-6.996417,104.175369,101.0,0,620.0
538008115,1716897983,-6.996183,104.175835,102.0,0,620.0
538008115,1716897992,-6.995967,104.176201,101.0,0,610.0
538008115,1716898013,-6.9955,104.177116,101.0,0,620.0
538008115,1716898023,-6.995317,104.177498,102.0,0,620.0
538008115,1716898024,-6.995317,104.177498,102.0,0,620.0
538008115,1716898032,-6.995083,104.177933,102.0,0,620.0
538008115,1716898043,-6.99485,104.178398,101.0,0,620.0
538008115,1716898052,-6.9946,104.178833,102.0,0,610.0
538008115,1716898073,-6.994133,104.179665,101.0,0,610.0
538008115,1716898102,-6.993467,104.180969,102.0,0,610.0
538008115,1716898112,-6.99325,104.181366,102.0,0,610.0
538008115,1716898122,-6.99305,104.181732,102.0,0,620.0
538008115,1716898142,-6.992583,104.182632,102.0,0,610.0
538008115,1716898152,-6.992333,104.182999,101.0,0,610.0
538008115,1716898163,-6.992117,104.183464,102.0,0,610.0
538008115,1716898172,-6.991883,104.183914,102.0,0,620.0
538008115,1716898181,-6.991683,104.184265,102.0,0,610.0
538008115,1716898192,-6.991433,104.184753,101.0,0,610.0
538008115,1716898202,-6.991217,104.18512,102.0,0,610.0
538008115,1716898212,-6.991,104.185547,101.0,0,620.0
538008115,1716898223,-6.99075,104.18602,102.0,0,610.0
538008115,1716898232,-6.990533,104.186417,101.0,0,610.0
538008115,1716898241,-6.990317,104.186813,102.0,0,620.0
538008115,1716898252,-6.990067,104.187263,101.0,0,610.0
538008115,1716898263,-6.989833,104.187752,103.0,0,620.0
538008115,1716898283,-6.9894,104.188553,102.0,0,610.0
538008115,1716898301,-6.988967,104.189346,101.0,0,610.0
538008115,1716898323,-6.9885,104.190231,101.0,0,610.0
538008115,1716898332,-6.988267,104.190636,101.0,0,610.0
538008115,1716898352,-6.987833,104.191452,101.0,0,610.0
538008115,1716898361,-6.987633,104.191879,101.0,0,620.0
538008115,1716898383,-6.987167,104.192764,101.0,0,620.0
538008115,1716898403,-6.986683,104.193649,101.0,0,620.0
538008115,1716898412,-6.986483,104.194031,100.0,0,620.0
538008115,1716898421,-6.986283,104.19442,102.0,0,610.0
538008115,1716898452,-6.9856,104.195717,100.0,0,610.0
538008115,1716898464,-6.985367,104.196152,103.0,0,620.0
538008115,1716898472,-6.985167,104.196518,100.0,0,610.0
538008115,1716898481,-6.984967,104.196968,102.0,0,630.0
538008115,1716898492,-6.984683,104.197418,100.0,0,610.0
538008115,1716898533,-6.98385,104.199051,101.0,0,620.0
538008115,1716898541,-6.983633,104.199471,100.0,0,620.0
538008115,1716898552,-6.9834,104.199936,101.0,0,620.0
538008115,1716898561,-6.9832,104.200317,101.0,0,620.0
538008115,1716898621,-6.981867,104.202835,101.0,0,620.0
538008115,1716898982,-6.9739,104.218048,101.0,0,620.0
538008115,1716899001,-6.973517,104.218803,101.0,0,620.0
538008115,1716899022,-6.973033,104.219681,100.0,0,610.0
538008115,1716899033,-6.9728,104.220154,100.0,0,620.0
538008115,1716899072,-6.97195,104.221786,100.0,0,620.0
538008115,1716899082,-6.9717,104.222214,100.0,0,620.0
538008115,1716899691,-6.958583,104.247734,99.0,0,620.0
538008115,1716899701,-6.958367,104.248116,99.0,0,620.0
538008115,1716899732,-6.957683,104.24942,98.0,0,610.0
538008115,1716899883,-6.954467,104.255699,99.0,0,610.0
538008115,1716899972,-6.952533,104.259499,100.0,0,630.0
538008115,1716900092,-6.949933,104.264519,100.0,0,620.0
538008115,1716900331,-6.944633,104.274551,100.0,0,610.0
538008115,1716900342,-6.944417,104.275017,101.0,0,620.0
538008115,1716900352,-6.9442,104.275383,100.0,0,620.0
538008115,1716900362,-6.943967,104.275848,100.0,0,610.0
538008115,1716900392,-6.9433,104.2771,100.0,0,610.0
538008115,1716900412,-6.942883,104.277901,100.0,0,610.0
538008115,1716900423,-6.94265,104.278366,101.0,0,620.0
538008115,1716900442,-6.942217,104.279167,101.0,0,620.0
538008115,1716900452,-6.941983,104.279587,100.0,0,610.0
538008115,1716900501,-6.940917,104.281647,101.0,0,620.0
538008115,1716900522,-6.940417,104.28257,100.0,0,620.0
538008115,1716900531,-6.940217,104.282936,100.0,0,610.0
538008115,1716900542,-6.939983,104.283401,100.0,0,620.0
538008115,1716900852,-6.933183,104.296516,102.0,0,620.0
538008115,1716900912,-6.931833,104.299065,101.0,0,610.0
538008115,1716900921,-6.93165,104.299454,101.0,0,630.0
538008115,1716900942,-6.931217,104.300285,101.0,0,620.0
538008115,1716900952,-6.930983,104.30072,101.0,0,620.0
538008115,1716900973,-6.9305,104.301651,102.0,0,630.0
538008115,1716900981,-6.930317,104.301964,101.0,0,620.0
538008115,1716901002,-6.929833,104.302864,101.0,0,610.0
538008115,1716901022,-6.929417,104.303719,100.0,0,620.0
538008115,1716901033,-6.929217,104.304153,101.0,0,630.0
538008115,1716901062,-6.928533,104.305351,101.0,0,620.0
538008115,1716901072,-6.92835,104.305786,101.0,0,630.0
538008115,1716901093,-6.927883,104.306664,101.0,0,620.0
538008115,1716901101,-6.927717,104.307014,101.0,0,630.0
538008115,1716901111,-6.927467,104.30748,101.0,0,620.0
538008115,1716901122,-6.927283,104.307915,101.0,0,630.0
538008115,1716901132,-6.927017,104.30838,101.0,0,630.0
538008115,1716901153,-6.926583,104.30928,102.0,0,640.0
538008115,1716901191,-6.925733,104.310867,101.0,0,620.0
538008115,1716901202,-6.925483,104.311302,100.0,0,610.0
538008115,1716901213,-6.92525,104.311729,100.0,0,610.0
538008115,1716901231,-6.924833,104.312515,100.0,0,610.0
538008115,1716901242,-6.9246,104.312935,100.0,0,620.0
538008115,1716901251,-6.924383,104.313347,100.0,0,610.0
538008115,1716901262,-6.92415,104.313766,100.0,0,610.0
538008115,1716901273,-6.923867,104.314247,100.0,0,610.0
538008115,1716901283,-6.92365,104.314682,100.0,0,620.0
538008115,1716901291,-6.923433,104.315033,99.0,0,600.0
538008115,1716901311,-6.923017,104.315834,99.0,0,610.0
538008115,1716901322,-6.922783,104.316315,100.0,0,620.0
538008115,1716901332,-6.92255,104.316734,99.0,0,610.0
538008115,1716901352,-6.922217,104.317383,100.0,0,620.0
538008115,1716901362,-6.921933,104.317863,99.0,0,610.0
538008115,1716901371,-6.9217,104.318298,100.0,0,620.0
538008115,1716901382,-6.9215,104.318703,99.0,0,610.0
538008115,1716901392,-6.921433,104.318886,100.0,0,620.0
538008115,1716901412,-6.921067,104.319565,100.0,0,610.0
538008115,1716901531,-6.91825,104.324699,99.0,0,610.0
538008115,1716901542,-6.918067,104.32502,98.0,0,600.0
538008115,1716901572,-6.9174,104.326263,100.0,0,620.0
538008115,1716901583,-6.91715,104.326714,98.0,0,610.0
538008115,1716901664,-6.915417,104.329933,99.0,0,610.0
538008115,1716901673,-6.9152,104.330353,99.0,0,610.0
538008115,1716901701,-6.914533,104.331581,99.0,0,610.0
538008115,1716901722,-6.914117,104.332382,99.0,0,620.0
538008115,1716901732,-6.913867,104.332886,98.0,0,620.0
538008115,1716901833,-6.911417,104.337364,98.0,0,610.0
538008115,1716901841,-6.911267,104.337715,100.0,0,630.0
538008115,1716901862,-6.910783,104.338585,99.0,0,620.0
538008115,1716901871,-6.910583,104.338951,99.0,0,620.0
538008115,1716901881,-6.910317,104.339432,98.0,0,610.0
538008115,1716901892,-6.910133,104.339813,99.0,0,620.0
538008115,1716901913,-6.909683,104.340683,99.0,0,630.0
538008115,1716901921,-6.909467,104.341049,99.0,0,610.0
538008115,1716901944,-6.909017,104.341949,99.0,0,620.0
538008115,1716902022,-6.907683,104.34478,100.0,0,620.0
538008115,1716902051,-6.90705,104.346046,99.0,0,610.0
538008115,1716902071,-6.906617,104.34687,100.0,0,600.0
538008115,1716902082,-6.906283,104.347351,99.0,0,620.0
538008115,1716902091,-6.905917,104.347954,97.0,0,610.0
538008115,1716902111,-6.905367,104.3489,98.0,0,600.0
538008115,1716902123,-6.905133,104.34938,99.0,0,620.0
538008115,1716902142,-6.904683,104.350166,99.0,0,610.0
538008115,1716902172,-6.903983,104.351448,98.0,0,610.0
538008115,1716902183,-6.90375,104.351868,98.0,0,620.0
538008115,1716902202,-6.903333,104.352654,99.0,0,610.0
538008115,1716902211,-6.903133,104.352997,98.0,0,610.0
538008115,1716902262,-6.902,104.35508,99.0,0,610.0
538008115,1716902301,-6.901167,104.356651,98.0,0,620.0
538008115,1716902311,-6.900917,104.357086,97.0,0,610.0
538008115,1716902331,-6.90045,104.357933,98.0,0,610.0
538008115,1716902342,-6.900233,104.358353,98.0,0,610.0
538008115,1716902360,-6.8998,104.359154,98.0,0,620.0
538008115,1716902383,-6.899467,104.359886,98.0,0,620.0
538008115,1716902402,-6.8992,104.360451,98.0,0,630.0
538008115,1716902421,-6.898817,104.361153,98.0,0,630.0
538008115,1716902541,-6.896167,104.36618,99.0,0,620.0
538008115,1716902591,-6.895117,104.368233,97.0,0,620.0
538008115,1716902601,-6.894933,104.368614,99.0,0,630.0
538008115,1716902621,-6.894517,104.369469,99.0,0,620.0
538008115,1716902631,-6.894333,104.369865,98.0,0,610.0
538008115,1716902651,-6.893867,104.370697,97.0,0,610.0
538008115,1716902661,-6.893667,104.371147,99.0,0,630.0
538008115,1716902681,-6.893233,104.371986,98.0,0,630.0
538008115,1716902691,-6.893017,104.372353,98.0,0,630.0
538008115,1716902711,-6.8926,104.373215,98.0,0,630.0
538008115,1716902721,-6.892383,104.373619,98.0,0,620.0
538008115,1716902741,-6.891967,104.374451,98.0,0,630.0
538008115,1716902751,-6.891767,104.37487,97.0,0,620.0
538008115,1716902762,-6.89155,104.375282,98.0,0,630.0
538008115,1716902771,-6.89135,104.375702,97.0,0,620.0
538008115,1716902801,-6.89045,104.377319,98.0,0,630.0
538008115,1716902811,-6.890217,104.377731,97.0,0,630.0
538008115,1716902841,-6.889617,104.378967,99.0,0,630.0
538008115,1716902852,-6.8894,104.379379,98.0,0,620.0
538008115,1716902861,-6.889183,104.379799,98.0,0,620.0
538008115,1716903862,-6.867283,104.419952,98.0,0,630.0
538008115,1716903871,-6.86705,104.420349,98.0,0,620.0
538008115,1716903892,-6.866633,104.421181,98.0,0,630.0
538008115,1716903902,-6.866433,104.4216,98.0,0,620.0
538008115,1716903922,-6.866,104.422432,98.0,0,620.0
538008115,1716903931,-6.8658,104.422798,98.0,0,630.0
538008115,1716903952,-6.865383,104.42363,99.0,0,630.0
538008115,1716903982,-6.86475,104.424881,98.0,0,630.0
538008115,1716903991,-6.864583,104.42527,99.0,0,640.0
538008115,1716904002,-6.864317,104.425766,98.0,0,630.0
538008115,1716904012,-6.864117,104.426186,99.0,0,630.0
538008115,1716904100,-6.8621,104.430267,99.0,0,630.0
538008115,1716904202,-6.859983,104.434547,99.0,0,630.0
538008115,1716904262,-6.858733,104.436981,99.0,0,620.0
538008115,1716904272,-6.858483,104.437431,98.0,0,620.0
538008115,1716904281,-6.858317,104.437767,99.0,0,620.0
538008115,1716904322,-6.8574,104.439484,98.0,0,610.0
538008115,1716904752,-6.84815,104.457115,98.0,0,630.0
538008115,1716904781,-6.847567,104.458321,98.0,0,620.0
538008115,1716904793,-6.847333,104.458786,99.0,0,640.0
538008115,1716904812,-6.846917,104.459602,99.0,0,630.0
538008115,1716904832,-6.8465,104.460381,98.0,0,630.0
538008115,1716904852,-6.84605,104.46125,98.0,0,630.0
538008115,1716905242,-6.83745,104.477066,98.0,0,610.0
538008115,1716905252,-6.83725,104.477486,99.0,0,620.0
538008115,1716905261,-6.837033,104.477837,98.0,0,610.0
538008115,1716905321,-6.835717,104.480301,98.0,0,610.0
538008115,1716905362,-6.8348,104.481979,98.0,0,610.0
538008115,1716905391,-6.83415,104.48317,99.0,0,610.0
538008115,1716905883,-6.8232,104.503319,99.0,0,620.0
538008115,1716905901,-6.822817,104.504066,99.0,0,620.0
538008115,1716906653,-6.806233,104.535202,99.0,0,610.0
538008115,1716906803,-6.8029,104.54142,100.0,0,620.0
538008115,1716907501,-6.78725,104.570084,98.0,0,590.0
538008115,1716907845,-6.779967,104.584099,99.0,0,630.0
538008115,1716907982,-6.777217,104.589417,97.0,0,630.0
538008115,1716908003,-6.776817,104.590179,98.0,0,630.0
538008115,1716908021,-6.776217,104.591301,98.0,0,640.0
538008115,1716908281,-6.77075,104.602036,97.0,0,630.0
538008115,1716908302,-6.770333,104.602867,97.0,0,620.0
538008115,1716908312,-6.770117,104.603287,97.0,0,630.0
538008115,1716908331,-6.769717,104.604103,97.0,0,630.0
538008115,1716908352,-6.7693,104.604919,97.0,0,630.0
538008115,1716908526,-6.765833,104.611954,97.0,0,630.0
538008115,1716908581,-6.764617,104.614365,97.0,0,620.0
538008115,1716908592,-6.764383,104.61483,97.0,0,630.0
538008115,1716909066,-6.754833,104.634003,97.0,0,630.0
538008115,1716909111,-6.7538,104.63607,97.0,0,630.0
538008115,1716909181,-6.752567,104.63858,98.0,0,620.0
538008115,1716912256,-6.686467,104.762733,96.0,0,600.0
538008115,1716912783,-6.675117,104.783936,96.0,0,620.0
538008115,1716912876,-6.673217,104.787483,96.0,0,620.0
538008115,1716913325,-6.663967,104.80558,96.0,0,630.0
538008115,1716913365,-6.663167,104.807114,96.0,0,630.0
538008115,1716913425,-6.661917,104.809586,95.0,0,630.0
538008115,1716914713,-6.6352,104.86068,94.0,0,610.0
538008115,1716914743,-6.63455,104.861832,93.0,0,600.0
538008115,1716914752,-6.634367,104.862221,93.0,0,610.0
538008115,1716914772,-6.633967,104.862953,93.0,0,610.0
538008115,1716914782,-6.63375,104.86335,93.0,0,610.0
538008115,1716915402,-6.620933,104.887436,93.0,0,610.0
538008115,1716915421,-6.620533,104.888168,94.0,0,610.0
538008115,1716915443,-6.62015,104.888985,94.0,0,630.0
538008115,1716915632,-6.616183,104.89637,93.0,0,620.0
538008115,1716915652,-6.6158,104.897118,92.0,0,620.0
538008115,1716915872,-6.611233,104.905632,93.0,0,610.0
538008115,1716915911,-6.610417,104.90715,93.0,0,620.0
538008115,1716915923,-6.610167,104.9076,92.0,0,620.0
538008115,1716915932,-6.60995,104.907982,93.0,0,610.0
538008115,1716916122,-6.605983,104.915352,94.0,0,620.0
538008115,1716916242,-6.60345,104.919998,95.0,0,620.0
538008115,1716916251,-6.603217,104.920334,93.0,0,600.0
538008115,1716916341,-6.60135,104.923782,94.0,0,610.0
538008115,1716916401,-6.600033,104.926132,93.0,0,600.0
538008115,1716916412,-6.599817,104.926567,95.0,0,620.0
538008115,1716916423,-6.599583,104.926933,93.0,0,600.0
538008115,1716917040,-6.596033,104.933533,95.0,0,630.0
538008115,1716917152,-6.584483,104.95517,94.0,0,630.0
538008115,1716917303,-6.581383,104.961014,93.0,0,610.0
538008115,1716917593,-6.576,104.972366,93.0,0,660.0
538008115,1716917612,-6.575617,104.973183,93.0,0,650.0
538008115,1716917771,-6.572517,104.979385,93.0,0,630.0
538008115,1716917812,-6.571733,104.98098,93.0,0,640.0
538008115,1716918001,-6.56795,104.988297,93.0,0,620.0
538008115,1716918012,-6.567767,104.988701,94.0,0,630.0
538008115,1716918022,-6.567517,104.989098,93.0,0,610.0
538008115,1716918983,-6.547083,105.026268,93.0,0,620.0
538008115,1716919191,-6.542867,105.034569,96.0,0,640.0
538008115,1716919233,-6.542067,105.036217,95.0,0,640.0
538008115,1716920755,-6.511183,105.095863,95.0,0,600.0
538008115,1716920907,-6.5079,105.101799,96.0,0,600.0
538008115,1716921272,-6.499867,105.116386,96.0,0,600.0
538008115,1716921357,-6.498217,105.11953,96.0,0,610.0
538008115,1716924653,-6.4318,105.254997,99.0,0,640.0
538008115,1716928151,-6.3626,105.403786,98.0,0,660.0
538008115,1716928652,-6.353283,105.424751,99.0,0,620.0
538008115,1716928706,-6.352117,105.426903,98.0,0,610.0
538008115,1716928736,-6.351583,105.427864,98.0,0,610.0
538008115,1716935585,-6.180533,105.662102,90.0,0,330.0
538008115,1716938064,-6.0921,105.71035,81.0,0,290.0
538008115,1716938204,-6.08745,105.713135,82.0,0,310.0
538008115,1716938252,-6.0858,105.714149,82.0,0,310.0
538008115,1716938283,-6.0848,105.714798,83.0,0,320.0
538008115,1716938295,-6.084467,105.715019,83.0,0,320.0
538008115,1716938409,-6.080783,105.717499,86.0,0,340.0
538008115,1716938463,-6.0788,105.718864,87.0,0,340.0
538008115,1716938573,-6.075033,105.721336,88.0,0,310.0
538008115,1716938622,-6.073267,105.722298,88.0,0,280.0
538008115,1716938633,-6.072867,105.722519,88.0,0,270.0
538008115,1716938644,-6.072533,105.722687,88.0,0,270.0
538008115,1716938663,-6.071783,105.723068,89.0,0,260.0
538008115,1716938722,-6.069567,105.724152,88.0,0,260.0
538008115,1716938733,-6.06915,105.72435,88.0,0,260.0
538008115,1716938755,-6.068333,105.724785,89.0,0,260.0
538008115,1716938763,-6.068,105.724968,89.0,0,270.0
538008115,1716938775,-6.067667,105.725136,89.0,0,270.0
538008115,1716938782,-6.0673,105.725349,89.0,0,280.0
538008115,1716938874,-6.06395,105.727249,91.0,0,290.0
538008115,1716939003,-6.058967,105.729698,92.0,0,240.0
538008115,1716939012,-6.058567,105.729881,91.0,0,240.0
538008115,1716939024,-6.058183,105.730034,91.0,0,240.0
538008115,1716939085,-6.0558,105.731148,91.0,0,250.0
538008115,1716939115,-6.054633,105.73172,92.0,0,250.0
538008115,1716939133,-6.053867,105.732086,93.0,0,250.0
538008115,1716939154,-6.053083,105.732452,92.0,0,250.0
538008115,1716939283,-6.04795,105.734718,92.0,0,230.0
538008115,1716939303,-6.04715,105.735069,92.0,0,230.0
538008115,1716939323,-6.046367,105.73542,92.0,0,230.0
538008115,1716939344,-6.045617,105.735748,92.0,0,230.0
538008115,1716939373,-6.04435,105.73632,91.0,0,240.0
538008115,1716939393,-6.0436,105.736649,91.0,0,240.0
538008115,1716939404,-6.043217,105.736816,91.0,0,240.0
538008115,1716939417,-6.042783,105.73703,91.0,0,240.0
538008115,1716939424,-6.042433,105.737183,91.0,0,240.0
538008115,1716939444,-6.041617,105.737549,91.0,0,240.0
538008115,1716939463,-6.040917,105.737885,91.0,0,240.0
538008115,1716939523,-6.0385,105.738983,91.0,0,240.0
538008115,1716939532,-6.03815,105.739136,91.0,0,240.0
538008115,1716939554,-6.037333,105.739517,91.0,0,240.0
538008115,1716939592,-6.035817,105.740181,90.0,0,230.0
538008115,1716939626,-6.0346,105.740685,90.0,0,220.0
538008115,1716939686,-6.03225,105.741669,90.0,0,220.0
538008115,1716939694,-6.031867,105.741814,89.0,0,220.0
538008115,1716939705,-6.031467,105.741982,90.0,0,220.0
538008115,1716939723,-6.030733,105.742302,89.0,0,220.0
538008115,1716939746,-6.029917,105.742653,89.0,0,220.0
538008115,1716939754,-6.029567,105.742798,89.0,0,220.0
538008115,1716939763,-6.029183,105.742981,89.0,0,230.0
538008115,1716939797,-6.028017,105.7435,89.0,0,230.0
538008115,1716939804,-6.027633,105.743668,88.0,0,230.0
538008115,1716939893,-6.02425,105.745171,88.0,0,230.0
538008115,1716939903,-6.023867,105.745331,88.0,0,230.0
538008115,1716939926,-6.023067,105.745682,88.0,0,230.0
538008115,1716939934,-6.022717,105.745834,88.0,0,230.0
538008115,1716939944,-6.022317,105.746033,87.0,0,240.0
538008115,1716939953,-6.022,105.74617,87.0,0,230.0
538008115,1716939983,-6.020783,105.74675,87.0,0,250.0
538008115,1716940004,-6.020083,105.747086,87.0,0,250.0
538008115,1716940022,-6.0194,105.747437,87.0,0,250.0
538008115,1716940037,-6.019,105.74765,87.0,0,260.0
538008115,1716940056,-6.0183,105.748001,86.0,0,270.0
538008115,1716940084,-6.01725,105.74855,86.0,0,270.0
538008115,1716940096,-6.016817,105.748764,86.0,0,270.0
538008115,1716940123,-6.01575,105.749336,86.0,0,270.0
538008115,1716940144,-6.015083,105.749702,85.0,0,270.0
538008115,1716940167,-6.01435,105.750099,85.0,0,270.0
538008115,1716940175,-6.014033,105.750267,85.0,0,270.0
538008115,1716940185,-6.013667,105.75045,85.0,0,270.0
538008115,1716940195,-6.01335,105.750618,85.0,0,280.0
538008115,1716940215,-6.012583,105.751053,85.0,0,280.0
538008115,1716940226,-6.0122,105.751236,85.0,0,270.0
538008115,1716940244,-6.011517,105.751579,84.0,0,270.0
538008115,1716940254,-6.0112,105.751747,84.0,0,270.0
538008115,1716940263,-6.010817,105.751953,84.0,0,270.0
538008115,1716940274,-6.01045,105.752167,84.0,0,270.0
538008115,1716940293,-6.00975,105.752533,84.0,0,270.0
538008115,1716940313,-6.00905,105.752884,84.0,0,270.0
538008115,1716940323,-6.008733,105.753052,84.0,0,270.0
538008115,1716940336,-6.008333,105.75325,84.0,0,260.0
538008115,1716940346,-6.007983,105.753418,84.0,0,260.0
538008115,1716940354,-6.007667,105.753586,84.0,0,260.0
538008115,1716940363,-6.007317,105.753769,84.0,0,260.0
538008115,1716940372,-6.006967,105.753952,84.0,0,260.0
538008115,1716940383,-6.006617,105.75412,84.0,0,260.0
538008115,1716940410,-6.005883,105.754486,83.0,0,260.0
538008115,1716940423,-6.0052,105.754852,83.0,0,260.0
538008115,1716940454,-6.00415,105.755402,83.0,0,270.0
538008115,1716940495,-6.002767,105.756081,83.0,0,270.0
538008115,1716940514,-6.00205,105.75647,83.0,0,270.0
538008115,1716940533,-6.001417,105.756836,83.0,0,270.0
538008115,1716940563,-6.000383,105.757416,83.0,0,290.0
538008115,1716940573,-6.000033,105.757614,83.0,0,290.0
538008115,1716940593,-5.999367,105.758003,83.0,0,290.0
538008115,1716940603,-5.998983,105.758217,82.0,0,290.0
538008115,1716940614,-5.99865,105.758415,83.0,0,290.0
538008115,1716940643,-5.997633,105.759003,82.0,0,290.0
538008115,1716940654,-5.997317,105.759171,83.0,0,290.0
538008115,1716940683,-5.996317,105.75975,82.0,0,290.0
538008115,1716940695,-5.99595,105.759949,82.0,0,290.0
538008115,1716940704,-5.995617,105.760132,82.0,0,290.0
538008115,1716940724,-5.994917,105.760536,82.0,0,280.0
538008115,1716940734,-5.994567,105.760719,82.0,0,280.0
538008115,1716940742,-5.994267,105.76088,82.0,0,280.0
538008115,1716940755,-5.993883,105.761086,82.0,0,280.0
538008115,1716940785,-5.992867,105.761635,82.0,0,280.0
538008115,1716940796,-5.992517,105.761818,82.0,0,280.0
538008115,1716940825,-5.991517,105.762398,82.0,0,290.0
538008115,1716940857,-5.990533,105.762985,82.0,0,310.0
538008115,1716940875,-5.98985,105.76342,82.0,0,310.0
538008115,1716940886,-5.98955,105.763618,82.0,0,310.0
538008115,1716940937,-5.9879,105.764648,83.0,0,310.0
538008115,1716940956,-5.98725,105.765015,83.0,0,300.0
538008115,1716940965,-5.986883,105.765236,83.0,0,300.0
538008115,1716940985,-5.98625,105.765579,82.0,0,290.0
538008115,1716940996,-5.985867,105.765785,82.0,0,290.0
538008115,1716941014,-5.985217,105.766167,82.0,0,290.0
538008115,1716941024,-5.9848,105.766403,82.0,0,290.0
538008115,1716941066,-5.983517,105.767197,83.0,0,310.0
538008115,1716941075,-5.983217,105.76738,83.0,0,310.0
538008115,1716941086,-5.982867,105.767616,83.0,0,310.0
538008115,1716941094,-5.982533,105.767815,83.0,0,310.0
538008115,1716941116,-5.981883,105.768219,83.0,0,310.0
538008115,1716941134,-5.98125,105.7686,83.0,0,300.0
538008115,1716941153,-5.980567,105.768982,83.0,0,290.0
538008115,1716941184,-5.9795,105.769547,83.0,0,280.0
538008115,1716941219,-5.978483,105.770081,83.0,0,270.0
538008115,1716941236,-5.977767,105.770416,83.0,0,260.0
538008115,1716941244,-5.977417,105.770584,83.0,0,250.0
538008115,1716941265,-5.976683,105.770866,82.0,0,220.0
538008115,1716941273,-5.976317,105.771004,82.0,0,210.0
538008115,1716941282,-5.976033,105.771103,82.0,0,210.0
538008115,1716941295,-5.975583,105.771271,82.0,0,200.0
538008115,1716941307,-5.975217,105.7714,82.0,0,200.0
538008115,1716941317,-5.974883,105.771515,82.0,0,190.0
538008115,1716941336,-5.974133,105.771767,82.0,0,190.0
538008115,1716941342,-5.973783,105.771881,82.0,0,190.0
538008115,1716941356,-5.973383,105.772034,82.0,0,190.0
538008115,1716941373,-5.97265,105.772301,82.0,0,190.0
538008115,1716941386,-5.972317,105.772453,82.0,0,200.0
538008115,1716941403,-5.971683,105.772697,82.0,0,210.0
538008115,1716941414,-5.97125,105.772881,82.0,0,210.0
538008115,1716941424,-5.970883,105.773033,81.0,0,220.0
538008115,1716941444,-5.970167,105.773331,81.0,0,230.0
538008115,1716941454,-5.969867,105.773483,81.0,0,230.0
538008115,1716941479,-5.96915,105.773819,81.0,0,240.0
538008115,1716941505,-5.9681,105.774353,81.0,0,260.0
538008115,1716941527,-5.967483,105.774666,81.0,0,270.0
538008115,1716941534,-5.9671,105.774864,81.0,0,270.0
538008115,1716941546,-5.96675,105.775047,81.0,0,270.0
538008115,1716941555,-5.966417,105.775215,81.0,0,270.0
538008115,1716941582,-5.965417,105.775749,81.0,0,270.0
538008115,1716941622,-5.9641,105.776451,81.0,0,270.0
538008115,1716941673,-5.962317,105.777336,81.0,0,260.0
538008115,1716941682,-5.962,105.777466,82.0,0,250.0
538008115,1716941715,-5.9609,105.777946,81.0,0,230.0
538008115,1716941722,-5.960583,105.778084,81.0,0,230.0
538008115,1716941752,-5.9595,105.778481,81.0,0,200.0
538008115,1716941764,-5.959083,105.778618,81.0,0,190.0
538008115,1716941782,-5.95835,105.77887,81.0,0,180.0
538008115,1716941794,-5.95795,105.778984,81.0,0,170.0
538008115,1716941802,-5.95765,105.779068,81.0,0,170.0
538008115,1716941813,-5.957233,105.779182,83.0,0,160.0
538008115,1716941843,-5.956167,105.779465,82.0,0,160.0
538008115,1716941876,-5.955017,105.77977,83.0,0,140.0
538008115,1716941906,-5.953867,105.780067,83.0,0,140.0
538008115,1716941933,-5.952717,105.780434,83.0,0,170.0
538008115,1716941958,-5.951983,105.780701,82.0,0,190.0
538008115,1716941975,-5.951283,105.780983,82.0,0,210.0
538008115,1716941982,-5.95095,105.781136,82.0,0,210.0
538008115,1716941993,-5.9506,105.781265,82.0,0,210.0
538008115,1716942004,-5.950183,105.781433,82.0,0,210.0
538008115,1716942013,-5.949867,105.78157,82.0,0,220.0
538008115,1716942023,-5.949467,105.781731,82.0,0,220.0
538008115,1716942032,-5.94915,105.781868,81.0,0,230.0
538008115,1716942042,-5.948833,105.782021,81.0,0,230.0
538008115,1716942064,-5.948083,105.782364,81.0,0,240.0
538008115,1716942083,-5.9474,105.782669,81.0,0,240.0
538008115,1716942092,-5.947083,105.782814,81.0,0,240.0
538008115,1716942124,-5.945983,105.783348,80.0,0,250.0
538008115,1716942134,-5.945667,105.783485,80.0,0,240.0
538008115,1716942143,-5.945283,105.783653,81.0,0,240.0
538008115,1716942154,-5.944983,105.783783,80.0,0,240.0
538008115,1716942162,-5.944667,105.78392,81.0,0,230.0
538008115,1716942213,-5.942867,105.784683,81.0,0,240.0
538008115,1716942222,-5.942567,105.784836,81.0,0,240.0
538008115,1716942232,-5.942167,105.785034,80.0,0,250.0
538008115,1716942254,-5.9415,105.785385,80.0,0,260.0
538008115,1716942268,-5.941167,105.785568,80.0,0,280.0
538008115,1716942273,-5.940883,105.785751,79.0,0,290.0
538008115,1716942292,-5.9402,105.786148,79.0,0,300.0
538008115,1716942313,-5.939567,105.78653,79.0,0,310.0
538008115,1716942323,-5.939267,105.786736,78.0,0,310.0
538008115,1716942342,-5.938683,105.787064,78.0,0,300.0
538008115,1716942352,-5.938333,105.787285,78.0,0,300.0
538008115,1716942373,-5.937717,105.787651,78.0,0,310.0
538008115,1716942383,-5.9374,105.787849,78.0,0,310.0
538008115,1716942407,-5.9371,105.788048,78.0,0,310.0
538008115,1716942413,-5.936433,105.788452,77.0,0,310.0
538008115,1716942422,-5.93615,105.78862,77.0,0,310.0
538008115,1716942433,-5.935817,105.788834,77.0,0,310.0
538008115,1716942474,-5.9346,105.789551,76.0,0,300.0
538008115,1716942483,-5.934317,105.789719,76.0,0,300.0
538008115,1716942512,-5.9334,105.790283,76.0,0,310.0
538008115,1716942522,-5.933083,105.790466,75.0,0,300.0
538008115,1716942533,-5.932733,105.790665,76.0,0,300.0
538008115,1716942542,-5.932433,105.790833,76.0,0,290.0
538008115,1716942553,-5.932083,105.791054,75.0,0,300.0
538008115,1716942572,-5.9315,105.791397,75.0,0,300.0
538008115,1716942582,-5.931183,105.79158,76.0,0,300.0
538008115,1716942602,-5.930567,105.791946,76.0,0,300.0
538008115,1716942617,-5.930233,105.792152,76.0,0,300.0
538008115,1716942632,-5.929683,105.79248,76.0,0,310.0
538008115,1716942643,-5.929317,105.792702,76.0,0,310.0
538008115,1716942654,-5.92905,105.792885,76.0,0,310.0
538008115,1716942703,-5.927467,105.793831,76.0,0,310.0
538008115,1716942713,-5.92715,105.794014,77.0,0,310.0
538008115,1716942723,-5.926817,105.79425,77.0,0,310.0
538008115,1716942734,-5.926517,105.794434,77.0,0,320.0
538008115,1716942742,-5.926267,105.794586,76.0,0,320.0
538008115,1716942764,-5.925633,105.795036,76.0,0,330.0
538008115,1716942775,-5.925367,105.795235,77.0,0,340.0
538008115,1716942785,-5.925033,105.795464,77.0,0,340.0
538008115,1716942813,-5.92415,105.795998,77.0,0,310.0
538008115,1716942824,-5.923833,105.796181,77.0,0,310.0
538008115,1716942833,-5.923533,105.796364,77.0,0,310.0
538008115,1716942843,-5.923167,105.796585,77.0,0,300.0
538008115,1716942873,-5.922267,105.79705,76.0,0,280.0
538008115,1716942883,-5.921933,105.797234,76.0,0,280.0
538008115,1716942893,-5.921617,105.797417,76.0,0,280.0
538008115,1716942914,-5.920967,105.797752,76.0,0,270.0
538008115,1716942932,-5.920367,105.79805,76.0,0,270.0
538008115,1716942944,-5.920017,105.798233,76.0,0,260.0
538008115,1716942964,-5.919367,105.798569,76.0,0,260.0
538008115,1716942974,-5.91905,105.798737,76.0,0,260.0
538008115,1716942982,-5.918783,105.798851,76.0,0,260.0
538008115,1716942992,-5.9184,105.799049,76.0,0,260.0
538008115,1716943007,-5.918117,105.799202,76.0,0,270.0
538008115,1716943014,-5.917767,105.799385,76.0,0,270.0
538008115,1716943024,-5.917417,105.799583,76.0,0,280.0
538008115,1716943034,-5.9171,105.799751,76.0,0,280.0
538008115,1716943042,-5.91685,105.799896,76.0,0,280.0
538008115,1716943052,-5.916517,105.800064,77.0,0,280.0
538008115,1716943065,-5.9162,105.800247,77.0,0,280.0
538008115,1716943073,-5.915883,105.80043,77.0,0,290.0
538008115,1716943082,-5.915567,105.800613,77.0,0,280.0
538008115,1716943094,-5.915217,105.800819,77.0,0,290.0
538008115,1716943103,-5.91495,105.800949,77.0,0,280.0
538008115,1716943154,-5.913267,105.801933,77.0,0,300.0
538008115,1716943164,-5.912983,105.802101,77.0,0,300.0
538008115,1716943172,-5.912717,105.802254,77.0,0,300.0
538008115,1716943213,-5.911433,105.802986,76.0,0,300.0
538008115,1716943222,-5.911117,105.803169,76.0,0,300.0
538008115,1716943233,-5.9108,105.803329,76.0,0,290.0
538008115,1716943242,-5.910517,105.803497,75.0,0,300.0
538008115,1716943274,-5.909617,105.804016,75.0,0,290.0
538008115,1716943283,-5.909317,105.804199,74.0,0,290.0
538008115,1716943295,-5.909,105.804352,74.0,0,280.0
538008115,1716943302,-5.908683,105.80452,74.0,0,280.0
538008115,1716943334,-5.907733,105.805016,74.0,0,280.0
538008115,1716943343,-5.907433,105.805183,74.0,0,280.0
538008115,1716943353,-5.907117,105.805367,74.0,0,280.0
538008115,1716943368,-5.906833,105.805519,75.0,0,270.0
538008115,1716943376,-5.906533,105.805664,74.0,0,270.0
538008115,1716943384,-5.9062,105.805847,74.0,0,270.0
538008115,1716943394,-5.90585,105.80603,74.0,0,280.0
538008115,1716943413,-5.905217,105.806335,74.0,0,260.0
538008115,1716943427,-5.904933,105.806465,74.0,0,250.0
538008115,1716943435,-5.90465,105.806602,73.0,0,260.0
538008115,1716943453,-5.903983,105.806984,72.0,0,270.0
538008115,1716943463,-5.903667,105.807152,72.0,0,260.0
538008115,1716943473,-5.903367,105.807297,72.0,0,260.0
538008115,1716943482,-5.9031,105.807419,72.0,0,250.0
538008115,1716943514,-5.902183,105.80793,72.0,0,300.0
538008115,1716943523,-5.901933,105.808121,70.0,0,310.0
538008115,1716943543,-5.901367,105.808479,70.0,0,310.0
538008115,1716943551,-5.901117,105.808632,70.0,0,310.0
538008115,1716943574,-5.900533,105.808998,70.0,0,320.0
538008115,1716943623,-5.8991,105.809914,71.0,0,320.0
538008115,1716943633,-5.898833,105.810097,71.0,0,340.0
538008115,1716943643,-5.8986,105.81028,70.0,0,350.0
538008115,1716943662,-5.898067,105.810684,70.0,0,360.0
538008115,1716943683,-5.897533,105.811119,71.0,0,370.0
538008115,1716943693,-5.89725,105.811333,71.0,0,380.0
538008115,1716943702,-5.897,105.811546,72.0,0,380.0
538008115,1716943713,-5.89675,105.811768,72.0,0,380.0
538008115,1716943722,-5.896483,105.811966,72.0,0,380.0
538008115,1716943742,-5.895933,105.812416,73.0,0,390.0
538008115,1716943763,-5.895383,105.812897,73.0,0,400.0
538008115,1716943773,-5.895117,105.813133,73.0,0,390.0
538008115,1716943784,-5.894867,105.813332,73.0,0,390.0
538008115,1716943793,-5.8946,105.813568,74.0,0,390.0
538008115,1716943814,-5.894033,105.814034,74.0,0,400.0
538008115,1716943823,-5.893783,105.814247,74.0,0,390.0
538008115,1716943833,-5.89355,105.814453,74.0,0,390.0
538008115,1716943855,-5.892983,105.814919,75.0,0,390.0
538008115,1716943863,-5.892717,105.815132,76.0,0,390.0
538008115,1716943883,-5.892167,105.815598,76.0,0,400.0
538008115,1716943894,-5.891867,105.815849,76.0,0,400.0
538008115,1716943902,-5.891617,105.816048,76.0,0,390.0
538008115,1716943934,-5.890767,105.816803,76.0,0,400.0
538008115,1716943944,-5.890517,105.817001,76.0,0,400.0
538008115,1716943953,-5.89025,105.81723,77.0,0,400.0
538008115,1716943965,-5.89,105.817436,77.0,0,400.0
538008115,1716943973,-5.889733,105.81765,77.0,0,390.0
538008115,1716943984,-5.889467,105.817886,77.0,0,400.0
538008115,1716943994,-5.88915,105.818153,78.0,0,400.0
538008115,1716944003,-5.888883,105.818367,78.0,0,400.0
538008115,1716944035,-5.88805,105.819084,78.0,0,400.0
538008115,1716944054,-5.887433,105.819633,79.0,0,400.0
538008115,1716944062,-5.887167,105.81987,79.0,0,400.0
538008115,1716944073,-5.8869,105.820099,79.0,0,400.0
538008115,1716944082,-5.886633,105.820335,80.0,0,400.0
538008115,1716944093,-5.8863,105.820602,80.0,0,400.0
538008115,1716944103,-5.886033,105.820831,80.0,0,400.0
538008115,1716944114,-5.885717,105.821083,80.0,0,400.0
538008115,1716944123,-5.885433,105.821335,80.0,0,400.0
538008115,1716944133,-5.88515,105.821587,81.0,0,400.0
538008115,1716944153,-5.8846,105.822052,81.0,0,400.0
538008115,1716944163,-5.884317,105.822304,81.0,0,400.0
538008115,1716944184,-5.883717,105.8228,81.0,0,400.0
538008115,1716944214,-5.882817,105.82357,81.0,0,400.0
538008115,1716944223,-5.882483,105.823853,81.0,0,400.0
538008115,1716944234,-5.8822,105.824081,81.0,0,390.0
538008115,1716944252,-5.881667,105.824501,82.0,0,380.0
538008115,1716944273,-5.88105,105.824966,82.0,0,370.0
538008115,1716944285,-5.880717,105.825249,82.0,0,380.0
538008115,1716944292,-5.880433,105.825447,82.0,0,370.0
538008115,1716944313,-5.879833,105.825897,82.0,0,360.0
538008115,1716944322,-5.87955,105.826103,83.0,0,360.0
538008115,1716944334,-5.8792,105.82637,83.0,0,360.0
538008115,1716944344,-5.878833,105.82663,83.0,0,360.0
538008115,1716944352,-5.878583,105.82682,83.0,0,360.0
538008115,1716944362,-5.878267,105.827049,83.0,0,360.0
538008115,1716944372,-5.877917,105.827286,83.0,0,350.0
538008115,1716944382,-5.877633,105.827484,83.0,0,350.0
538008115,1716944393,-5.8773,105.827751,82.0,0,360.0
538008115,1716944404,-5.87695,105.828003,83.0,0,360.0
538008115,1716944412,-5.8767,105.828186,83.0,0,360.0
538008115,1716944433,-5.876033,105.828651,83.0,0,350.0
538008115,1716944442,-5.875717,105.82888,82.0,0,350.0
538008115,1716944452,-5.8754,105.829102,82.0,0,350.0
538008115,1716944464,-5.875067,105.829369,83.0,0,360.0
538008115,1716944483,-5.874517,105.829765,83.0,0,360.0
538008115,1716944513,-5.873517,105.830467,83.0,0,350.0
538008115,1716944534,-5.8729,105.830933,84.0,0,360.0
538008115,1716944552,-5.872267,105.831383,84.0,0,350.0
538008115,1716944572,-5.871633,105.831863,85.0,0,360.0
538008115,1716944593,-5.870967,105.832367,85.0,0,360.0
538008115,1716944602,-5.870667,105.832581,85.0,0,350.0
538008115,1716944646,-5.869333,105.833549,85.0,0,360.0
538008115,1716944653,-5.868983,105.833817,85.0,0,360.0
538008115,1716944662,-5.868733,105.834,85.0,0,360.0
538008115,1716944673,-5.8684,105.834236,85.0,0,360.0
538008115,1716944684,-5.86805,105.834503,85.0,0,360.0
538008115,1716944703,-5.867417,105.834969,86.0,0,360.0
538008115,1716944713,-5.8671,105.83522,86.0,0,360.0
538008115,1716944725,-5.866767,105.835449,86.0,0,360.0
538008115,1716944732,-5.866467,105.83567,86.0,0,360.0
538008115,1716944763,-5.8655,105.83638,86.0,0,360.0
538008115,1716944784,-5.8648,105.836884,86.0,0,360.0
538008115,1716944803,-5.8641,105.837418,87.0,0,360.0
538008115,1716944811,-5.863833,105.837616,87.0,0,360.0
538008115,1716944834,-5.863167,105.83812,87.0,0,360.0
538008115,1716944845,-5.862817,105.838387,87.0,0,360.0
538008115,1716944853,-5.86255,105.838585,87.0,0,360.0
538008115,1716944872,-5.861883,105.839081,87.0,0,360.0
538008115,1716944893,-5.8612,105.8396,87.0,0,370.0
538008115,1716944904,-5.860867,105.839851,87.0,0,370.0
538008115,1716944923,-5.860233,105.840317,88.0,0,370.0
538008115,1716944933,-5.85995,105.84053,88.0,0,370.0
538008115,1716944952,-5.8593,105.841034,88.0,0,370.0
538008115,1716945024,-5.8569,105.842865,89.0,0,370.0
538008115,1716945033,-5.8566,105.843086,89.0,0,370.0
538008115,1716945052,-5.855967,105.843567,89.0,0,370.0
538008115,1716945065,-5.855583,105.843849,89.0,0,360.0
538008115,1716945072,-5.855283,105.844086,89.0,0,360.0
538008115,1716945084,-5.854917,105.84433,89.0,0,360.0
538008115,1716945092,-5.854633,105.844536,89.0,0,360.0
538008115,1716945103,-5.854267,105.844803,89.0,0,360.0
538008115,1716945112,-5.853917,105.845047,89.0,0,360.0
538008115,1716945124,-5.853533,105.845352,89.0,0,360.0
538008115,1716945143,-5.8529,105.845818,89.0,0,360.0
538008115,1716945152,-5.852567,105.846069,89.0,0,360.0
538008115,1716945162,-5.852217,105.846313,89.0,0,360.0
538008115,1716945172,-5.8519,105.846565,90.0,0,360.0
538008115,1716945185,-5.8515,105.846817,90.0,0,350.0
538008115,1716945203,-5.850833,105.847267,90.0,0,340.0
538008115,1716945243,-5.849417,105.848251,90.0,0,340.0
538008115,1716945254,-5.849133,105.848434,90.0,0,340.0
538008115,1716945262,-5.848783,105.848663,90.0,0,340.0
538008115,1716945294,-5.84765,105.849449,91.0,0,340.0
538008115,1716945303,-5.847317,105.849686,90.0,0,340.0
538008115,1716945312,-5.847,105.849915,90.0,0,350.0
538008115,1716945323,-5.846667,105.850166,91.0,0,350.0
538008115,1716945342,-5.845967,105.85067,91.0,0,350.0
538008115,1716945353,-5.845633,105.850914,91.0,0,360.0
538008115,1716945363,-5.84525,105.851196,91.0,0,360.0
538008115,1716945372,-5.84495,105.851433,91.0,0,360.0
538008115,1716945382,-5.8446,105.851685,91.0,0,360.0
538008115,1716945393,-5.844267,105.851952,91.0,0,360.0
538008115,1716945413,-5.843567,105.852486,91.0,0,370.0
538008115,1716945423,-5.8432,105.852753,91.0,0,370.0
538008115,1716945432,-5.842883,105.852982,91.0,0,370.0
538008115,1716945453,-5.842183,105.853531,90.0,0,370.0
538008115,1716945463,-5.841867,105.853783,91.0,0,370.0
538008115,1716945492,-5.840833,105.85453,91.0,0,360.0
538008115,1716945513,-5.840083,105.855049,91.0,0,350.0
538008115,1716945523,-5.839767,105.855247,91.0,0,350.0
538008115,1716945554,-5.838683,105.856003,91.0,0,340.0
538008115,1716945563,-5.838367,105.856216,92.0,0,340.0
538008115,1716945573,-5.837967,105.856483,92.0,0,330.0
538008115,1716945582,-5.83765,105.856682,92.0,0,330.0
538008115,1716945593,-5.83725,105.856949,92.0,0,330.0
538008115,1716945603,-5.836883,105.857201,92.0,0,330.0
538008115,1716945613,-5.836517,105.85743,92.0,0,330.0
538008115,1716945653,-5.835117,105.858353,92.0,0,330.0
538008115,1716945663,-5.834767,105.858582,92.0,0,330.0
538008115,1716945674,-5.834367,105.858849,92.0,0,330.0
538008115,1716945692,-5.8337,105.859299,92.0,0,330.0
538008115,1716945702,-5.833283,105.859596,92.0,0,330.0
538008115,1716945712,-5.832917,105.859833,92.0,0,340.0
538008115,1716945723,-5.832567,105.860069,92.0,0,340.0
538008115,1716945733,-5.8322,105.860298,92.0,0,340.0
538008115,1716945752,-5.831517,105.860764,92.0,0,340.0
538008115,1716945763,-5.831167,105.861,92.0,0,330.0
538008115,1716945774,-5.830767,105.861252,92.0,0,330.0
538008115,1716945793,-5.830033,105.861717,92.0,0,320.0
538008115,1716945802,-5.8297,105.861931,92.0,0,320.0
538008115,1716945812,-5.829383,105.862129,92.0,0,320.0
538008115,1716945822,-5.828967,105.862381,92.0,0,310.0
538008115,1716945843,-5.828217,105.862831,92.0,0,300.0
538008115,1716945862,-5.82745,105.863266,92.0,0,290.0
538008115,1716945882,-5.826733,105.86367,92.0,0,290.0
538008115,1716945903,-5.825933,105.864136,92.0,0,290.0
538008115,1716945913,-5.825567,105.864349,92.0,0,290.0
538008115,1716945923,-5.825233,105.864532,92.0,0,290.0
538008115,1716945942,-5.824483,105.864952,91.0,0,290.0
538008115,1716945954,-5.824083,105.865181,91.0,0,290.0
538008115,1716945983,-5.822983,105.865784,91.0,0,290.0
538008115,1716946014,-5.821767,105.86647,91.0,0,290.0
538008115,1716946023,-5.821433,105.866669,91.0,0,290.0
538008115,1716946033,-5.82105,105.866898,91.0,0,300.0
538008115,1716946042,-5.820717,105.867081,91.0,0,300.0
538008115,1716946051,-5.82035,105.867317,92.0,0,300.0
538008115,1716946062,-5.819983,105.867554,91.0,0,310.0
538008115,1716946074,-5.819583,105.867798,91.0,0,310.0
538008115,1716946093,-5.81885,105.868263,91.0,0,310.0
538008115,1716946113,-5.81815,105.868713,91.0,0,310.0
538008115,1716946122,-5.817817,105.868919,91.0,0,320.0
538008115,1716946134,-5.817367,105.869202,92.0,0,310.0
538008115,1716946143,-5.81705,105.8694,93.0,0,320.0
538008115,1716946173,-5.8159,105.870102,92.0,0,310.0
538008115,1716946203,-5.814767,105.870766,92.0,0,300.0
538008115,1716946213,-5.8144,105.871002,92.0,0,300.0
538008115,1716946224,-5.814033,105.871216,91.0,0,300.0
538008115,1716946233,-5.813683,105.871452,92.0,0,310.0
538008115,1716946253,-5.81295,105.871902,92.0,0,310.0
538008115,1716946274,-5.812233,105.87233,92.0,0,310.0
538008115,1716946302,-5.811167,105.873001,92.0,0,320.0
538008115,1716946313,-5.810717,105.873268,93.0,0,320.0
538008115,1716946323,-5.81035,105.873497,93.0,0,320.0
538008115,1716946332,-5.810017,105.873703,93.0,0,310.0
538008115,1716946344,-5.8096,105.873947,93.0,0,310.0
538008115,1716946353,-5.809233,105.874168,93.0,0,310.0
538008115,1716946364,-5.808867,105.874382,93.0,0,310.0
538008115,1716946373,-5.808483,105.874619,93.0,0,310.0
538008115,1716946382,-5.80815,105.874817,93.0,0,310.0
538008115,1716946392,-5.807767,105.875053,93.0,0,310.0
538008115,1716946403,-5.807367,105.875298,92.0,0,310.0
538008115,1716946413,-5.807017,105.875519,92.0,0,310.0
538008115,1716946433,-5.806233,105.875999,92.0,0,310.0
538008115,1716946464,-5.805117,105.876717,92.0,0,320.0
538008115,1716946472,-5.8048,105.876915,93.0,0,320.0
538008115,1716946483,-5.804383,105.877151,93.0,0,320.0
538008115,1716946493,-5.804017,105.87738,93.0,0,320.0
538008115,1716946502,-5.803683,105.877602,93.0,0,320.0
538008115,1716946512,-5.8033,105.877831,93.0,0,310.0
538008115,1716946523,-5.8029,105.878082,93.0,0,310.0
538008115,1716946543,-5.802133,105.878532,93.0,0,310.0
538008115,1716946553,-5.801767,105.878754,93.0,0,300.0
538008115,1716946562,-5.801467,105.878914,93.0,0,300.0
538008115,1716946584,-5.800617,105.879417,93.0,0,290.0
538008115,1716946593,-5.8003,105.879585,93.0,0,280.0
538008115,1716946604,-5.79985,105.879814,92.0,0,280.0
538008115,1716946622,-5.799133,105.880203,92.0,0,270.0
538008115,1716946643,-5.79825,105.880669,92.0,0,270.0
538008115,1716946667,-5.797517,105.88105,92.0,0,280.0
538008115,1716946672,-5.797167,105.881233,92.0,0,280.0
538008115,1716946682,-5.796783,105.881447,92.0,0,280.0
538008115,1716946692,-5.7964,105.881653,92.0,0,280.0
538008115,1716946704,-5.795967,105.881882,92.0,0,280.0
538008115,1716946723,-5.795217,105.882301,92.0,0,290.0
538008115,1716946733,-5.794917,105.882484,92.0,0,290.0
538008115,1716946742,-5.794533,105.882698,92.0,0,290.0
538008115,1716946752,-5.79415,105.882935,92.0,0,300.0
538008115,1716946765,-5.793667,105.883232,93.0,0,300.0
538008115,1716946774,-5.7934,105.8834,93.0,0,310.0
538008115,1716946791,-5.792617,105.883881,93.0,0,310.0
538008115,1716946803,-5.79225,105.884117,93.0,0,310.0
538008115,1716946814,-5.791867,105.884354,93.0,0,320.0
538008115,1716946823,-5.79145,105.884598,94.0,0,310.0
538008115,1716946845,-5.7907,105.885086,94.0,0,320.0
538008115,1716946853,-5.790367,105.8853,95.0,0,320.0
538008115,1716946863,-5.789967,105.885551,95.0,0,320.0
538008115,1716946884,-5.789167,105.88607,95.0,0,330.0
538008115,1716946892,-5.788883,105.886253,95.0,0,330.0
538008115,1716946904,-5.78845,105.886551,95.0,0,330.0
538008115,1716946912,-5.78815,105.886749,95.0,0,330.0
538008115,1716946933,-5.787333,105.887268,95.0,0,320.0
538008115,1716946943,-5.78695,105.887497,95.0,0,320.0
538008115,1716946953,-5.786567,105.887733,95.0,0,320.0
538008115,1716946963,-5.78615,105.888,95.0,0,310.0
538008115,1716946972,-5.785833,105.888184,95.0,0,310.0
538008115,1716946982,-5.785467,105.888397,95.0,0,310.0
538008115,1716946995,-5.785083,105.888618,95.0,0,310.0
538008115,1716947014,-5.784267,105.889084,95.0,0,300.0
538008115,1716947024,-5.783883,105.88932,95.0,0,300.0
538008115,1716947032,-5.783567,105.889481,95.0,0,300.0
538008115,1716947042,-5.78315,105.889732,95.0,0,300.0
538008115,1716947054,-5.78275,105.889969,95.0,0,290.0
538008115,1716947064,-5.782317,105.890221,95.0,0,290.0
538008115,1716947093,-5.781167,105.890846,95.0,0,290.0
538008115,1716947124,-5.77995,105.891502,95.0,0,280.0
538008115,1716947134,-5.779567,105.891731,95.0,0,280.0
538008115,1716947146,-5.779183,105.891953,95.0,0,290.0
538008115,1716947152,-5.778833,105.892151,96.0,0,290.0
538008115,1716947183,-5.777617,105.89283,96.0,0,290.0
538008115,1716947193,-5.7772,105.893082,96.0,0,290.0
538008115,1716947203,-5.7768,105.893318,96.0,0,290.0
538008115,1716947212,-5.7765,105.893486,96.0,0,300.0
538008115,1716947223,-5.77605,105.893768,96.0,0,300.0
538008115,1716947233,-5.775667,105.893982,96.0,0,300.0
538008115,1716947243,-5.775283,105.894218,96.0,0,300.0
538008115,1716947253,-5.774883,105.894447,96.0,0,300.0
538008115,1716947263,-5.774483,105.894684,96.0,0,300.0
538008115,1716947272,-5.774133,105.894882,96.0,0,290.0
538008115,1716947283,-5.773733,105.895103,96.0,0,290.0
538008115,1716947293,-5.773333,105.895317,96.0,0,290.0
538008115,1716947303,-5.772917,105.895569,96.0,0,290.0
538008115,1716947332,-5.77175,105.896202,96.0,0,290.0
538008115,1716947344,-5.771317,105.896431,96.0,0,280.0
538008115,1716947352,-5.771,105.896614,96.0,0,290.0
538008115,1716947363,-5.77055,105.896851,96.0,0,290.0
538008115,1716947373,-5.770167,105.897064,96.0,0,280.0
538008115,1716947384,-5.769733,105.897301,96.0,0,290.0
538008115,1716947392,-5.769383,105.897514,96.0,0,290.0
538008115,1716947404,-5.76895,105.897766,96.0,0,290.0
538008115,1716947413,-5.7686,105.897964,96.0,0,290.0
538008115,1716947424,-5.768167,105.898232,96.0,0,300.0
538008115,1716947433,-5.767783,105.898468,96.0,0,300.0
538008115,1716947443,-5.7674,105.898682,96.0,0,300.0
538008115,1716947452,-5.76705,105.898903,96.0,0,310.0
538008115,1716947464,-5.766617,105.899147,97.0,0,310.0
538008115,1716947472,-5.766267,105.899368,97.0,0,310.0
538008115,1716947483,-5.765883,105.89962,97.0,0,310.0
538008115,1716947512,-5.764767,105.900284,97.0,0,310.0
538008115,1716947523,-5.764283,105.900581,97.0,0,310.0
538008115,1716947555,-5.7631,105.901283,97.0,0,310.0
538008115,1716947563,-5.762717,105.90152,97.0,0,310.0
538008115,1716947573,-5.762317,105.901749,97.0,0,310.0
538008115,1716947584,-5.761933,105.901985,97.0,0,310.0
538008115,1716947592,-5.761583,105.902199,97.0,0,310.0
538008115,1716947603,-5.761167,105.902466,97.0,0,310.0
538008115,1716947623,-5.760383,105.902931,97.0,0,310.0
538008115,1716947633,-5.76,105.903168,97.0,0,310.0
538008115,1716947644,-5.759617,105.903397,97.0,0,310.0
538008115,1716947652,-5.7593,105.90358,97.0,0,300.0
538008115,1716947663,-5.758817,105.90387,97.0,0,300.0
538008115,1716947672,-5.75845,105.904083,97.0,0,300.0
538008115,1716947683,-5.758033,105.904335,97.0,0,300.0
538008115,1716947694,-5.757633,105.904549,97.0,0,300.0
538008115,1716947703,-5.7572,105.9048,97.0,0,290.0
538008115,1716947714,-5.756833,105.904999,97.0,0,290.0
538008115,1716947723,-5.756433,105.90522,97.0,0,290.0
538008115,1716947734,-5.756067,105.905418,97.0,0,290.0
538008115,1716947743,-5.755633,105.905685,97.0,0,290.0
538008115,1716947763,-5.754833,105.906136,96.0,0,290.0
538008115,1716947783,-5.754033,105.906586,96.0,0,290.0
538008115,1716947794,-5.753683,105.906769,96.0,0,290.0
538008115,1716947814,-5.752867,105.907234,96.0,0,290.0
538008115,1716947824,-5.752433,105.907486,96.0,0,290.0
538008115,1716947853,-5.751317,105.908119,96.0,0,290.0
538008115,1716947864,-5.750833,105.908386,96.0,0,290.0
538008115,1716947873,-5.750467,105.908585,97.0,0,290.0
538008115,1716947883,-5.750033,105.908836,97.0,0,290.0
538008115,1716947893,-5.749667,105.909035,97.0,0,290.0
538008115,1716947912,-5.748917,105.909447,97.0,0,280.0
538008115,1716947924,-5.748467,105.909698,97.0,0,290.0
538008115,1716947933,-5.748067,105.90992,97.0,0,280.0
538008115,1716947944,-5.747683,105.910133,97.0,0,280.0
538008115,1716947984,-5.746033,105.911018,97.0,0,280.0
538008115,1716947992,-5.7457,105.911201,97.0,0,280.0
538008115,1716948004,-5.745233,105.911453,97.0,0,290.0
538008115,1716948016,-5.744833,105.911682,97.0,0,290.0
538008115,1716948025,-5.74445,105.911919,97.0,0,300.0
538008115,1716948043,-5.743683,105.912415,97.0,0,310.0
538008115,1716948052,-5.743333,105.912651,97.0,0,320.0
538008115,1716948063,-5.7429,105.912933,97.0,0,320.0
538008115,1716948073,-5.74255,105.91317,97.0,0,320.0
538008115,1716948095,-5.741783,105.913681,97.0,0,330.0
538008115,1716948123,-5.740567,105.914452,98.0,0,330.0
538008115,1716948156,-5.739433,105.91523,98.0,0,330.0
538008115,1716948183,-5.738267,105.915985,99.0,0,320.0
538008115,1716948193,-5.737883,105.916214,98.0,0,320.0
538008115,1716948203,-5.737483,105.916451,99.0,0,310.0
538008115,1716948224,-5.7367,105.916931,99.0,0,310.0
538008115,1716948234,-5.736383,105.91713,99.0,0,310.0
538008115,1716948253,-5.73555,105.917633,99.0,0,310.0
538008115,1716948263,-5.73515,105.91787,99.0,0,310.0
538008115,1716948334,-5.7323,105.919548,98.0,0,300.0
538008115,1716948344,-5.7319,105.919785,98.0,0,300.0
538008115,1716948354,-5.73155,105.919998,98.0,0,300.0
538008115,1716948362,-5.73115,105.920235,98.0,0,300.0
538008115,1716948373,-5.73075,105.920464,98.0,0,300.0
538008115,1716948383,-5.7304,105.920685,98.0,0,300.0
538008115,1716948394,-5.72995,105.920937,98.0,0,300.0
538008115,1716948404,-5.729517,105.921204,98.0,0,300.0
538008115,1716948422,-5.728767,105.921631,99.0,0,300.0
538008115,1716948433,-5.728333,105.921898,99.0,0,300.0
538008115,1716948442,-5.727967,105.922119,99.0,0,300.0
538008115,1716948494,-5.72595,105.923286,99.0,0,300.0
538008115,1716948503,-5.72555,105.923515,98.0,0,300.0
538008115,1716948532,-5.724333,105.924217,99.0,0,300.0
538008115,1716948543,-5.723933,105.924454,99.0,0,300.0
538008115,1716948553,-5.723533,105.924683,99.0,0,300.0
538008115,1716948563,-5.723167,105.924896,99.0,0,300.0
538008115,1716948593,-5.721867,105.925652,99.0,0,290.0
538008115,1716948944,-5.707767,105.933899,99.0,0,310.0
538008115,1716948973,-5.706583,105.934616,99.0,0,310.0
538008115,1716948982,-5.706217,105.934853,99.0,0,310.0
538008115,1716948991,-5.70585,105.935066,99.0,0,310.0
538008115,1716949014,-5.705017,105.935585,99.0,0,310.0
538008115,1716949042,-5.703833,105.936317,99.0,0,310.0
538008115,1716949052,-5.703433,105.936569,99.0,0,310.0
538008115,1716949064,-5.702967,105.936867,99.0,0,320.0
538008115,1716949312,-5.693067,105.942802,99.0,0,300.0
538008115,1716949343,-5.691767,105.943565,99.0,0,300.0
538008115,1716949411,-5.68905,105.945168,99.0,0,300.0
538008115,1716949422,-5.6886,105.945419,99.0,0,300.0
538008115,1716949452,-5.6874,105.946152,99.0,0,300.0
538008115,1716949482,-5.686183,105.946869,99.0,0,300.0
538008115,1716949503,-5.685333,105.94738,99.0,0,300.0
538008115,1716949523,-5.684517,105.947868,99.0,0,300.0
538008115,1716949562,-5.682967,105.948814,100.0,0,310.0
538008115,1716949592,-5.681817,105.949516,100.0,0,310.0
538008115,1716949622,-5.680617,105.950233,100.0,0,310.0
538008115,1716949643,-5.679733,105.950768,100.0,0,310.0
538008115,1716949693,-5.6777,105.951965,101.0,0,310.0
538008115,1716949772,-5.674533,105.95385,101.0,0,300.0
538008115,1716949804,-5.673233,105.954636,101.0,0,300.0
538008115,1716949813,-5.672833,105.95488,101.0,0,300.0
538008115,1716949943,-5.667633,105.958015,101.0,0,310.0
538008115,1716949983,-5.665917,105.959015,101.0,0,310.0
538008115,1716949994,-5.6655,105.959267,101.0,0,310.0
538008115,1716950015,-5.664683,105.95977,101.0,0,310.0
538008115,1716950023,-5.664317,105.959984,101.0,0,310.0
538008115,1716950032,-5.663917,105.960236,101.0,0,300.0
538008115,1716950044,-5.663467,105.960503,101.0,0,310.0
538008115,1716950053,-5.663067,105.960732,101.0,0,300.0
538008115,1716950062,-5.6627,105.96093,101.0,0,310.0
538008115,1716950073,-5.66225,105.961197,101.0,0,310.0
538008115,1716950112,-5.660683,105.962181,101.0,0,310.0
538008115,1716950132,-5.659883,105.962685,101.0,0,310.0
538008115,1716950153,-5.659083,105.963165,100.0,0,300.0
538008115,1716950172,-5.658283,105.963631,100.0,0,300.0
538008115,1716950182,-5.657883,105.963867,101.0,0,300.0
538008115,1716950212,-5.656667,105.964584,101.0,0,300.0
538008115,1716950232,-5.655883,105.96505,101.0,0,300.0
538008115,1716950282,-5.653817,105.966286,101.0,0,310.0
538008115,1716950665,-5.638433,105.975632,102.0,0,300.0
538008115,1716950672,-5.637983,105.975899,102.0,0,300.0
538008115,1716950692,-5.637133,105.976402,102.0,0,290.0
538008115,1716950713,-5.63625,105.976868,102.0,0,290.0
538008115,1716950732,-5.635417,105.977318,102.0,0,280.0
538008115,1716950864,-5.629933,105.980286,102.0,0,280.0
538008115,1716950902,-5.628317,105.981133,102.0,0,280.0
538008115,1716951022,-5.62335,105.984016,102.0,0,310.0
538008115,1716951084,-5.62085,105.985535,102.0,0,310.0
538008115,1716951133,-5.61885,105.986748,102.0,0,310.0
538008115,1716951513,-5.603167,105.996101,103.0,0,290.0
538008115,1716951534,-5.602383,105.996536,102.0,0,290.0
538008115,1716951751,-5.59325,106.001785,103.0,0,290.0
538008115,1716951812,-5.590667,106.00325,104.0,0,290.0
538008115,1716951862,-5.5886,106.004417,104.0,0,290.0
538008115,1716952242,-5.57245,106.013603,105.0,0,310.0
538008115,1716957913,-5.335567,106.154518,104.0,0,650.0
538008115,1716960695,-5.27755,106.28125,105.0,0,770.0
538008115,1716961176,-5.2796,106.303619,100.0,0,930.0
538008115,1716961616,-5.282417,106.324699,103.0,0,990.0
538008115,1716972268,-5.21915,106.8451,105.0,0,680.0
538008115,1716974455,-5.173217,106.9422,104.0,0,640.0
538008115,1716980626,-5.0465,107.207565,100.0,0,570.0
538008115,1716983475,-4.9878,107.326752,99.0,0,640.0
538008115,1716987094,-4.912883,107.476631,99.0,0,570.0
538008115,1716989815,-4.859817,107.590431,98.0,0,680.0
538008115,1716993471,-4.789217,107.744202,98.0,0,640.0
538008115,1716993660,-4.78545,107.752052,98.0,0,630.0
538008115,1717005188,-4.551717,108.239532,104.0,0,640.0
538008115,1717009582,-4.458583,108.434364,106.0,0,660.0
538008115,1717013215,-4.3812,108.59697,107.0,0,640.0
538008115,1717036102,-3.573317,109.30703,107.0,0,310.0
538008115,1717036111,-3.572883,109.307281,107.0,0,310.0
538008115,1717051897,-2.805267,109.318001,118.0,0,3120.0
538008115,1717067274,-2.28925,108.633949,121.0,0,2980.0
538008115,1717420579,14.03775,114.954567,106.0,0,350.0
538008115,1717654372,24.019051,122.216148,124.0,0,310.0
538008115,1717654431,24.022051,122.218147,125.0,0,310.0
538008115,1717654590,24.029984,122.22345,125.0,0,310.0
538008115,1717655071,24.053617,122.238785,125.0,0,300.0
538008115,1717655153,24.057783,122.24147,125.0,0,290.0
538008115,1717655349,24.067751,122.247971,125.0,0,300.0
538008115,1717655410,24.070717,122.249916,126.0,0,310.0
538008115,1717655550,24.0779,122.254402,126.0,0,290.0
538008115,1717655612,24.080982,122.256248,125.0,0,280.0
538008115,1717655752,24.088182,122.26062,125.0,0,290.0
538008115,1717655801,24.090782,122.262253,126.0,0,290.0
538008115,1717655852,24.0933,122.263802,127.0,0,290.0
538008115,1717655904,24.095867,122.265366,127.0,0,290.0
538008115,1717656041,24.103149,122.269783,126.0,0,280.0
538008115,1717656111,24.10675,122.271935,125.0,0,280.0
538008115,1717656222,24.112516,122.275414,127.0,0,290.0
538008115,1717656451,24.124332,122.2826,127.0,0,290.0
538008115,1717656491,24.12635,122.283813,127.0,0,280.0
538008115,1717656511,24.127434,122.28447,127.0,0,280.0
538008115,1717656651,24.134649,122.288818,127.0,0,280.0
538008115,1717656711,24.137817,122.290718,126.0,0,280.0
538008115,1717656755,24.139851,122.291901,126.0,0,280.0
538008115,1717656772,24.140882,122.292549,126.0,0,290.0
538008115,1717656893,24.1471,122.296501,127.0,0,300.0
538008115,1717657021,24.153732,122.300781,127.0,0,300.0
538008115,1717657031,24.154249,122.301102,127.0,0,300.0
538008115,1717657043,24.154766,122.301414,127.0,0,300.0
538008115,1717657402,24.1733,122.313316,128.0,0,300.0
538008115,1717657600,24.183582,122.319885,129.0,0,290.0
538008115,1717657692,24.188284,122.322914,129.0,0,300.0
538008115,1717657792,24.193382,122.326202,128.0,0,300.0
538008115,1717657812,24.194418,122.326881,129.0,0,300.0
538008115,1717657822,24.194933,122.327217,129.0,0,300.0
538008115,1717657992,24.203733,122.33287,129.0,0,300.0
538008115,1717658031,24.205816,122.334198,129.0,0,300.0
538008115,1717658172,24.2131,122.338867,130.0,0,310.0
538008115,1717658210,24.215117,122.340179,130.0,0,310.0
538008115,1717658270,24.218233,122.342216,130.0,0,310.0
538008115,1717658313,24.220249,122.343536,130.0,0,310.0
538008115,1717658324,24.220882,122.343948,130.0,0,310.0
538008115,1717658331,24.22135,122.344254,130.0,0,310.0
538008115,1717658352,24.222483,122.344986,130.0,0,310.0
538008115,1717658500,24.230232,122.350067,130.0,0,310.0
538008115,1717658811,24.246384,122.36087,130.0,0,310.0
538008115,1717658914,24.251583,122.364349,130.0,0,310.0
538008115,1717659042,24.258301,122.368797,130.0,0,300.0
538008115,1717659071,24.259933,122.369881,131.0,0,310.0
538008115,1717659115,24.261984,122.371216,131.0,0,310.0
538008115,1717659271,24.270416,122.376869,132.0,0,320.0
538008115,1717659291,24.271467,122.377548,131.0,0,310.0
538008115,1717659300,24.271933,122.377853,130.0,0,310.0
538008115,1717659421,24.278183,122.381981,129.0,0,310.0
538008115,1717659531,24.284082,122.38575,132.0,0,290.0
538008115,1717659592,24.287333,122.387802,131.0,0,300.0
538008115,1717659632,24.289417,122.389099,131.0,0,300.0
538008115,1717660430,24.33235,122.416481,132.0,0,300.0
538008115,1717660512,24.336782,122.41925,132.0,0,290.0
538008115,1717660950,24.360332,122.434013,133.0,0,300.0
538008115,1717661271,24.377533,122.444931,132.0,0,300.0
538008115,1717661440,24.385017,122.449654,132.0,0,300.0
538008115,1717661491,24.389299,122.4524,131.0,0,310.0
538008115,1717661591,24.394583,122.45578,131.0,0,300.0
538008115,1717661711,24.401033,122.4599,132.0,0,300.0
538008115,1717661811,24.4065,122.463402,132.0,0,300.0
538008115,1717661991,24.416117,122.469704,132.0,0,300.0
538008115,1717662214,24.427732,122.477364,132.0,0,300.0
538008115,1717662271,24.430933,122.479446,132.0,0,300.0
538008115,1717662552,24.44595,122.489403,132.0,0,310.0
538008115,1717662672,24.452118,122.49353,132.0,0,330.0
538008115,1717662700,24.454018,122.49482,133.0,0,320.0
538008115,1717663235,24.482767,122.512871,141.0,0,260.0
538008115,1717663247,24.483368,122.513283,140.0,0,270.0
538008115,1717663253,24.483583,122.513451,135.0,0,280.0
538008115,1717663266,24.484234,122.513885,132.0,0,280.0
538008115,1717663387,24.490801,122.517883,133.0,0,290.0
538008115,1717663393,24.491133,122.518082,133.0,0,290.0
538008115,1717663398,24.4914,122.51825,133.0,0,290.0
538008115,1717663470,24.49575,122.52095,133.0,0,290.0
538008115,1717663472,24.495832,122.520981,133.0,0,290.0
538008115,1717663482,24.49655,122.521347,133.0,0,290.0
538008115,1717663551,24.49975,122.523354,134.0,0,290.0
538008115,1717663811,24.51405,122.532249,135.0,0,290.0
538008115,1717663979,24.523434,122.538086,136.0,0,300.0
538008115,1717679011,25.3246,123.050949,122.0,0,300.0
538008115,1717679633,25.355133,123.07077,122.0,0,300.0
538008115,1717764163,29.145599,125.554115,114.0,0,280.0
538008115,1717779535,29.881233,126.004868,115.0,0,290.0
538008115,1717806404,31.0734,126.776154,110.0,0,280.0
538008115,1717860451,33.546551,128.40715,113.0,0,280.0
538008115,1717861902,33.614834,128.448639,113.0,0,270.0
538008115,1717862183,33.627815,128.45752,114.0,0,290.0
538008115,1717862423,33.63895,128.465179,114.0,0,300.0
538008115,1717862461,33.640701,128.4664,114.0,0,300.0
538008115,1717862483,33.641651,128.467087,114.0,0,310.0
538008115,1717862491,33.642067,128.467377,114.0,0,310.0
538008115,1717862513,33.643032,128.468079,114.0,0,310.0
538008115,1717862521,33.643482,128.468414,114.0,0,310.0
538008115,1717862543,33.644432,128.469116,114.0,0,310.0
538008115,1717862551,33.644798,128.469376,114.0,0,310.0
538008115,1717862581,33.646168,128.470367,115.0,0,310.0
538008115,1717862603,33.647182,128.4711,115.0,0,310.0
538008115,1717862641,33.648918,128.472336,115.0,0,300.0
538008115,1717862663,33.649883,128.473022,115.0,0,300.0
538008115,1717862902,33.6609,128.480881,115.0,0,310.0
538008115,1717862922,33.661835,128.481537,115.0,0,310.0
538008115,1717863013,33.666016,128.484573,115.0,0,310.0
538008115,1717863043,33.6674,128.48555,115.0,0,310.0
538008115,1717863062,33.668282,128.486176,115.0,0,310.0
538008115,1717863103,33.670132,128.487518,115.0,0,310.0
538008115,1717863571,33.69165,128.503082,115.0,0,310.0
538008115,1717863593,33.692665,128.503815,115.0,0,310.0
538008115,1717863801,33.702202,128.510773,115.0,0,320.0
538008115,1717863943,33.708698,128.515533,115.0,0,310.0
538008115,1717863973,33.710033,128.51651,115.0,0,310.0
538008115,1717864093,33.715569,128.520584,115.0,0,320.0
538008115,1717864183,33.719616,128.523621,115.0,0,320.0
538008115,1717864213,33.721016,128.524673,114.0,0,320.0
538008115,1717864221,33.721382,128.524933,114.0,0,310.0
538008115,1717864232,33.721882,128.525299,113.0,0,310.0
538008115,1717864252,33.722752,128.525909,114.0,0,300.0
538008115,1717864263,33.723316,128.526306,114.0,0,300.0
538008115,1717864273,33.723732,128.526596,114.0,0,300.0
538008115,1717864303,33.725117,128.527527,114.0,0,290.0
538008115,1717864323,33.726051,128.528168,114.0,0,290.0
538008115,1717864333,33.726517,128.528473,114.0,0,290.0
538008115,1717864363,33.727966,128.529434,114.0,0,290.0
538008115,1717864383,33.728901,128.530045,115.0,0,290.0
538008115,1717864393,33.729366,128.530365,115.0,0,290.0
538008115,1717864412,33.730267,128.53096,115.0,0,290.0
538008115,1717864423,33.730732,128.531265,115.0,0,290.0
538008115,1717864432,33.731152,128.531555,115.0,0,290.0
538008115,1717864452,33.732082,128.532166,115.0,0,290.0
538008115,1717864472,33.733032,128.532776,115.0,0,290.0
538008115,1717864482,33.733501,128.533081,115.0,0,290.0
538008115,1717864492,33.734016,128.533432,115.0,0,290.0
538008115,1717864503,33.734531,128.533768,115.0,0,290.0
538008115,1717864532,33.735901,128.534668,115.0,0,280.0
538008115,1717864542,33.736366,128.534973,115.0,0,280.0
538008115,1717864572,33.737782,128.535889,115.0,0,280.0
538008115,1717864591,33.738682,128.536469,115.0,0,280.0
538008115,1717864602,33.739166,128.536774,115.0,0,280.0
538008115,1717864643,33.741165,128.53804,115.0,0,270.0
538008115,1717864662,33.742065,128.538605,115.0,0,270.0
538008115,1717864682,33.742966,128.539169,115.0,0,270.0
538008115,1717864703,33.743984,128.539795,115.0,0,270.0
538008115,1717864793,33.748283,128.54248,115.0,0,270.0
538008115,1717864831,33.750149,128.543655,116.0,0,270.0
538008115,1717864873,33.752167,128.544922,116.0,0,280.0
538008115,1717864902,33.753502,128.545746,116.0,0,280.0
538008115,1717864913,33.754032,128.546082,116.0,0,270.0
538008115,1717864921,33.754467,128.546356,116.0,0,280.0
538008115,1717864932,33.754932,128.546661,116.0,0,270.0
538008115,1717864962,33.756416,128.547607,116.0,0,280.0
538008115,1717864981,33.757332,128.548187,116.0,0,280.0
538008115,1717864992,33.757851,128.548523,116.0,0,280.0
538008115,1717865022,33.7593,128.549438,116.0,0,280.0
538008115,1717865041,33.760201,128.550018,116.0,0,280.0
538008115,1717865082,33.762115,128.551239,116.0,0,280.0
538008115,1717865112,33.763618,128.552185,116.0,0,280.0
538008115,1717865152,33.765518,128.553436,117.0,0,290.0
538008115,1717865183,33.766949,128.554382,117.0,0,290.0
538008115,1717865192,33.767384,128.554672,117.0,0,290.0
538008115,1717865212,33.768383,128.555328,117.0,0,290.0
538008115,1717865232,33.769283,128.555954,117.0,0,290.0
538008115,1717865243,33.769852,128.556335,117.0,0,300.0
538008115,1717865252,33.770267,128.556641,117.0,0,300.0
538008115,1717865272,33.771217,128.557297,117.0,0,300.0
538008115,1717865283,33.771732,128.557648,117.0,0,300.0
538008115,1717865292,33.772148,128.557953,117.0,0,300.0
538008115,1717865303,33.772682,128.558319,117.0,0,300.0
538008115,1717865312,33.773102,128.558594,117.0,0,300.0
538008115,1717865322,33.773567,128.558929,117.0,0,300.0
538008115,1717865333,33.774052,128.559265,117.0,0,300.0
538008115,1717865352,33.774948,128.559906,117.0,0,300.0
538008115,1717865372,33.775902,128.560547,117.0,0,300.0
538008115,1717865382,33.776367,128.560883,117.0,0,300.0
538008115,1717865393,33.776882,128.561234,117.0,0,300.0
538008115,1717865422,33.778316,128.56221,117.0,0,300.0
538008115,1717865453,33.779781,128.563217,117.0,0,300.0
538008115,1717865463,33.780251,128.563553,117.0,0,300.0
538008115,1717865473,33.780731,128.563873,117.0,0,300.0
538008115,1717865482,33.781116,128.564133,117.0,0,300.0
538008115,1717865492,33.781631,128.564499,117.0,0,300.0
538008115,1717865502,33.782066,128.564789,117.0,0,300.0
538008115,1717865513,33.782581,128.565155,117.0,0,300.0
538008115,1717865533,33.783531,128.565796,117.0,0,300.0
538008115,1717865552,33.784485,128.566467,117.0,0,300.0
538008115,1717865562,33.78495,128.566803,117.0,0,300.0
538008115,1717865602,33.786835,128.568115,117.0,0,300.0
538008115,1717865612,33.787266,128.568436,117.0,0,300.0
538008115,1717865622,33.787731,128.568771,117.0,0,300.0
538008115,1717865643,33.788715,128.569473,117.0,0,310.0
538008115,1717865662,33.7896,128.570114,116.0,0,310.0
538008115,1717865672,33.790066,128.57045,116.0,0,310.0
538008115,1717865682,33.79055,128.570786,117.0,0,300.0
538008115,1717865693,33.791065,128.571152,117.0,0,300.0
538008115,1717865703,33.791584,128.571518,117.0,0,300.0
538008115,1717865712,33.792,128.571793,117.0,0,300.0
538008115,1717865732,33.79295,128.572464,116.0,0,300.0
538008115,1717865742,33.793434,128.572784,116.0,0,300.0
538008115,1717865763,33.794369,128.573456,116.0,0,300.0
538008115,1717865772,33.7948,128.57373,116.0,0,300.0
538008115,1717865792,33.79575,128.574402,116.0,0,300.0
538008115,1717865802,33.796219,128.574722,116.0,0,290.0
538008115,1717865813,33.796749,128.575073,117.0,0,290.0
538008115,1717865823,33.797218,128.575378,117.0,0,290.0
538008115,1717865832,33.797649,128.575684,117.0,0,290.0
538008115,1717865842,33.798134,128.576004,117.0,0,290.0
538008115,1717865852,33.798649,128.576355,117.0,0,290.0
538008115,1717865862,33.799133,128.57666,117.0,0,290.0
538008115,1717865873,33.799667,128.577011,117.0,0,290.0
538008115,1717865881,33.800049,128.577286,117.0,0,290.0
538008115,1717865902,33.801048,128.577957,117.0,0,290.0
538008115,1717865912,33.801468,128.578247,117.0,0,290.0
538008115,1717865922,33.801949,128.578568,117.0,0,290.0
538008115,1717865941,33.802898,128.579224,117.0,0,290.0
538008115,1717865952,33.803383,128.579529,118.0,0,290.0
538008115,1717865973,33.804401,128.5802,118.0,0,290.0
538008115,1717865993,33.805351,128.580856,118.0,0,290.0
538008115,1717866001,33.805817,128.581161,118.0,0,290.0
538008115,1717866022,33.806767,128.581833,118.0,0,290.0
538008115,1717866033,33.807301,128.582184,118.0,0,300.0
538008115,1717866042,33.807716,128.582489,117.0,0,300.0
538008115,1717866053,33.80825,128.582855,117.0,0,300.0
538008115,1717866082,33.809616,128.583801,117.0,0,300.0
538008115,1717866093,33.81015,128.584152,117.0,0,300.0
538008115,1717866113,33.81105,128.584778,117.0,0,300.0
538008115,1717866121,33.811466,128.585083,117.0,0,300.0
538008115,1717866142,33.812466,128.585785,117.0,0,300.0
538008115,1717866153,33.812984,128.586151,117.0,0,300.0
538008115,1717866173,33.813934,128.586807,117.0,0,300.0
538008115,1717866181,33.814316,128.587067,117.0,0,300.0
538008115,1717866202,33.815315,128.587753,117.0,0,300.0
538008115,1717866213,33.815849,128.588104,117.0,0,300.0
538008115,1717866223,33.816319,128.58844,117.0,0,290.0
538008115,1717866241,33.817184,128.58902,117.0,0,290.0
538008115,1717866253,33.817699,128.589371,117.0,0,290.0
538008115,1717866273,33.818649,128.590012,117.0,0,290.0
538008115,1717866293,33.819618,128.590652,117.0,0,290.0
538008115,1717866301,33.820034,128.590942,117.0,0,290.0
538008115,1717866322,33.821098,128.591644,117.0,0,290.0
538008115,1717866333,33.821568,128.591965,117.0,0,290.0
538008115,1717866343,33.822048,128.592285,117.0,0,290.0
538008115,1717866363,33.822948,128.592896,117.0,0,290.0
538008115,1717866373,33.823483,128.593246,117.0,0,290.0
538008115,1717866382,33.823898,128.593536,117.0,0,290.0
538008115,1717866393,33.824432,128.593903,117.0,0,290.0
538008115,1717866413,33.825333,128.594513,118.0,0,290.0
538008115,1717866423,33.825802,128.594833,118.0,0,300.0
538008115,1717866433,33.826283,128.595169,117.0,0,300.0
538008115,1717866463,33.827751,128.596176,117.0,0,300.0
538008115,1717866543,33.831501,128.598785,117.0,0,290.0
538008115,1717866562,33.832466,128.599426,117.0,0,290.0
538008115,1717866573,33.832932,128.599747,117.0,0,290.0
538008115,1717866583,33.833416,128.600067,117.0,0,290.0
538008115,1717866603,33.834415,128.600739,117.0,0,290.0
538008115,1717866613,33.8349,128.601074,117.0,0,290.0
538008115,1717866633,33.835869,128.6017,117.0,0,290.0
538008115,1717866643,33.836349,128.60202,117.0,0,290.0
538008115,1717866673,33.837784,128.602966,117.0,0,290.0
538008115,1717866693,33.838699,128.603577,117.0,0,290.0
538008115,1717866703,33.839184,128.603897,117.0,0,290.0
538008115,1717866713,33.839699,128.604248,117.0,0,290.0
538008115,1717866733,33.840618,128.604874,117.0,0,290.0
538008115,1717866742,33.841049,128.605148,117.0,0,290.0
538008115,1717866753,33.841568,128.605515,117.0,0,290.0
538008115,1717866773,33.842583,128.606186,117.0,0,290.0
538008115,1717866782,33.843018,128.606461,117.0,0,290.0
538008115,1717866802,33.843967,128.607117,117.0,0,290.0
538008115,1717866813,33.844501,128.607468,117.0,0,290.0
538008115,1717866823,33.844982,128.607788,117.0,0,290.0
538008115,1717866842,33.845901,128.608383,117.0,0,290.0
538008115,1717866853,33.846382,128.608719,117.0,0,290.0
538008115,1717866862,33.846867,128.609039,117.0,0,290.0
538008115,1717866873,33.847332,128.609344,117.0,0,290.0
538008115,1717866903,33.848782,128.610321,117.0,0,290.0
538008115,1717866922,33.849731,128.610947,117.0,0,290.0
538008115,1717866932,33.850216,128.611267,117.0,0,290.0
538008115,1717866943,33.85075,128.611633,117.0,0,290.0
538008115,1717866953,33.851215,128.611954,117.0,0,290.0
538008115,1717866973,33.852184,128.612579,117.0,0,290.0
538008115,1717866992,33.8531,128.613205,117.0,0,290.0
538008115,1717867002,33.853584,128.61351,117.0,0,290.0
538008115,1717867012,33.854069,128.613831,117.0,0,290.0
538008115,1717867023,33.854549,128.614151,117.0,0,290.0
538008115,1717867033,33.855068,128.614502,117.0,0,290.0
538008115,1717867042,33.855499,128.614777,117.0,0,290.0
538008115,1717867063,33.856518,128.615463,117.0,0,290.0
538008115,1717867083,33.857468,128.616119,117.0,0,290.0
538008115,1717867093,33.857948,128.61644,117.0,0,290.0
538008115,1717867102,33.858383,128.61673,117.0,0,290.0
538008115,1717867132,33.859818,128.617722,117.0,0,290.0
538008115,1717867153,33.860817,128.618393,117.0,0,290.0
538008115,1717867162,33.861252,128.618683,117.0,0,290.0
538008115,1717867172,33.861683,128.618988,117.0,0,290.0
538008115,1717867192,33.862633,128.619614,117.0,0,290.0
538008115,1717867203,33.863167,128.61998,117.0,0,290.0
538008115,1717867213,33.863701,128.620331,117.0,0,290.0
538008115,1717867222,33.864117,128.620636,117.0,0,290.0
538008115,1717867232,33.864601,128.620956,117.0,0,290.0
538008115,1717867262,33.866032,128.621933,117.0,0,290.0
538008115,1717867273,33.866566,128.622284,117.0,0,290.0
538008115,1717867282,33.867001,128.622589,117.0,0,290.0
538008115,1717867303,33.86795,128.623215,117.0,0,290.0
538008115,1717867312,33.868435,128.623535,117.0,0,290.0
538008115,1717867322,33.868916,128.623871,117.0,0,290.0
538008115,1717867333,33.86945,128.624222,117.0,0,290.0
538008115,1717867342,33.869865,128.624496,117.0,0,290.0
538008115,1717867382,33.871834,128.625824,117.0,0,290.0
538008115,1717867402,33.872749,128.626434,117.0,0,290.0
538008115,1717867411,33.873184,128.626724,117.0,0,290.0
538008115,1717867423,33.873749,128.627106,117.0,0,290.0
538008115,1717867433,33.874233,128.627411,117.0,0,290.0
538008115,1717867442,33.874668,128.627716,117.0,0,290.0
538008115,1717867462,33.875618,128.628357,117.0,0,290.0
538008115,1717867471,33.876049,128.628632,117.0,0,290.0
538008115,1717867483,33.876583,128.628983,117.0,0,290.0
538008115,1717867522,33.878502,128.630264,117.0,0,290.0
538008115,1717867553,33.879982,128.631256,117.0,0,290.0
538008115,1717867563,33.880417,128.631531,117.0,0,290.0
538008115,1717867572,33.880901,128.631866,117.0,0,290.0
538008115,1717867582,33.881382,128.632187,117.0,0,290.0
538008115,1717867591,33.881817,128.632462,117.0,0,290.0
538008115,1717867613,33.882816,128.633133,117.0,0,290.0
538008115,1717867632,33.883732,128.633743,117.0,0,290.0
538008115,1717867642,33.884266,128.634094,117.0,0,290.0
538008115,1717867651,33.884651,128.634369,117.0,0,290.0
538008115,1717867663,33.885265,128.634781,117.0,0,290.0
538008115,1717867673,33.88575,128.635101,117.0,0,290.0
538008115,1717867681,33.886131,128.635361,117.0,0,290.0
538008115,1717867692,33.886665,128.635712,117.0,0,290.0
538008115,1717867702,33.88715,128.636032,117.0,0,290.0
538008115,1717867733,33.888634,128.637024,117.0,0,290.0
538008115,1717867741,33.889015,128.637268,117.0,0,290.0
538008115,1717867763,33.890034,128.637955,117.0,0,290.0
538008115,1717867771,33.890469,128.638229,117.0,0,280.0
538008115,1717867783,33.890999,128.63858,117.0,0,280.0
538008115,1717867801,33.891918,128.639175,117.0,0,280.0
538008115,1717867823,33.892933,128.639847,117.0,0,280.0
538008115,1717867832,33.893417,128.640167,117.0,0,280.0
538008115,1717867843,33.893951,128.640503,117.0,0,280.0
538008115,1717867852,33.894382,128.640778,117.0,0,280.0
538008115,1717867861,33.894817,128.641068,117.0,0,280.0
538008115,1717867873,33.895351,128.641418,118.0,0,280.0
538008115,1717867882,33.895832,128.641739,117.0,0,280.0
538008115,1717867892,33.896332,128.642044,117.0,0,280.0
538008115,1717867903,33.896816,128.642365,117.0,0,280.0
538008115,1717867921,33.897732,128.64296,117.0,0,280.0
538008115,1717867943,33.89875,128.643646,117.0,0,290.0
538008115,1717867963,33.899715,128.644287,117.0,0,290.0
538008115,1717867983,33.900635,128.644897,117.0,0,290.0
538008115,1717868012,33.902134,128.645889,117.0,0,280.0
538008115,1717868022,33.902634,128.646194,117.0,0,280.0
538008115,1717868041,33.903549,128.646805,117.0,0,280.0
538008115,1717868052,33.904034,128.64711,117.0,0,280.0
538008115,1717868063,33.904617,128.647507,117.0,0,280.0
538008115,1717868072,33.905048,128.647781,117.0,0,280.0
538008115,1717868092,33.906017,128.648422,117.0,0,280.0
538008115,1717868101,33.906448,128.648712,117.0,0,280.0
538008115,1717868112,33.906933,128.649033,117.0,0,280.0
538008115,1717868132,33.907932,128.649704,118.0,0,280.0
538008115,1717868142,33.908417,128.650024,118.0,0,280.0
538008115,1717868172,33.909882,128.65097,118.0,0,280.0
538008115,1717868202,33.911301,128.651871,117.0,0,280.0
538008115,1717868221,33.912266,128.652481,118.0,0,280.0
538008115,1717868232,33.912766,128.652802,118.0,0,280.0
538008115,1717868243,33.9133,128.653152,118.0,0,280.0
538008115,1717868252,33.913784,128.653442,118.0,0,280.0
538008115,1717868262,33.914219,128.653732,118.0,0,280.0
538008115,1717868272,33.914768,128.654083,118.0,0,280.0
538008115,1717868303,33.916267,128.65506,119.0,0,280.0
538008115,1717868313,33.916752,128.65538,119.0,0,280.0
538008115,1717868322,33.917183,128.655685,119.0,0,280.0
538008115,1717868343,33.918182,128.656357,119.0,0,290.0
538008115,1717868373,33.919632,128.657349,118.0,0,290.0
538008115,1717868382,33.920017,128.657593,118.0,0,290.0
538008115,1717868392,33.920551,128.657974,118.0,0,290.0
538008115,1717868412,33.921467,128.658585,118.0,0,290.0
538008115,1717868423,33.92205,128.658966,118.0,0,290.0
538008115,1717868433,33.922531,128.659286,118.0,0,290.0
538008115,1717868452,33.923466,128.659897,118.0,0,290.0
538008115,1717868472,33.924381,128.660522,119.0,0,280.0
538008115,1717868483,33.924915,128.660873,119.0,0,280.0
538008115,1717868502,33.925835,128.661469,119.0,0,280.0
538008115,1717868512,33.926384,128.661819,119.0,0,280.0
538008115,1717868523,33.926868,128.66214,119.0,0,280.0
538008115,1717868532,33.927299,128.662415,119.0,0,280.0
538008115,1717868562,33.928749,128.663376,119.0,0,290.0
538008115,1717868572,33.929268,128.663757,119.0,0,290.0
538008115,1717868603,33.930752,128.66478,119.0,0,300.0
538008115,1717868643,33.932667,128.666122,119.0,0,300.0
538008115,1717868673,33.934116,128.667114,118.0,0,300.0
538008115,1717868682,33.934517,128.667389,118.0,0,300.0
538008115,1717868733,33.937016,128.669098,119.0,0,290.0
538008115,1717868742,33.93745,128.669403,119.0,0,290.0
538008115,1717868763,33.93845,128.670105,119.0,0,290.0
538008115,1717868772,33.938831,128.670364,119.0,0,290.0
538008115,1717868783,33.93935,128.670731,119.0,0,290.0
538008115,1717868793,33.939884,128.671097,120.0,0,290.0
538008115,1717868803,33.940315,128.671387,120.0,0,290.0
538008115,1717868812,33.9408,128.671722,119.0,0,290.0
538008115,1717868832,33.941715,128.672348,120.0,0,290.0
538008115,1717868843,33.942234,128.672699,120.0,0,290.0
538008115,1717868853,33.942719,128.673035,120.0,0,290.0
538008115,1717868863,33.943199,128.67337,120.0,0,290.0
538008115,1717868872,33.943684,128.673706,120.0,0,290.0
538008115,1717868883,33.944218,128.674072,120.0,0,290.0
538008115,1717868903,33.945183,128.674713,120.0,0,290.0
538008115,1717868932,33.946583,128.67569,120.0,0,290.0
538008115,1717868951,33.947498,128.676315,120.0,0,290.0
538008115,1717868973,33.948517,128.677017,120.0,0,290.0
538008115,1717868992,33.949432,128.677628,120.0,0,290.0
538008115,1717869003,33.949966,128.677994,120.0,0,290.0
538008115,1717869022,33.950932,128.678665,120.0,0,290.0
538008115,1717869032,33.951401,128.679001,120.0,0,290.0
538008115,1717869061,33.952801,128.679947,120.0,0,300.0
538008115,1717869071,33.953281,128.680283,120.0,0,300.0
538008115,1717869082,33.953815,128.680649,119.0,0,300.0
538008115,1717869092,33.95425,128.680969,119.0,0,300.0
538008115,1717869103,33.954765,128.681335,120.0,0,300.0
538008115,1717869112,33.9552,128.681641,120.0,0,300.0
538008115,1717869121,33.955685,128.681961,120.0,0,300.0
538008115,1717869142,33.956699,128.682678,119.0,0,300.0
538008115,1717869163,33.957649,128.68335,119.0,0,300.0
538008115,1717869192,33.959099,128.684372,119.0,0,290.0
538008115,1717869202,33.959583,128.684692,120.0,0,290.0
538008115,1717869232,33.961033,128.685684,120.0,0,290.0
538008115,1717869262,33.962502,128.686661,119.0,0,290.0
538008115,1717869283,33.963467,128.687332,119.0,0,290.0
538008115,1717869292,33.963902,128.687637,119.0,0,290.0
538008115,1717869301,33.964382,128.687973,119.0,0,290.0
538008115,1717869322,33.965401,128.68866,119.0,0,290.0
538008115,1717869332,33.965832,128.68895,119.0,0,290.0
538008115,1717869343,33.966415,128.689346,119.0,0,290.0
538008115,1717869352,33.96685,128.689651,119.0,0,290.0
538008115,1717869361,33.9673,128.689926,119.0,0,290.0
538008115,1717869383,33.968349,128.690643,119.0,0,290.0
538008115,1717869412,33.9697,128.691574,119.0,0,290.0
538008115,1717869443,33.971199,128.692581,119.0,0,290.0
538008115,1717869452,33.971684,128.692902,119.0,0,290.0
538008115,1717869463,33.972168,128.693237,119.0,0,290.0
538008115,1717869482,33.973148,128.693893,119.0,0,290.0
538008115,1717869503,33.974167,128.69458,119.0,0,290.0
538008115,1717869512,33.974602,128.694885,119.0,0,290.0
538008115,1717869552,33.976517,128.696213,119.0,0,290.0
538008115,1717869583,33.977966,128.69722,119.0,0,290.0
538008115,1717869592,33.978451,128.697556,119.0,0,290.0
538008115,1717869612,33.979366,128.698166,119.0,0,290.0
538008115,1717869622,33.979851,128.698502,119.0,0,290.0
538008115,1717869632,33.980434,128.698898,119.0,0,290.0
538008115,1717869646,33.980919,128.699234,119.0,0,290.0
538008115,1717869653,33.981419,128.69957,119.0,0,290.0
538008115,1717869672,33.982334,128.700195,119.0,0,290.0
538008115,1717869682,33.982819,128.700516,119.0,0,290.0
538008115,1717869703,33.983818,128.701218,119.0,0,290.0
538008115,1717869742,33.985718,128.702515,119.0,0,290.0
538008115,1717869752,33.986198,128.70285,119.0,0,290.0
538008115,1717869762,33.986683,128.703186,119.0,0,290.0
538008115,1717869773,33.987167,128.703522,119.0,0,290.0
538008115,1717869792,33.988132,128.704178,119.0,0,290.0
538008115,1717869802,33.988617,128.704514,119.0,0,290.0
538008115,1717869812,33.989101,128.704849,119.0,0,290.0
538008115,1717869823,33.989582,128.705185,119.0,0,290.0
538008115,1717869843,33.990566,128.705856,120.0,0,290.0
538008115,1717869852,33.991051,128.706207,121.0,0,290.0
538008115,1717869862,33.991531,128.706528,120.0,0,300.0
538008115,1717869872,33.991966,128.706833,120.0,0,300.0
538008115,1717869883,33.9925,128.707214,120.0,0,300.0
538008115,1717869893,33.992985,128.70755,120.0,0,300.0
538008115,1717869923,33.994434,128.708588,120.0,0,300.0
538008115,1717869942,33.995449,128.709305,120.0,0,300.0
538008115,1717869962,33.996433,128.709976,120.0,0,300.0
538008115,1717869972,33.996868,128.710281,120.0,0,300.0
538008115,1717869983,33.997398,128.710663,120.0,0,290.0
538008115,1717869992,33.997833,128.710968,120.0,0,290.0
538008115,1717870002,33.998318,128.711304,120.0,0,300.0
538008115,1717870013,33.998798,128.711639,120.0,0,300.0
538008115,1717870022,33.999283,128.71199,120.0,0,290.0
538008115,1717870032,33.999733,128.71228,120.0,0,290.0
538008115,1717870043,34.000317,128.712677,119.0,0,290.0
538008115,1717870052,34.000702,128.712952,119.0,0,290.0
538008115,1717870092,34.002716,128.714294,120.0,0,290.0
538008115,1717870103,34.00325,128.714661,120.0,0,290.0
538008115,1717870123,34.004234,128.715332,120.0,0,290.0
538008115,1717870133,34.004734,128.715652,120.0,0,290.0
538008115,1717870163,34.006199,128.716644,120.0,0,290.0
538008115,1717870172,34.006599,128.716919,120.0,0,290.0
538008115,1717870193,34.007633,128.717621,120.0,0,290.0
538008115,1717870203,34.008133,128.717957,120.0,0,290.0
538008115,1717870243,34.010132,128.719345,121.0,0,290.0
538008115,1717870252,34.010582,128.71965,121.0,0,300.0
538008115,1717870263,34.011116,128.720032,121.0,0,300.0
538008115,1717870273,34.011616,128.720367,121.0,0,300.0
538008115,1717870282,34.012051,128.720688,121.0,0,300.0
538008115,1717870292,34.01255,128.721024,121.0,0,300.0
538008115,1717870311,34.013481,128.721664,121.0,0,300.0
538008115,1717870323,34.014015,128.722046,121.0,0,300.0
538008115,1717870333,34.014519,128.722397,121.0,0,300.0
538008115,1717870383,34.016983,128.724091,121.0,0,290.0
538008115,1717870393,34.017517,128.724457,121.0,0,290.0
538008115,1717870412,34.018467,128.725082,121.0,0,290.0
538008115,1717870431,34.019417,128.725723,121.0,0,280.0
538008115,1717870453,34.0205,128.72644,121.0,0,280.0
538008115,1717870462,34.02095,128.72673,121.0,0,280.0
538008115,1717870492,34.0224,128.727661,121.0,0,280.0
538008115,1717870503,34.022949,128.728027,121.0,0,280.0
538008115,1717870513,34.023449,128.728348,121.0,0,280.0
538008115,1717870532,34.024399,128.728973,121.0,0,280.0
538008115,1717870551,34.025452,128.729645,121.0,0,280.0
538008115,1717870563,34.026001,128.730011,121.0,0,280.0
538008115,1717870573,34.026501,128.730347,121.0,0,280.0
538008115,1717870582,34.026951,128.730637,121.0,0,280.0
538008115,1717870592,34.027451,128.730972,121.0,0,280.0
538008115,1717870602,34.02795,128.731293,121.0,0,280.0
538008115,1717870612,34.0284,128.731598,121.0,0,280.0
538008115,1717870623,34.02895,128.731964,121.0,0,290.0
538008115,1717870642,34.029949,128.732635,122.0,0,280.0
538008115,1717870662,34.030949,128.733307,122.0,0,280.0
538008115,1717870672,34.031399,128.733597,122.0,0,280.0
538008115,1717870693,34.032501,128.734329,122.0,0,280.0
538008115,1717870702,34.032951,128.734619,122.0,0,280.0
538008115,1717870712,34.033451,128.734955,122.0,0,280.0
538008115,1717870722,34.033951,128.735291,122.0,0,280.0
538008115,1717870732,34.034451,128.735611,122.0,0,280.0
538008115,1717870741,34.034901,128.735916,122.0,0,280.0
538008115,1717870762,34.0359,128.736572,122.0,0,280.0
538008115,1717870801,34.037918,128.737869,122.0,0,280.0
538008115,1717870821,34.038933,128.73851,122.0,0,280.0
538008115,1717870843,34.039982,128.739197,122.0,0,280.0
538008115,1717870852,34.040482,128.739517,122.0,0,270.0
538008115,1717870861,34.040932,128.739822,122.0,0,270.0
538008115,1717870873,34.04155,128.740204,122.0,0,270.0
538008115,1717870892,34.0425,128.740814,122.0,0,280.0
538008115,1717870903,34.043049,128.74118,122.0,0,280.0
538008115,1717870912,34.043499,128.741486,122.0,0,280.0
538008115,1717870921,34.043968,128.741776,122.0,0,280.0
538008115,1717870933,34.044567,128.742188,122.0,0,280.0
538008115,1717870952,34.045517,128.742798,122.0,0,280.0
538008115,1717870963,34.046017,128.743134,122.0,0,280.0
538008115,1717870982,34.046967,128.743774,122.0,0,280.0
538008115,1717871012,34.048534,128.744797,122.0,0,280.0
538008115,1717871032,34.049534,128.745453,122.0,0,280.0
538008115,1717871053,34.050598,128.74614,122.0,0,280.0
538008115,1717871073,34.051567,128.74675,122.0,0,280.0
538008115,1717871083,34.052067,128.74707,122.0,0,270.0
538008115,1717871102,34.053032,128.747665,122.0,0,270.0
538008115,1717871113,34.05365,128.748047,122.0,0,270.0
538008115,1717871121,34.05405,128.748306,122.0,0,270.0
538008115,1717871133,34.054619,128.748627,122.0,0,260.0
538008115,1717871143,34.055183,128.748978,123.0,0,260.0
538008115,1717871152,34.055634,128.749268,122.0,0,270.0
538008115,1717871162,34.056149,128.749588,122.0,0,270.0
538008115,1717871173,34.056702,128.749939,122.0,0,270.0
538008115,1717871181,34.057117,128.750183,122.0,0,270.0
538008115,1717871193,34.057716,128.750565,122.0,0,270.0
538008115,1717871203,34.058182,128.75087,122.0,0,270.0
538008115,1717871233,34.059734,128.751862,122.0,0,280.0
538008115,1717871242,34.060135,128.752121,122.0,0,280.0
538008115,1717871272,34.061649,128.753098,122.0,0,280.0
538008115,1717871282,34.062149,128.753433,122.0,0,280.0
538008115,1717871302,34.063202,128.754135,122.0,0,280.0
538008115,1717871313,34.063766,128.754486,122.0,0,280.0
538008115,1717871322,34.064167,128.754745,122.0,0,280.0
538008115,1717871332,34.064716,128.755112,122.0,0,280.0
538008115,1717871373,34.066715,128.756454,122.0,0,280.0
538008115,1717871422,34.069183,128.758057,122.0,0,280.0
538008115,1717871433,34.069752,128.758423,122.0,0,280.0
538008115,1717871442,34.070202,128.758698,122.0,0,280.0
538008115,1717871453,34.070801,128.759094,122.0,0,280.0
538008115,1717871483,34.072315,128.760071,122.0,0,280.0
538008115,1717871501,34.073235,128.760666,122.0,0,280.0
538008115,1717871513,34.073833,128.761047,122.0,0,280.0
538008115,1717871523,34.074333,128.761383,122.0,0,280.0
538008115,1717871563,34.076317,128.762634,122.0,0,270.0
538008115,1717871573,34.076817,128.762955,122.0,0,270.0
538008115,1717871583,34.077316,128.76329,122.0,0,270.0
538008115,1717871592,34.077831,128.763596,122.0,0,270.0
538008115,1717871623,34.079418,128.764572,122.0,0,260.0
538008115,1717871633,34.079918,128.764877,122.0,0,260.0
538008115,1717871643,34.080433,128.765182,122.0,0,260.0
538008115,1717871652,34.080883,128.765472,122.0,0,260.0
538008115,1717871663,34.081402,128.765762,123.0,0,260.0
538008115,1717871672,34.081917,128.766083,123.0,0,260.0
538008115,1717871703,34.083431,128.767014,123.0,0,270.0
538008115,1717871712,34.08395,128.767349,123.0,0,270.0
538008115,1717871723,34.08445,128.76767,123.0,0,280.0
538008115,1717871732,34.0849,128.76796,123.0,0,280.0
538008115,1717871743,34.085449,128.768326,123.0,0,280.0
538008115,1717871763,34.086498,128.769043,123.0,0,290.0
538008115,1717871772,34.086948,128.769363,123.0,0,290.0
538008115,1717871792,34.087933,128.77005,123.0,0,300.0
538008115,1717871803,34.088482,128.770447,123.0,0,300.0
538008115,1717871812,34.088917,128.770767,123.0,0,300.0
538008115,1717871832,34.089901,128.771469,123.0,0,310.0
538008115,1717871841,34.090351,128.771805,123.0,0,310.0
538008115,1717871852,34.090832,128.772171,123.0,0,310.0
538008115,1717871901,34.0933,128.774048,123.0,0,320.0
538008115,1717871942,34.095219,128.775574,122.0,0,330.0
538008115,1717871961,34.096134,128.776276,122.0,0,320.0
538008115,1717871971,34.096619,128.776657,122.0,0,320.0
538008115,1717871982,34.097099,128.777039,122.0,0,320.0
538008115,1717872012,34.098549,128.778137,122.0,0,320.0
538008115,1717872021,34.099033,128.778503,123.0,0,310.0
538008115,1717872032,34.099518,128.778854,123.0,0,310.0
538008115,1717872052,34.100533,128.779617,123.0,0,310.0
538008115,1717872072,34.101517,128.780334,123.0,0,310.0
538008115,1717872091,34.102451,128.781021,123.0,0,310.0
538008115,1717872102,34.102982,128.781418,123.0,0,310.0
538008115,1717872111,34.103416,128.781738,123.0,0,310.0
538008115,1717872151,34.105366,128.783188,123.0,0,320.0
538008115,1717872182,34.106815,128.784286,123.0,0,320.0
538008115,1717872192,34.1073,128.784668,123.0,0,320.0
538008115,1717872202,34.107868,128.785095,123.0,0,320.0
538008115,1717872212,34.108318,128.785431,123.0,0,320.0
538008115,1717872223,34.108849,128.785828,122.0,0,320.0
538008115,1717872232,34.109234,128.786133,122.0,0,320.0
538008115,1717872241,34.109718,128.786484,123.0,0,310.0
538008115,1717872252,34.110249,128.78688,123.0,0,310.0
538008115,1717872263,34.110733,128.787247,123.0,0,310.0
538008115,1717872302,34.112633,128.788666,123.0,0,310.0
538008115,1717872313,34.113167,128.789078,123.0,0,320.0
538008115,1717872322,34.113667,128.789444,123.0,0,320.0
538008115,1717872343,34.114632,128.790176,123.0,0,320.0
538008115,1717872352,34.115067,128.790497,122.0,0,320.0
538008115,1717872361,34.115551,128.790863,122.0,0,320.0
538008115,1717872373,34.116135,128.791321,123.0,0,310.0
538008115,1717872383,34.116566,128.791626,123.0,0,310.0
538008115,1717872391,34.117001,128.791962,123.0,0,310.0
538008115,1717872412,34.117985,128.792679,123.0,0,310.0
538008115,1717872421,34.118465,128.793045,123.0,0,310.0
538008115,1717872453,34.120033,128.794205,123.0,0,310.0
538008115,1717872471,34.120918,128.794846,123.0,0,310.0
538008115,1717872481,34.121399,128.795197,123.0,0,310.0
538008115,1717872493,34.121933,128.795593,123.0,0,310.0
538008115,1717872502,34.122467,128.796005,123.0,0,310.0
538008115,1717872513,34.123001,128.796387,123.0,0,310.0
538008115,1717872523,34.123451,128.796722,122.0,0,310.0
538008115,1717872541,34.124332,128.797348,123.0,0,310.0
538008115,1717872563,34.125366,128.798096,123.0,0,300.0
538008115,1717872574,34.1259,128.798477,123.0,0,300.0
538008115,1717872583,34.12635,128.798798,123.0,0,300.0
538008115,1717872591,34.126781,128.799118,123.0,0,300.0
538008115,1717872613,34.127815,128.79985,123.0,0,300.0
538008115,1717872622,34.128319,128.800201,123.0,0,300.0
538008115,1717872634,34.128868,128.800583,123.0,0,300.0
538008115,1717872643,34.129299,128.800903,123.0,0,300.0
538008115,1717872652,34.129799,128.801254,123.0,0,300.0
538008115,1717872661,34.130283,128.801605,123.0,0,300.0
538008115,1717872673,34.130833,128.801971,123.0,0,300.0
538008115,1717872694,34.131817,128.802673,123.0,0,300.0
538008115,1717872712,34.132717,128.803299,123.0,0,300.0
538008115,1717872724,34.133301,128.803711,123.0,0,300.0
538008115,1717872733,34.133801,128.804077,123.0,0,300.0
538008115,1717872742,34.134251,128.804398,123.0,0,300.0
538008115,1717872754,34.134785,128.804779,123.0,0,300.0
538008115,1717872763,34.135235,128.805099,123.0,0,300.0
538008115,1717872771,34.135666,128.80542,123.0,0,300.0
538008115,1717872784,34.136269,128.805832,123.0,0,300.0
538008115,1717872793,34.136719,128.806152,123.0,0,300.0
538008115,1717872802,34.137249,128.806534,123.0,0,300.0
538008115,1717872823,34.138248,128.80722,123.0,0,300.0
538008115,1717872833,34.138748,128.807571,123.0,0,300.0
538008115,1717872843,34.139252,128.807922,123.0,0,300.0
538008115,1717872853,34.139751,128.808273,123.0,0,300.0
538008115,1717872893,34.141731,128.809647,123.0,0,300.0
538008115,1717872904,34.142235,128.809998,123.0,0,300.0
538008115,1717872913,34.142666,128.810318,123.0,0,300.0
538008115,1717872933,34.143719,128.811066,123.0,0,300.0
538008115,1717872944,34.144218,128.811417,123.0,0,300.0
538008115,1717872964,34.145267,128.812149,124.0,0,300.0
538008115,1717872973,34.145718,128.812469,124.0,0,300.0
538008115,1717872984,34.146252,128.812851,124.0,0,300.0
538008115,1717872994,34.146702,128.813171,124.0,0,300.0
538008115,1717873013,34.147701,128.813873,124.0,0,300.0
538008115,1717873024,34.148201,128.814224,124.0,0,300.0
538008115,1717873044,34.149181,128.814911,124.0,0,300.0
538008115,1717873053,34.149685,128.815262,124.0,0,300.0
538008115,1717873064,34.150185,128.815613,124.0,0,300.0
538008115,1717873073,34.150684,128.815979,124.0,0,300.0
538008115,1717873083,34.151184,128.81633,124.0,0,300.0
538008115,1717873093,34.151634,128.81665,124.0,0,300.0
538008115,1717873113,34.152733,128.817413,124.0,0,300.0
538008115,1717873124,34.153233,128.817764,124.0,0,300.0
538008115,1717873153,34.154682,128.818787,124.0,0,290.0
538008115,1717873164,34.155231,128.819153,124.0,0,290.0
538008115,1717873173,34.155682,128.819473,124.0,0,290.0
538008115,1717873194,34.15675,128.82019,124.0,0,290.0
538008115,1717873203,34.1572,128.820496,124.0,0,290.0
538008115,1717873213,34.1577,128.820831,124.0,0,290.0
538008115,1717873232,34.158649,128.821503,124.0,0,290.0
538008115,1717873254,34.159767,128.82225,124.0,0,290.0
538008115,1717873263,34.160267,128.822586,124.0,0,290.0
538008115,1717873273,34.160717,128.822906,124.0,0,290.0
538008115,1717873284,34.161217,128.823257,124.0,0,290.0
538008115,1717873292,34.161667,128.823547,124.0,0,290.0
538008115,1717873302,34.162182,128.823898,124.0,0,290.0
538008115,1717873314,34.162785,128.82431,124.0,0,290.0
538008115,1717873323,34.163235,128.824615,124.0,0,290.0
538008115,1717873344,34.164234,128.825317,124.0,0,300.0
538008115,1717873352,34.164684,128.825638,124.0,0,300.0
538008115,1717873362,34.165184,128.825989,124.0,0,300.0
538008115,1717873374,34.165783,128.826416,125.0,0,300.0
538008115,1717873383,34.166233,128.826736,125.0,0,300.0
538008115,1717873394,34.166752,128.827087,125.0,0,300.0
538008115,1717873403,34.167252,128.827438,125.0,0,300.0
538008115,1717873412,34.167702,128.827744,125.0,0,300.0
538008115,1717873423,34.168251,128.82811,125.0,0,290.0
538008115,1717873454,34.169819,128.829193,125.0,0,290.0
538008115,1717873472,34.170734,128.829819,125.0,0,290.0
538008115,1717873483,34.171284,128.830185,125.0,0,290.0
538008115,1717873493,34.171749,128.830505,125.0,0,290.0
538008115,1717873514,34.172852,128.831253,125.0,0,290.0
538008115,1717873523,34.173317,128.831573,125.0,0,290.0
538008115,1717873532,34.173767,128.831879,125.0,0,290.0
538008115,1717873553,34.174782,128.832565,125.0,0,290.0
538008115,1717873574,34.175884,128.833344,125.0,0,290.0
538008115,1717873583,34.176334,128.833664,125.0,0,300.0
538008115,1717873613,34.177799,128.834686,125.0,0,300.0
538008115,1717873632,34.178799,128.835388,125.0,0,300.0
538008115,1717873643,34.179367,128.83577,125.0,0,290.0
538008115,1717873663,34.180367,128.836472,125.0,0,290.0
538008115,1717873683,34.181332,128.837128,125.0,0,290.0
538008115,1717873692,34.181831,128.837463,125.0,0,290.0
538008115,1717873713,34.182899,128.838196,125.0,0,290.0
538008115,1717873733,34.183918,128.838898,125.0,0,290.0
538008115,1717873743,34.184418,128.839249,125.0,0,290.0
538008115,1717873752,34.184883,128.839569,125.0,0,290.0
538008115,1717873773,34.185883,128.840256,125.0,0,290.0
538008115,1717873803,34.187416,128.841293,125.0,0,290.0
538008115,1717873812,34.187916,128.841644,125.0,0,290.0
538008115,1717873844,34.189499,128.842728,125.0,0,290.0
538008115,1717873853,34.189999,128.843079,125.0,0,290.0
538008115,1717873873,34.191017,128.843781,125.0,0,300.0
538008115,1717873882,34.191467,128.844116,125.0,0,300.0
538008115,1717873894,34.192066,128.844528,125.0,0,290.0
538008115,1717873913,34.193031,128.8452,125.0,0,290.0
538008115,1717873923,34.19355,128.845551,125.0,0,290.0
538008115,1717873933,34.19405,128.845886,125.0,0,290.0
538008115,1717873954,34.195068,128.846588,125.0,0,290.0
538008115,1717873964,34.195583,128.846939,125.0,0,290.0
538008115,1717873983,34.196548,128.84758,125.0,0,290.0
538008115,1717873993,34.197048,128.847931,125.0,0,290.0
538008115,1717874002,34.197567,128.848267,125.0,0,290.0
538008115,1717874014,34.198166,128.848679,125.0,0,290.0
538008115,1717874023,34.198631,128.848984,125.0,0,290.0
538008115,1717874033,34.19915,128.849335,125.0,0,290.0
538008115,1717874053,34.200169,128.850021,125.0,0,290.0
538008115,1717874062,34.200619,128.850327,125.0,0,290.0
538008115,1717874074,34.201183,128.850723,125.0,0,290.0
538008115,1717874083,34.201683,128.851074,125.0,0,290.0
538008115,1717874093,34.202202,128.85141,125.0,0,290.0
538008115,1717874103,34.202702,128.851761,125.0,0,290.0
538008115,1717874134,34.204231,128.852798,125.0,0,290.0
538008115,1717874163,34.20575,128.853851,125.0,0,290.0
538008115,1717874173,34.206249,128.854202,125.0,0,290.0
538008115,1717874183,34.206768,128.854553,125.0,0,290.0
538008115,1717874194,34.207317,128.854935,125.0,0,290.0
538008115,1717874203,34.207767,128.855255,125.0,0,290.0
538008115,1717874214,34.208332,128.855621,125.0,0,290.0
538008115,1717874223,34.208801,128.855927,125.0,0,290.0
538008115,1717874254,34.210316,128.856949,125.0,0,280.0
538008115,1717874263,34.210781,128.857254,125.0,0,280.0
538008115,1717874293,34.212368,128.858276,125.0,0,270.0
538008115,1717874304,34.212883,128.858597,125.0,0,270.0
538008115,1717874314,34.213451,128.858963,125.0,0,270.0
538008115,1717874323,34.213917,128.859268,125.0,0,270.0
538008115,1717874334,34.214481,128.859634,125.0,0,270.0
538008115,1717874343,34.214931,128.85994,125.0,0,280.0
538008115,1717874363,34.215965,128.86058,125.0,0,280.0
538008115,1717874374,34.216484,128.860916,125.0,0,280.0
538008115,1717874383,34.216984,128.861252,125.0,0,280.0
538008115,1717874394,34.217548,128.861618,125.0,0,280.0
538008115,1717874403,34.217968,128.861893,125.0,0,280.0
538008115,1717874433,34.219501,128.862915,125.0,0,280.0
538008115,1717874454,34.220566,128.863617,125.0,0,280.0
538008115,1717874463,34.221085,128.863953,125.0,0,280.0
538008115,1717874473,34.221584,128.864304,125.0,0,280.0
538008115,1717874503,34.223118,128.865295,125.0,0,280.0
538008115,1717874523,34.224152,128.865967,125.0,0,280.0
538008115,1717874533,34.224651,128.866302,125.0,0,280.0
538008115,1717874543,34.225117,128.866577,124.0,0,280.0
538008115,1717874553,34.225681,128.866943,124.0,0,280.0
538008115,1717874563,34.226151,128.867249,124.0,0,280.0
538008115,1717874574,34.226719,128.867599,124.0,0,280.0
538008115,1717874594,34.227734,128.868256,124.0,0,270.0
538008115,1717874603,34.228199,128.868546,124.0,0,270.0
538008115,1717874613,34.228767,128.868896,124.0,0,270.0
538008115,1717874623,34.229282,128.869232,124.0,0,270.0
538008115,1717874643,34.230316,128.869873,124.0,0,270.0
538008115,1717874654,34.230885,128.870224,124.0,0,270.0
538008115,1717874663,34.23135,128.870499,124.0,0,270.0
538008115,1717874673,34.23185,128.870819,124.0,0,270.0
538008115,1717874683,34.232368,128.871155,124.0,0,270.0
538008115,1717874714,34.233952,128.872131,124.0,0,270.0
538008115,1717874733,34.234882,128.872711,124.0,0,270.0
538008115,1717874743,34.235382,128.873047,124.0,0,270.0
538008115,1717874753,34.235901,128.873367,124.0,0,270.0
538008115,1717874763,34.236465,128.873734,124.0,0,280.0
538008115,1717874774,34.237019,128.8741,124.0,0,280.0
538008115,1717874783,34.237484,128.874405,124.0,0,280.0
538008115,1717874793,34.237999,128.87471,124.0,0,280.0
538008115,1717874803,34.238499,128.875046,124.0,0,280.0
538008115,1717874824,34.239517,128.875717,124.0,0,280.0
538008115,1717874834,34.240067,128.876083,124.0,0,280.0
538008115,1717874843,34.240482,128.876343,124.0,0,280.0
538008115,1717874853,34.241032,128.876724,124.0,0,280.0
538008115,1717874873,34.242001,128.87735,123.0,0,280.0
538008115,1717874894,34.243084,128.878036,123.0,0,280.0
538008115,1717874902,34.243534,128.878326,123.0,0,280.0
538008115,1717874913,34.244148,128.878723,123.0,0,270.0
538008115,1717874923,34.244667,128.879044,123.0,0,270.0
538008115,1717874934,34.245167,128.879364,123.0,0,270.0
538008115,1717874953,34.246151,128.87999,123.0,0,270.0
538008115,1717874962,34.246616,128.880264,123.0,0,270.0
538008115,1717874973,34.247166,128.880615,123.0,0,270.0
538008115,1717874994,34.248199,128.881256,123.0,0,260.0
538008115,1717875004,34.248718,128.881561,123.0,0,260.0
538008115,1717875022,34.249699,128.882172,123.0,0,260.0
538008115,1717875054,34.251282,128.883148,123.0,0,270.0
538008115,1717875064,34.25185,128.883499,123.0,0,270.0
538008115,1717875082,34.252766,128.884064,123.0,0,270.0
538008115,1717875093,34.253334,128.884415,123.0,0,270.0
538008115,1717875103,34.253849,128.884735,123.0,0,270.0
538008115,1717875114,34.254417,128.885086,123.0,0,270.0
538008115,1717875122,34.254818,128.88533,123.0,0,270.0
538008115,1717875133,34.255383,128.885681,123.0,0,270.0
538008115,1717875142,34.255852,128.885971,123.0,0,270.0
538008115,1717875153,34.256416,128.886322,123.0,0,270.0
538008115,1717875164,34.256916,128.886627,123.0,0,270.0
538008115,1717875174,34.257416,128.886948,123.0,0,270.0
538008115,1717875193,34.258385,128.887573,123.0,0,270.0
538008115,1717875213,34.259518,128.88829,123.0,0,270.0
538008115,1717875234,34.260532,128.888931,124.0,0,270.0
538008115,1717875242,34.260933,128.889206,124.0,0,270.0
538008115,1717875262,34.261951,128.889847,124.0,0,270.0
538008115,1717875273,34.262516,128.890198,124.0,0,270.0
538008115,1717875284,34.263035,128.890533,124.0,0,270.0
538008115,1717875294,34.263535,128.890854,124.0,0,270.0
538008115,1717875313,34.264568,128.891495,124.0,0,270.0
538008115,1717875324,34.265118,128.891861,124.0,0,270.0
538008115,1717875336,34.265633,128.892181,124.0,0,270.0
538008115,1717875344,34.266102,128.892487,124.0,0,270.0
538008115,1717875354,34.266602,128.892822,124.0,0,270.0
538008115,1717875362,34.267067,128.893097,124.0,0,270.0
538008115,1717875373,34.267567,128.893433,124.0,0,270.0
538008115,1717875384,34.268185,128.893829,124.0,0,270.0
538008115,1717875394,34.2687,128.89415,124.0,0,270.0
538008115,1717875404,34.269199,128.894485,124.0,0,270.0
538008115,1717875422,34.270119,128.895065,124.0,0,270.0
538008115,1717875444,34.271252,128.895782,124.0,0,270.0
538008115,1717875464,34.272217,128.896393,124.0,0,270.0
538008115,1717875483,34.273232,128.897049,124.0,0,270.0
538008115,1717875493,34.273701,128.897339,124.0,0,270.0
538008115,1717875504,34.274265,128.89769,124.0,0,270.0
538008115,1717875514,34.274769,128.89801,124.0,0,270.0
538008115,1717875524,34.275333,128.898361,124.0,0,270.0
538008115,1717875533,34.275799,128.898651,124.0,0,270.0
538008115,1717875543,34.276299,128.898987,124.0,0,270.0
538008115,1717875563,34.277332,128.899612,124.0,0,270.0
538008115,1717875583,34.278351,128.900269,124.0,0,270.0
538008115,1717875603,34.279385,128.900894,124.0,0,270.0
538008115,1717875613,34.2799,128.90123,124.0,0,270.0
538008115,1717875623,34.280399,128.90155,124.0,0,270.0
538008115,1717875634,34.280968,128.901917,124.0,0,270.0
538008115,1717875643,34.281368,128.902161,124.0,0,270.0
538008115,1717875653,34.281933,128.902527,124.0,0,270.0
538008115,1717875673,34.282967,128.903168,124.0,0,270.0
538008115,1717875683,34.283516,128.903519,124.0,0,270.0
538008115,1717875703,34.2845,128.904129,124.0,0,270.0
538008115,1717875713,34.285015,128.904465,124.0,0,270.0
538008115,1717875722,34.285465,128.904755,124.0,0,270.0
538008115,1717875733,34.286034,128.905106,124.0,0,270.0
538008115,1717875743,34.286549,128.905426,124.0,0,270.0
538008115,1717875754,34.287102,128.905777,124.0,0,270.0
538008115,1717875763,34.287567,128.906082,124.0,0,270.0
538008115,1717875782,34.288532,128.906693,124.0,0,280.0
538008115,1717875793,34.289032,128.907028,124.0,0,280.0
538008115,1717875803,34.2896,128.907394,124.0,0,280.0
538008115,1717875814,34.290115,128.90773,124.0,0,280.0
538008115,1717875822,34.290619,128.908051,124.0,0,270.0
538008115,1717875833,34.291134,128.908386,124.0,0,270.0
538008115,1717875842,34.291584,128.908676,124.0,0,280.0
538008115,1717875853,34.292149,128.909058,124.0,0,280.0
538008115,1717875874,34.293217,128.909729,124.0,0,280.0
538008115,1717875902,34.294651,128.91066,124.0,0,270.0
538008115,1717875913,34.295166,128.91098,124.0,0,270.0
538008115,1717875924,34.295734,128.911346,124.0,0,270.0
538008115,1717875934,34.296234,128.911667,124.0,0,270.0
538008115,1717875942,34.2967,128.911972,124.0,0,270.0
538008115,1717875962,34.297684,128.912567,123.0,0,270.0
538008115,1717875973,34.298302,128.912949,123.0,0,270.0
538008115,1717876002,34.299782,128.913879,123.0,0,270.0
538008115,1717876022,34.300816,128.91452,123.0,0,270.0
538008115,1717876033,34.301384,128.914871,123.0,0,270.0
538008115,1717876054,34.302448,128.915543,124.0,0,270.0
538008115,1717876063,34.302917,128.915833,124.0,0,270.0
538008115,1717876073,34.303383,128.916138,124.0,0,270.0
538008115,1717876093,34.304401,128.916779,123.0,0,270.0
538008115,1717876104,34.304966,128.917145,123.0,0,270.0
538008115,1717876114,34.305466,128.91748,123.0,0,280.0
538008115,1717876133,34.306484,128.918137,124.0,0,280.0
538008115,1717876153,34.307499,128.918793,124.0,0,280.0
538008115,1717876164,34.308067,128.919189,124.0,0,280.0
538008115,1717876174,34.308567,128.91951,124.0,0,280.0
538008115,1717876183,34.309017,128.919815,124.0,0,280.0
538008115,1717876202,34.309982,128.920456,124.0,0,280.0
538008115,1717876213,34.310482,128.920776,124.0,0,280.0
538008115,1717876222,34.311001,128.921112,124.0,0,280.0
538008115,1717876243,34.312065,128.921814,124.0,0,280.0
538008115,1717876253,34.312515,128.922134,124.0,0,280.0
538008115,1717876273,34.313583,128.922836,124.0,0,280.0
538008115,1717876304,34.315166,128.923874,124.0,0,280.0
538008115,1717876313,34.315617,128.924164,124.0,0,280.0
538008115,1717876322,34.316082,128.924469,124.0,0,280.0
538008115,1717876333,34.316631,128.924835,124.0,0,280.0
538008115,1717876342,34.317101,128.92514,124.0,0,280.0
538008115,1717876353,34.31765,128.925507,123.0,0,280.0
538008115,1717876374,34.318684,128.926147,124.0,0,280.0
538008115,1717876393,34.319698,128.926804,124.0,0,270.0
538008115,1717876403,34.320148,128.927078,124.0,0,270.0
538008115,1717876434,34.321781,128.928116,124.0,0,270.0
538008115,1717876443,34.32225,128.928421,124.0,0,270.0
538008115,1717876453,34.322765,128.928726,124.0,0,270.0
538008115,1717876462,34.323284,128.929047,124.0,0,270.0
538008115,1717876484,34.324348,128.929718,124.0,0,270.0
538008115,1717876494,34.324867,128.930038,124.0,0,270.0
538008115,1717876514,34.325832,128.930649,123.0,0,270.0
538008115,1717876533,34.326817,128.931244,123.0,0,270.0
538008115,1717876544,34.327381,128.931595,123.0,0,270.0
538008115,1717876554,34.327885,128.931931,123.0,0,270.0
538008115,1717876573,34.328918,128.932587,123.0,0,270.0
538008115,1717876584,34.329468,128.932953,123.0,0,280.0
538008115,1717876592,34.329933,128.933243,123.0,0,280.0
538008115,1717876603,34.330433,128.933578,123.0,0,280.0
538008115,1717876614,34.331001,128.933945,123.0,0,280.0
538008115,1717876644,34.3325,128.934982,123.0,0,290.0
538008115,1717876652,34.332901,128.935272,123.0,0,290.0
538008115,1717876663,34.333466,128.935654,123.0,0,290.0
538008115,1717876674,34.333965,128.936005,123.0,0,290.0
538008115,1717876683,34.334415,128.93631,124.0,0,300.0
538008115,1717876693,34.334969,128.936707,124.0,0,290.0
538008115,1717876704,34.335468,128.937057,124.0,0,290.0
538008115,1717876712,34.335918,128.937363,124.0,0,290.0
538008115,1717876734,34.336967,128.93808,124.0,0,290.0
538008115,1717876753,34.337967,128.938766,124.0,0,290.0
538008115,1717876764,34.338531,128.939148,124.0,0,290.0
538008115,1717876772,34.338932,128.939423,124.0,0,290.0
538008115,1717876794,34.340034,128.940186,124.0,0,290.0
538008115,1717876803,34.340431,128.940445,124.0,0,290.0
538008115,1717876843,34.342499,128.941864,124.0,0,290.0
538008115,1717876854,34.342999,128.942215,124.0,0,290.0
538008115,1717876884,34.344566,128.943268,124.0,0,290.0
538008115,1717876894,34.345081,128.943619,124.0,0,290.0
538008115,1717876904,34.345585,128.94397,124.0,0,290.0
538008115,1717876914,34.346085,128.944305,124.0,0,290.0
538008115,1717876923,34.346535,128.944611,124.0,0,290.0
538008115,1717876934,34.347084,128.945007,124.0,0,290.0
538008115,1717876944,34.347599,128.945328,124.0,0,290.0
538008115,1717876964,34.348549,128.945984,124.0,0,290.0
538008115,1717876974,34.349049,128.946335,124.0,0,290.0
538008115,1717876983,34.349499,128.94664,124.0,0,280.0
538008115,1717877004,34.350567,128.947327,124.0,0,280.0
538008115,1717877024,34.351582,128.948013,124.0,0,280.0
538008115,1717877054,34.353149,128.949051,124.0,0,280.0
538008115,1717877064,34.353668,128.949387,123.0,0,280.0
538008115,1717877074,34.354168,128.949738,123.0,0,280.0
538008115,1717877084,34.354618,128.950027,123.0,0,280.0
538008115,1717877093,34.355083,128.950333,124.0,0,290.0
538008115,1717877103,34.355633,128.950714,124.0,0,280.0
538008115,1717877114,34.356182,128.95108,124.0,0,290.0
538008115,1717877134,34.357201,128.951767,124.0,0,290.0
538008115,1717877143,34.357651,128.952087,124.0,0,290.0
538008115,1717877153,34.358101,128.952377,124.0,0,290.0
538008115,1717877163,34.358601,128.952713,124.0,0,290.0
538008115,1717877174,34.35915,128.953094,124.0,0,290.0
538008115,1717877184,34.359718,128.953476,124.0,0,290.0
538008115,1717877194,34.360218,128.953827,124.0,0,290.0
538008115,1717877203,34.360668,128.954132,124.0,0,290.0
538008115,1717877223,34.361668,128.954819,124.0,0,290.0
538008115,1717877234,34.362217,128.9552,124.0,0,290.0
538008115,1717877243,34.362667,128.955505,124.0,0,290.0
538008115,1717877254,34.363216,128.955887,124.0,0,290.0
538008115,1717877263,34.363682,128.956177,124.0,0,290.0
538008115,1717877273,34.364132,128.956482,124.0,0,290.0
538008115,1717877285,34.364681,128.956863,124.0,0,290.0
538008115,1717877294,34.365185,128.957199,124.0,0,290.0
538008115,1717877303,34.365631,128.95752,123.0,0,290.0
538008115,1717877314,34.366184,128.957886,123.0,0,290.0
538008115,1717877323,34.366634,128.958176,123.0,0,290.0
538008115,1717877333,34.367134,128.958527,123.0,0,290.0
538008115,1717877343,34.367733,128.958939,123.0,0,290.0
538008115,1717877352,34.368149,128.959198,123.0,0,290.0
538008115,1717877362,34.368698,128.959579,123.0,0,290.0
538008115,1717877374,34.369251,128.959946,123.0,0,280.0
538008115,1717877383,34.369701,128.960251,123.0,0,280.0
538008115,1717877393,34.370152,128.960556,123.0,0,280.0
538008115,1717877403,34.370716,128.960907,123.0,0,270.0
538008115,1717877443,34.372749,128.962204,122.0,0,270.0
538008115,1717877463,34.373749,128.962845,122.0,0,280.0
538008115,1717877472,34.374218,128.963165,122.0,0,280.0
538008115,1717877494,34.375317,128.963898,122.0,0,290.0
538008115,1717877503,34.375767,128.964218,123.0,0,290.0
538008115,1717877523,34.376766,128.964905,123.0,0,290.0
538008115,1717877532,34.377201,128.96521,123.0,0,290.0
538008115,1717877554,34.3783,128.965988,123.0,0,290.0
538008115,1717877563,34.37875,128.966278,123.0,0,290.0
538008115,1717877573,34.3792,128.966599,123.0,0,290.0
538008115,1717877583,34.3797,128.966949,123.0,0,290.0
538008115,1717877592,34.380199,128.967285,123.0,0,290.0
538008115,1717877603,34.380699,128.967621,123.0,0,290.0
538008115,1717877614,34.381248,128.968002,123.0,0,290.0
538008115,1717877623,34.381699,128.968307,123.0,0,280.0
538008115,1717877653,34.383251,128.969315,123.0,0,280.0
538008115,1717877684,34.384815,128.970337,123.0,0,280.0
538008115,1717877693,34.385216,128.970596,122.0,0,280.0
538008115,1717877703,34.385769,128.970963,122.0,0,280.0
538008115,1717877713,34.386269,128.971313,122.0,0,280.0
538008115,1717877724,34.386768,128.971649,122.0,0,280.0
538008115,1717877744,34.387768,128.972321,123.0,0,290.0
538008115,1717877753,34.388218,128.972626,123.0,0,290.0
538008115,1717877773,34.389198,128.973297,123.0,0,290.0
538008115,1717877792,34.390202,128.973984,122.0,0,280.0
538008115,1717877804,34.3908,128.97438,122.0,0,280.0
538008115,1717877813,34.391251,128.974686,122.0,0,280.0
538008115,1717877823,34.39175,128.975021,122.0,0,280.0
538008115,1717877844,34.392818,128.975693,122.0,0,280.0
538008115,1717877852,34.393215,128.975967,122.0,0,280.0
538008115,1717877864,34.393818,128.976349,122.0,0,280.0
538008115,1717877893,34.395267,128.977295,122.0,0,280.0
538008115,1717877912,34.396233,128.977921,121.0,0,280.0
538008115,1717877924,34.396782,128.978287,121.0,0,280.0
538008115,1717877942,34.397781,128.978943,121.0,0,280.0
538008115,1717877953,34.398281,128.979279,121.0,0,280.0
538008115,1717877984,34.399818,128.980331,122.0,0,290.0
538008115,1717878013,34.401268,128.981339,121.0,0,290.0
538008115,1717878032,34.402199,128.981979,121.0,0,290.0
538008115,1717878054,34.403301,128.982727,121.0,0,290.0
538008115,1717878062,34.403683,128.983017,121.0,0,290.0
538008115,1717878073,34.404232,128.983383,121.0,0,290.0
538008115,1717878083,34.404732,128.983734,121.0,0,290.0
538008115,1717878092,34.405182,128.984055,122.0,0,290.0
538008115,1717878104,34.405766,128.984451,121.0,0,290.0
538008115,1717878133,34.407215,128.985443,121.0,0,300.0
538008115,1717878143,34.4077,128.985794,123.0,0,300.0
538008115,1717878164,34.408684,128.986496,122.0,0,300.0
538008115,1717878174,34.409233,128.986877,122.0,0,300.0
538008115,1717878193,34.410168,128.987549,122.0,0,300.0
538008115,1717878234,34.412167,128.988922,123.0,0,290.0
538008115,1717878242,34.412617,128.989212,122.0,0,290.0
538008115,1717878253,34.413166,128.989594,122.0,0,290.0
538008115,1717878284,34.4147,128.990662,123.0,0,290.0
538008115,1717878302,34.4156,128.991272,123.0,0,290.0
538008115,1717878313,34.416149,128.991653,123.0,0,290.0
538008115,1717878323,34.416649,128.991989,123.0,0,290.0
538008115,1717878333,34.417149,128.99234,123.0,0,290.0
538008115,1717878344,34.417633,128.992661,123.0,0,290.0
538008115,1717878354,34.418182,128.993027,122.0,0,290.0
538008115,1717878362,34.418583,128.993317,122.0,0,290.0
538008115,1717878373,34.419132,128.993683,122.0,0,290.0
538008115,1717878384,34.419632,128.994019,122.0,0,290.0
538008115,1717878393,34.420132,128.99437,122.0,0,290.0
538008115,1717878433,34.422134,128.995728,122.0,0,290.0
538008115,1717878443,34.422634,128.996078,122.0,0,290.0
538008115,1717878453,34.423119,128.996429,122.0,0,300.0
538008115,1717878462,34.423569,128.99675,122.0,0,300.0
538008115,1717878482,34.424549,128.997452,122.0,0,300.0
538008115,1717878493,34.425098,128.997833,122.0,0,300.0
538008115,1717878504,34.425583,128.998199,122.0,0,300.0
538008115,1717878513,34.426083,128.99855,122.0,0,300.0
538008115,1717878522,34.426517,128.998871,122.0,0,300.0
538008115,1717878533,34.427017,128.999222,122.0,0,300.0
538008115,1717878553,34.428051,128.999954,123.0,0,300.0
538008115,1717878564,34.4286,129.000351,123.0,0,300.0
538008115,1717878573,34.42905,129.000671,123.0,0,300.0
538008115,1717878593,34.430035,129.001373,123.0,0,300.0
538008115,1717878602,34.430485,129.001678,123.0,0,300.0
538008115,1717878613,34.431034,129.00206,123.0,0,300.0
538008115,1717878624,34.431519,129.002411,123.0,0,290.0
538008115,1717878633,34.432018,129.002747,122.0,0,290.0
538008115,1717878642,34.432468,129.003067,122.0,0,290.0
538008115,1717878653,34.432968,129.003418,122.0,0,290.0
538008115,1717878684,34.434502,129.004486,122.0,0,290.0
538008115,1717878693,34.434952,129.004807,122.0,0,290.0
538008115,1717878713,34.435982,129.005539,123.0,0,300.0
538008115,1717878722,34.436432,129.005844,123.0,0,300.0
538008115,1717878734,34.437035,129.006271,123.0,0,300.0
538008115,1717878754,34.437965,129.006943,123.0,0,300.0
538008115,1717878782,34.4394,129.007965,123.0,0,300.0
538008115,1717878794,34.439949,129.008347,123.0,0,300.0
538008115,1717878803,34.440399,129.008667,123.0,0,300.0
538008115,1717878814,34.440948,129.009048,123.0,0,300.0
538008115,1717878834,34.441933,129.009766,123.0,0,300.0
538008115,1717878842,34.442383,129.010071,123.0,0,300.0
538008115,1717878854,34.442982,129.010498,123.0,0,300.0
538008115,1717878863,34.443432,129.010803,123.0,0,290.0
538008115,1717878883,34.444431,129.011505,122.0,0,290.0
538008115,1717878893,34.444935,129.011856,122.0,0,290.0
538008115,1717878902,34.445381,129.012161,122.0,0,290.0
538008115,1717878914,34.445984,129.012573,122.0,0,290.0
538008115,1717878923,34.446434,129.012878,122.0,0,290.0
538008115,1717878934,34.446934,129.013229,122.0,0,290.0
538008115,1717878962,34.448383,129.014236,123.0,0,290.0
538008115,1717878974,34.448917,129.014618,123.0,0,300.0
538008115,1717878983,34.449368,129.014938,123.0,0,300.0
538008115,1717878994,34.449917,129.01532,124.0,0,300.0
538008115,1717879003,34.450401,129.015686,124.0,0,300.0
538008115,1717879013,34.450951,129.016068,124.0,0,300.0
538008115,1717879022,34.451351,129.016357,123.0,0,300.0
538008115,1717879034,34.451935,129.016785,123.0,0,300.0
538008115,1717879043,34.452381,129.017105,123.0,0,300.0
538008115,1717879063,34.453384,129.017822,124.0,0,300.0
538008115,1717879073,34.453869,129.018173,124.0,0,300.0
538008115,1717879094,34.454868,129.01886,123.0,0,300.0
538008115,1717879104,34.455368,129.019211,123.0,0,300.0
538008115,1717879114,34.455868,129.019562,123.0,0,290.0
538008115,1717879123,34.456367,129.019913,123.0,0,300.0
538008115,1717879133,34.456867,129.020264,123.0,0,300.0
538008115,1717879154,34.457901,129.020996,124.0,0,300.0
538008115,1717879203,34.46035,129.022736,124.0,0,290.0
538008115,1717879214,34.460899,129.023117,123.0,0,290.0
538008115,1717879224,34.461399,129.023468,123.0,0,300.0
538008115,1717879234,34.461849,129.023788,124.0,0,300.0
538008115,1717879243,34.462334,129.024139,124.0,0,300.0
538008115,1717879253,34.462784,129.024445,124.0,0,300.0
538008115,1717879274,34.463833,129.025177,124.0,0,300.0
538008115,1717879284,34.464317,129.025543,124.0,0,300.0
538008115,1717879294,34.464817,129.025894,124.0,0,300.0
538008115,1717879303,34.465366,129.026276,124.0,0,300.0
538008115,1717879313,34.465816,129.026611,124.0,0,300.0
538008115,1717879334,34.46685,129.027374,124.0,0,300.0
538008115,1717879344,34.46735,129.02771,124.0,0,300.0
538008115,1717879363,34.468285,129.028381,124.0,0,300.0
538008115,1717879373,34.468784,129.028748,124.0,0,300.0
538008115,1717879383,34.469284,129.029099,124.0,0,300.0
538008115,1717879403,34.470234,129.02977,124.0,0,300.0
538008115,1717879416,34.470768,129.030167,124.0,0,300.0
538008115,1717879423,34.471218,129.030472,124.0,0,300.0
538008115,1717879443,34.472267,129.031219,124.0,0,300.0
538008115,1717879463,34.473267,129.031906,124.0,0,290.0
538008115,1717879474,34.473816,129.032288,123.0,0,290.0
538008115,1717879493,34.474766,129.032944,123.0,0,300.0
538008115,1717879534,34.476749,129.034363,124.0,0,300.0
538008115,1717879543,34.4772,129.034683,124.0,0,300.0
538008115,1717879563,34.478249,129.035416,124.0,0,300.0
538008115,1717879573,34.478699,129.035751,124.0,0,300.0
538008115,1717879583,34.479198,129.036102,124.0,0,300.0
538008115,1717879592,34.479698,129.036453,124.0,0,300.0
538008115,1717879603,34.480183,129.036804,124.0,0,300.0
538008115,1717879623,34.481232,129.037552,124.0,0,300.0
538008115,1717879633,34.481731,129.037903,124.0,0,300.0
538008115,1717879643,34.482231,129.038254,124.0,0,300.0
538008115,1717879652,34.482681,129.038589,124.0,0,300.0
538008115,1717879663,34.483185,129.03894,124.0,0,300.0
538008115,1717879683,34.484234,129.039673,124.0,0,300.0
538008115,1717879712,34.485668,129.04068,124.0,0,300.0
538008115,1717879763,34.488216,129.04248,124.0,0,300.0
538008115,1717879772,34.488667,129.042801,124.0,0,300.0
538008115,1717879783,34.489216,129.043198,124.0,0,300.0
538008115,1717879824,34.491249,129.044647,124.0,0,300.0
538008115,1717879832,34.49165,129.044937,124.0,0,300.0
538008115,1717879843,34.492149,129.045288,124.0,0,300.0
538008115,1717879852,34.492649,129.045639,124.0,0,300.0
538008115,1717879863,34.493198,129.046036,124.0,0,300.0
538008115,1717879884,34.494217,129.046722,124.0,0,300.0
538008115,1717879892,34.494667,129.047043,124.0,0,300.0
538008115,1717879903,34.495216,129.04744,124.0,0,300.0
538008115,1717879912,34.495667,129.047745,124.0,0,300.0
538008115,1717879923,34.496216,129.048126,124.0,0,300.0
538008115,1717879953,34.4977,129.049194,124.0,0,300.0
538008115,1717879963,34.498199,129.049545,124.0,0,300.0
538008115,1717879983,34.499199,129.050247,124.0,0,300.0
538008115,1717879993,34.499649,129.050568,124.0,0,300.0
538008115,1717880004,34.500252,129.05098,124.0,0,290.0
538008115,1717880023,34.501148,129.05162,124.0,0,290.0
538008115,1717880032,34.501652,129.051971,124.0,0,290.0
538008115,1717880043,34.502151,129.052322,124.0,0,290.0
538008115,1717880053,34.502701,129.052704,124.0,0,290.0
538008115,1717880083,34.5042,129.053726,124.0,0,290.0
538008115,1717880092,34.50465,129.054047,124.0,0,290.0
538008115,1717880103,34.505199,129.054428,124.0,0,290.0
538008115,1717880113,34.505699,129.054779,124.0,0,290.0
538008115,1717880124,34.506268,129.055161,124.0,0,290.0
538008115,1717880143,34.507183,129.055801,123.0,0,290.0
538008115,1717880184,34.509232,129.057236,124.0,0,300.0
538008115,1717880203,34.510216,129.057953,123.0,0,300.0
538008115,1717880213,34.5107,129.058304,123.0,0,300.0
538008115,1717880233,34.511684,129.059021,123.0,0,310.0
538008115,1717880244,34.512234,129.059418,123.0,0,310.0
538008115,1717880252,34.512634,129.059692,123.0,0,310.0
538008115,1717880293,34.514648,129.061172,123.0,0,300.0
538008115,1717880304,34.515148,129.061523,123.0,0,300.0
538008115,1717880312,34.515598,129.061829,123.0,0,300.0
538008115,1717880324,34.516167,129.062241,124.0,0,300.0
538008115,1717880343,34.517117,129.062912,124.0,0,300.0
538008115,1717880364,34.5182,129.063705,124.0,0,300.0
538008115,1717880384,34.519199,129.064407,124.0,0,300.0
538008115,1717880393,34.51965,129.064713,124.0,0,300.0
538008115,1717880403,34.520149,129.065079,124.0,0,300.0
538008115,1717880432,34.521584,129.066101,124.0,0,300.0
538008115,1717880453,34.522583,129.066818,124.0,0,300.0
538008115,1717880474,34.523617,129.067566,124.0,0,300.0
538008115,1717880492,34.524567,129.068253,124.0,0,300.0
538008115,1717880504,34.525166,129.068665,124.0,0,300.0
538008115,1717880522,34.526066,129.069305,124.0,0,300.0
538008115,1717880534,34.526669,129.069733,124.0,0,300.0
538008115,1717880544,34.527168,129.070084,124.0,0,300.0
538008115,1717880552,34.527569,129.070374,124.0,0,300.0
538008115,1717880564,34.528168,129.070801,124.0,0,300.0
538008115,1717880574,34.528618,129.071121,124.0,0,300.0
538008115,1717880582,34.529049,129.071457,124.0,0,300.0
538008115,1717880602,34.530048,129.072174,124.0,0,300.0
538008115,1717880642,34.532066,129.073532,123.0,0,280.0
538008115,1717880684,34.534199,129.074921,124.0,0,270.0
538008115,1717880702,34.535133,129.075485,124.0,0,270.0
538008115,1717880714,34.535751,129.075867,124.0,0,260.0
538008115,1717880733,34.536732,129.076462,124.0,0,260.0
538008115,1717880744,34.5373,129.076813,124.0,0,260.0
538008115,1717880753,34.537766,129.077103,124.0,0,260.0
538008115,1717880774,34.538784,129.077728,124.0,0,260.0
538008115,1717880804,34.540382,129.07872,124.0,0,270.0
538008115,1717880814,34.540882,129.079056,124.0,0,270.0
538008115,1717880822,34.541351,129.07933,124.0,0,270.0
538008115,1717880823,34.541351,129.07933,124.0,0,270.0
538008115,1717880834,34.541916,129.079681,124.0,0,270.0
538008115,1717880882,34.544369,129.081238,124.0,0,270.0
538008115,1717880902,34.545399,129.081879,124.0,0,270.0
538008115,1717880913,34.545918,129.082214,124.0,0,270.0
538008115,1717880924,34.546501,129.082565,124.0,0,270.0
538008115,1717880942,34.547466,129.083176,124.0,0,270.0
538008115,1717880954,34.548035,129.083527,124.0,0,270.0
538008115,1717880962,34.5485,129.083817,124.0,0,270.0
538008115,1717880973,34.549,129.084152,124.0,0,270.0
538008115,1717880984,34.549618,129.084534,124.0,0,270.0
538008115,1717880993,34.550083,129.084824,124.0,0,270.0
538008115,1717881022,34.551582,129.085739,124.0,0,260.0
538008115,1717881023,34.551582,129.085739,124.0,0,260.0
538008115,1717881033,34.552151,129.08609,124.0,0,260.0
538008115,1717881044,34.552734,129.086411,124.0,0,270.0
538008115,1717881053,34.55315,129.086685,124.0,0,270.0
538008115,1717881074,34.554218,129.087357,124.0,0,270.0
538008115,1717881082,34.554684,129.087631,124.0,0,270.0
538008115,1717881113,34.556232,129.088577,124.0,0,270.0
538008115,1717881123,34.556782,129.088928,124.0,0,270.0
538008115,1717881134,34.557365,129.089279,124.0,0,270.0
538008115,1717881142,34.557781,129.089539,124.0,0,270.0
538008115,1717881153,34.55835,129.08989,124.0,0,270.0
538008115,1717881164,34.558918,129.09024,124.0,0,270.0
538008115,1717881173,34.559319,129.090485,124.0,0,270.0
538008115,1717881202,34.560883,129.091431,124.0,0,260.0
538008115,1717881213,34.561451,129.091782,124.0,0,260.0
538008115,1717881223,34.561916,129.092072,124.0,0,260.0
538008115,1717881233,34.562431,129.092377,124.0,0,260.0
538008115,1717881242,34.56295,129.092697,124.0,0,260.0
538008115,1717881253,34.563465,129.093018,124.0,0,260.0
538008115,1717881262,34.563934,129.093307,124.0,0,270.0
538008115,1717881283,34.565067,129.093994,124.0,0,270.0
538008115,1717881313,34.566551,129.094971,124.0,0,270.0
538008115,1717881322,34.567017,129.095245,124.0,0,270.0
538008115,1717881354,34.5686,129.096237,124.0,0,270.0
538008115,1717881362,34.569065,129.096527,124.0,0,260.0
538008115,1717881382,34.570099,129.097168,124.0,0,270.0
538008115,1717881442,34.573235,129.099121,124.0,0,270.0
538008115,1717881452,34.5737,129.099411,124.0,0,270.0
538008115,1717881463,34.574219,129.099731,124.0,0,270.0
538008115,1717881482,34.575249,129.100372,124.0,0,270.0
538008115,1717881483,34.575249,129.100372,124.0,0,270.0
538008115,1717881584,34.580502,129.103638,124.0,0,270.0
538008115,1717881604,34.581516,129.104263,124.0,0,270.0
538008115,1717881623,34.582451,129.104828,124.0,0,270.0
538008115,1717881644,34.583584,129.10553,124.0,0,270.0
538008115,1717881654,34.584034,129.105835,124.0,0,270.0
538008115,1717881673,34.585018,129.10643,124.0,0,270.0
538008115,1717881704,34.586601,129.107422,124.0,0,270.0
538008115,1717881724,34.587685,129.108078,124.0,0,270.0
538008115,1717881754,34.589233,129.109055,124.0,0,270.0
538008115,1717881783,34.590717,129.10997,124.0,0,270.0
538008115,1717881793,34.591167,129.11026,124.0,0,270.0
538008115,1717881803,34.591732,129.110611,124.0,0,270.0
538008115,1717881814,34.592251,129.110931,124.0,0,270.0
538008115,1717881834,34.593266,129.111588,124.0,0,270.0
538008115,1717881843,34.593735,129.111877,124.0,0,270.0
538008115,1717881853,34.594234,129.112198,124.0,0,270.0
538008115,1717881863,34.594799,129.112564,124.0,0,270.0
538008115,1717881874,34.595348,129.112915,124.0,0,270.0
538008115,1717881903,34.596832,129.113861,124.0,0,280.0
538008115,1717881923,34.597851,129.114532,124.0,0,280.0
538008115,1717881954,34.599434,129.115555,124.0,0,270.0
538008115,1717881963,34.599834,129.115814,124.0,0,270.0
538008115,1717881983,34.600918,129.116501,124.0,0,270.0
538008115,1717881994,34.601418,129.116837,124.0,0,270.0
538008115,1717882044,34.603985,129.118454,124.0,0,270.0
538008115,1717882052,34.60445,129.118744,124.0,0,270.0
538008115,1717882063,34.605019,129.119095,124.0,0,270.0
538008115,1717882074,34.605568,129.119446,124.0,0,270.0
538008115,1717882104,34.607117,129.120422,124.0,0,270.0
538008115,1717882124,34.608082,129.121033,124.0,0,270.0
538008115,1717882134,34.60865,129.121399,124.0,0,270.0
538008115,1717882153,34.609566,129.121979,124.0,0,270.0
538008115,1717882164,34.610134,129.122345,124.0,0,270.0
538008115,1717882193,34.611649,129.123352,124.0,0,280.0
538008115,1717882205,34.612167,129.123672,124.0,0,280.0
538008115,1717882224,34.613232,129.124374,124.0,0,280.0
538008115,1717882232,34.613632,129.124634,124.0,0,280.0
538008115,1717882263,34.615215,129.125671,124.0,0,280.0
538008115,1717882284,34.616234,129.126312,124.0,0,280.0
538008115,1717882286,34.616234,129.126312,124.0,0,280.0
538008115,1717882294,34.616749,129.126648,124.0,0,280.0
538008115,1717882304,34.617249,129.126984,124.0,0,280.0
538008115,1717882323,34.618217,129.127625,124.0,0,280.0
538008115,1717882333,34.618782,129.127975,124.0,0,280.0
538008115,1717882354,34.61985,129.128677,124.0,0,280.0
538008115,1717882364,34.62035,129.128998,124.0,0,280.0
538008115,1717882393,34.621834,129.129974,124.0,0,280.0
538008115,1717882404,34.622383,129.13031,124.0,0,270.0
538008115,1717882453,34.624851,129.131882,124.0,0,270.0
538008115,1717882464,34.625401,129.132233,124.0,0,270.0
538008115,1717882524,34.628502,129.134277,124.0,0,290.0
538008115,1717882553,34.629951,129.135284,124.0,0,290.0
538008115,1717882573,34.630917,129.135956,124.0,0,290.0
538008115,1717882584,34.631466,129.136337,124.0,0,290.0
538008115,1717882594,34.63195,129.136688,124.0,0,290.0
538008115,1717882603,34.63245,129.137024,124.0,0,290.0
538008115,1717882613,34.6329,129.137329,124.0,0,290.0
538008115,1717882624,34.63345,129.137711,124.0,0,290.0
538008115,1717882654,34.635017,129.138763,123.0,0,290.0
538008115,1717882663,34.635468,129.139069,123.0,0,290.0
538008115,1717882672,34.635918,129.139389,123.0,0,290.0
538008115,1717882684,34.636517,129.139786,123.0,0,290.0
538008115,1717882693,34.636967,129.140106,123.0,0,290.0
538008115,1717882704,34.637466,129.140427,123.0,0,290.0
538008115,1717882723,34.638481,129.141113,123.0,0,290.0
538008115,1717882744,34.639484,129.1418,123.0,0,290.0
538008115,1717882764,34.640499,129.142487,123.0,0,290.0
538008115,1717882772,34.6409,129.142746,123.0,0,290.0
538008115,1717882792,34.641968,129.143463,123.0,0,290.0
538008115,1717882804,34.642551,129.14389,123.0,0,290.0
538008115,1717882813,34.643002,129.14418,123.0,0,290.0
538008115,1717882824,34.643551,129.144562,123.0,0,290.0
538008115,1717882832,34.643967,129.144836,123.0,0,290.0
538008115,1717882844,34.644566,129.145248,123.0,0,290.0
538008115,1717882883,34.646484,129.146561,123.0,0,290.0
538008115,1717882904,34.647484,129.147232,122.0,0,290.0
538008115,1717882912,34.647949,129.147537,123.0,0,280.0
538008115,1717882924,34.648499,129.147903,123.0,0,280.0
538008115,1717882943,34.649502,129.14856,123.0,0,280.0
538008115,1717882964,34.650551,129.149261,122.0,0,280.0
538008115,1717882972,34.650951,129.149536,122.0,0,280.0
538008115,1717882984,34.651531,129.149933,121.0,0,290.0
538008115,1717883003,34.652485,129.150589,122.0,0,290.0
538008115,1717883014,34.653034,129.150955,122.0,0,290.0
538008115,1717883032,34.653915,129.151566,122.0,0,290.0
538008115,1717883053,34.654949,129.152283,122.0,0,290.0
538008115,1717883063,34.655399,129.152588,122.0,0,290.0
538008115,1717883074,34.655949,129.152969,122.0,0,290.0
538008115,1717883084,34.656483,129.153351,122.0,0,290.0
538008115,1717883092,34.656883,129.15361,122.0,0,290.0
538008115,1717883113,34.657917,129.154343,122.0,0,300.0
538008115,1717883123,34.658401,129.154694,122.0,0,300.0
538008115,1717883144,34.659431,129.155411,122.0,0,300.0
538008115,1717883174,34.6609,129.156464,121.0,0,300.0
538008115,1717883183,34.661331,129.156769,121.0,0,300.0
538008115,1717883194,34.661865,129.15715,121.0,0,300.0
538008115,1717883204,34.662315,129.157471,121.0,0,300.0
538008115,1717883212,34.66275,129.157761,121.0,0,300.0
538008115,1717883223,34.66325,129.158112,121.0,0,300.0
538008115,1717883234,34.663834,129.158539,121.0,0,300.0
538008115,1717883243,34.664268,129.158844,121.0,0,300.0
538008115,1717883254,34.664818,129.159225,121.0,0,300.0
538008115,1717883264,34.665298,129.159561,121.0,0,300.0
538008115,1717883272,34.665684,129.159851,121.0,0,300.0
538008115,1717883294,34.666767,129.160599,121.0,0,290.0
538008115,1717883324,34.668201,129.161591,121.0,0,290.0
538008115,1717883343,34.669182,129.162262,121.0,0,290.0
538008115,1717883354,34.669716,129.162628,121.0,0,290.0
538008115,1717883364,34.670151,129.162949,120.0,0,290.0
538008115,1717883374,34.670631,129.163284,121.0,0,300.0
538008115,1717883394,34.671665,129.164017,121.0,0,300.0
538008115,1717883403,34.6721,129.164337,121.0,0,300.0
538008115,1717883424,34.673119,129.165054,121.0,0,300.0
538008115,1717883433,34.673569,129.165359,121.0,0,300.0
538008115,1717883463,34.675018,129.166382,121.0,0,290.0
538008115,1717883484,34.675999,129.167053,120.0,0,290.0
538008115,1717883493,34.676498,129.167389,120.0,0,290.0
538008115,1717883504,34.676983,129.167725,120.0,0,290.0
538008115,1717883514,34.677467,129.168045,120.0,0,290.0
538008115,1717883523,34.677952,129.168381,120.0,0,290.0
538008115,1717883533,34.678452,129.168716,120.0,0,290.0
538008115,1717883544,34.678982,129.169083,120.0,0,290.0
538008115,1717883553,34.679417,129.169403,119.0,0,290.0
538008115,1717883564,34.679951,129.169769,119.0,0,290.0
538008115,1717883574,34.680431,129.170105,119.0,0,290.0
538008115,1717883583,34.680866,129.170395,119.0,0,290.0
538008115,1717883604,34.681885,129.171097,119.0,0,290.0
538008115,1717883613,34.682316,129.171402,119.0,0,290.0
538008115,1717883624,34.6828,129.171753,119.0,0,290.0
538008115,1717883633,34.6833,129.172089,119.0,0,290.0
538008115,1717883643,34.683784,129.172424,119.0,0,290.0
538008115,1717883664,34.68475,129.17308,119.0,0,290.0
538008115,1717883673,34.685234,129.173431,119.0,0,290.0
538008115,1717883684,34.685768,129.173798,119.0,0,300.0
538008115,1717883724,34.687698,129.175171,119.0,0,300.0
538008115,1717883733,34.688133,129.175461,118.0,0,300.0
538008115,1717883753,34.689098,129.176147,118.0,0,300.0
538008115,1717883763,34.689583,129.176483,118.0,0,300.0
538008115,1717883784,34.690601,129.1772,118.0,0,300.0
538008115,1717883804,34.691517,129.177856,118.0,0,300.0
538008115,1717883813,34.692001,129.178177,118.0,0,300.0
538008115,1717883823,34.692432,129.178497,118.0,0,300.0
538008115,1717883844,34.693481,129.179245,118.0,0,300.0
538008115,1717883853,34.693916,129.17955,118.0,0,300.0
538008115,1717883864,34.69445,129.179932,118.0,0,300.0
538008115,1717883873,34.694881,129.180237,119.0,0,300.0
538008115,1717883883,34.695366,129.180588,119.0,0,300.0
538008115,1717883964,34.699284,129.183319,118.0,0,300.0
538008115,1717884013,34.701649,129.184967,118.0,0,290.0
538008115,1717884024,34.702168,129.185349,118.0,0,290.0
538008115,1717884043,34.703083,129.185989,118.0,0,300.0
538008115,1717884064,34.704048,129.186661,118.0,0,300.0
538008115,1717884073,34.704483,129.186966,118.0,0,300.0
538008115,1717884083,34.704967,129.187302,118.0,0,290.0
538008115,1717884124,34.706932,129.18866,118.0,0,290.0
538008115,1717884134,34.707466,129.189026,118.0,0,290.0
538008115,1717884143,34.707901,129.189331,118.0,0,290.0
538008115,1717884163,34.708866,129.190002,118.0,0,290.0
538008115,1717884184,34.709885,129.190704,118.0,0,290.0
538008115,1717884194,34.710365,129.19101,118.0,0,290.0
538008115,1717884203,34.710751,129.191284,118.0,0,290.0
538008115,1717884223,34.711716,129.191956,118.0,0,290.0
538008115,1717884244,34.712734,129.192627,118.0,0,280.0
538008115,1717884254,34.713234,129.192947,118.0,0,280.0
538008115,1717884263,34.713669,129.193253,118.0,0,280.0
538008115,1717884292,34.715168,129.194244,118.0,0,280.0
538008115,1717884304,34.715717,129.194595,118.0,0,280.0
538008115,1717884314,34.716202,129.194931,118.0,0,280.0
538008115,1717884352,34.718067,129.196152,118.0,0,280.0
538008115,1717884364,34.718651,129.196533,118.0,0,280.0
538008115,1717884374,34.719151,129.196854,119.0,0,280.0
538008115,1717884383,34.719532,129.197098,119.0,0,280.0
538008115,1717884387,34.719532,129.197098,119.0,0,280.0
538008115,1717884424,34.721565,129.19841,119.0,0,280.0
538008115,1717884434,34.72205,129.198746,119.0,0,280.0
538008115,1717884463,34.723534,129.199707,119.0,0,270.0
538008115,1717884484,34.724567,129.200363,119.0,0,280.0
538008115,1717884503,34.725468,129.200943,119.0,0,280.0
538008115,1717884513,34.726002,129.201324,119.0,0,280.0
538008115,1717884523,34.726501,129.20163,119.0,0,280.0
538008115,1717884533,34.726933,129.201935,119.0,0,280.0
538008115,1717884543,34.727482,129.202286,119.0,0,280.0
538008115,1717884563,34.728432,129.202896,119.0,0,280.0
538008115,1717884564,34.728432,129.202896,119.0,0,280.0
538008115,1717884614,34.730999,129.204605,120.0,0,280.0
538008115,1717884623,34.731449,129.20488,120.0,0,280.0
538008115,1717884652,34.732883,129.205826,120.0,0,280.0
538008115,1717884663,34.733418,129.206207,120.0,0,280.0
538008115,1717884724,34.736366,129.208237,120.0,0,300.0
538008115,1717884743,34.737331,129.208939,120.0,0,300.0
538008115,1717884783,34.739265,129.210342,120.0,0,310.0
538008115,1717884784,34.739265,129.210342,120.0,0,310.0
538008115,1717884792,34.7397,129.210663,120.0,0,310.0
538008115,1717884834,34.741684,129.212112,120.0,0,300.0
538008115,1717884844,34.742168,129.212463,120.0,0,300.0
538008115,1717884852,34.742619,129.212784,120.0,0,300.0
538008115,1717884864,34.743149,129.213165,120.0,0,300.0
538008115,1717884894,34.744667,129.214233,120.0,0,300.0
538008115,1717884905,34.745152,129.214584,120.0,0,300.0
538008115,1717884924,34.746132,129.215271,120.0,0,300.0
538008115,1717884934,34.746567,129.215576,120.0,0,300.0
538008115,1717884972,34.748482,129.216934,120.0,0,300.0
538008115,1717884984,34.749016,129.217316,120.0,0,300.0
538008115,1717884993,34.7495,129.217667,120.0,0,300.0
538008115,1717885003,34.74995,129.217972,120.0,0,300.0
538008115,1717885044,34.752018,129.219421,121.0,0,300.0
538008115,1717885063,34.752949,129.220078,121.0,0,300.0
538008115,1717885074,34.753483,129.220474,121.0,0,300.0
538008115,1717885084,34.753983,129.22081,121.0,0,300.0
538008115,1717885092,34.754368,129.2211,121.0,0,300.0
538008115,1717885104,34.754951,129.221512,121.0,0,300.0
538008115,1717885112,34.755348,129.221802,121.0,0,300.0
538008115,1717885123,34.755882,129.222198,121.0,0,300.0
538008115,1717885144,34.756851,129.222916,121.0,0,310.0
538008115,1717885152,34.757301,129.223236,121.0,0,310.0
538008115,1717885164,34.757832,129.223633,121.0,0,310.0
538008115,1717885172,34.758266,129.223969,121.0,0,310.0
538008115,1717885194,34.75935,129.224747,121.0,0,310.0
538008115,1717885223,34.76075,129.2258,122.0,0,310.0
538008115,1717885232,34.7612,129.22612,122.0,0,310.0
538008115,1717885243,34.761734,129.226517,122.0,0,310.0
538008115,1717885262,34.762669,129.227203,122.0,0,310.0
538008115,1717885273,34.763199,129.227585,122.0,0,310.0
538008115,1717885292,34.764133,129.228271,121.0,0,300.0
538008115,1717885303,34.764618,129.228638,121.0,0,300.0
538008115,1717885322,34.765598,129.229355,123.0,0,310.0
538008115,1717885344,34.766682,129.230148,123.0,0,310.0
538008115,1717885352,34.767067,129.230438,123.0,0,310.0
538008115,1717885363,34.767616,129.230835,123.0,0,310.0
538008115,1717885383,34.768551,129.231522,123.0,0,310.0
538008115,1717885404,34.769585,129.232285,123.0,0,310.0
538008115,1717885412,34.770016,129.232605,123.0,0,310.0
538008115,1717885434,34.771049,129.233368,123.0,0,310.0
538008115,1717885443,34.7715,129.233688,123.0,0,310.0
538008115,1717885463,34.772533,129.234451,123.0,0,310.0
538008115,1717885472,34.772984,129.234787,123.0,0,310.0
538008115,1717885483,34.773518,129.235184,123.0,0,310.0
538008115,1717885484,34.773518,129.235184,123.0,0,310.0
538008115,1717885494,34.774017,129.235535,123.0,0,310.0
538008115,1717885503,34.774448,129.23587,123.0,0,310.0
538008115,1717885523,34.775482,129.236649,124.0,0,310.0
538008115,1717885534,34.776031,129.237045,123.0,0,310.0
538008115,1717885554,34.776966,129.237747,124.0,0,310.0
538008115,1717885563,34.777451,129.238113,123.0,0,310.0
538008115,1717885583,34.77845,129.238831,124.0,0,300.0
538008115,1717885594,34.77895,129.239182,124.0,0,300.0
538008115,1717885603,34.779449,129.239532,124.0,0,300.0
538008115,1717885614,34.779949,129.239883,124.0,0,290.0
538008115,1717885623,34.780399,129.240204,124.0,0,290.0
538008115,1717885643,34.781467,129.240906,124.0,0,280.0
538008115,1717885674,34.783051,129.241913,124.0,0,270.0
538008115,1717885683,34.783516,129.242218,124.0,0,270.0
538008115,1717885692,34.783966,129.242523,124.0,0,270.0
538008115,1717885704,34.784534,129.242874,124.0,0,270.0
538008115,1717885714,34.785099,129.24324,124.0,0,270.0
538008115,1717885723,34.785568,129.24353,123.0,0,270.0
538008115,1717885734,34.786118,129.243896,123.0,0,270.0
538008115,1717885743,34.786583,129.244186,123.0,0,280.0
538008115,1717885763,34.787601,129.244873,124.0,0,280.0
538008115,1717885774,34.788116,129.245193,124.0,0,280.0
538008115,1717885784,34.788616,129.245529,124.0,0,280.0
538008115,1717885794,34.789131,129.24588,124.0,0,280.0
538008115,1717885803,34.78965,129.246216,124.0,0,280.0
538008115,1717885812,34.7901,129.246536,124.0,0,280.0
538008115,1717885834,34.791218,129.247284,124.0,0,290.0
538008115,1717885843,34.791683,129.247604,124.0,0,280.0
538008115,1717885854,34.792233,129.247971,124.0,0,280.0
538008115,1717885872,34.793152,129.248581,124.0,0,280.0
538008115,1717885884,34.793766,129.248993,124.0,0,280.0
538008115,1717885894,34.794216,129.249298,124.0,0,280.0
538008115,1717885903,34.794731,129.249649,124.0,0,280.0
538008115,1717885923,34.7957,129.250305,124.0,0,290.0
538008115,1717885932,34.7962,129.250656,124.0,0,290.0
538008115,1717885954,34.797318,129.251404,124.0,0,290.0
538008115,1717885963,34.797768,129.251724,124.0,0,290.0
538008115,1717885983,34.798782,129.252411,124.0,0,290.0
538008115,1717885985,34.798782,129.252411,124.0,0,290.0
538008115,1717885994,34.799332,129.252777,124.0,0,290.0
538008115,1717886014,34.80035,129.253464,124.0,0,290.0
538008115,1717886023,34.800816,129.253784,124.0,0,290.0
538008115,1717886034,34.801369,129.25415,124.0,0,290.0
538008115,1717886043,34.801834,129.254471,124.0,0,290.0
538008115,1717886054,34.802383,129.254852,124.0,0,290.0
538008115,1717886083,34.803848,129.255829,124.0,0,290.0
538008115,1717886103,34.804867,129.256516,124.0,0,290.0
538008115,1717886104,34.804867,129.256516,124.0,0,290.0
538008115,1717886114,34.805416,129.256897,124.0,0,290.0
538008115,1717886124,34.805935,129.257233,124.0,0,290.0
538008115,1717886134,34.806435,129.257584,124.0,0,280.0
538008115,1717886154,34.807449,129.25827,124.0,0,280.0
538008115,1717886163,34.807899,129.25856,124.0,0,280.0
538008115,1717886174,34.808468,129.258926,124.0,0,280.0
538008115,1717886184,34.808968,129.259262,124.0,0,280.0
538008115,1717886193,34.809383,129.259537,124.0,0,280.0
538008115,1717886203,34.809933,129.259903,124.0,0,280.0
538008115,1717886212,34.810398,129.260193,124.0,0,280.0
538008115,1717886223,34.810951,129.260574,124.0,0,280.0
538008115,1717886234,34.811466,129.260895,123.0,0,280.0
538008115,1717886244,34.811966,129.261246,124.0,0,280.0
538008115,1717886253,34.812485,129.261581,124.0,0,280.0
538008115,1717886272,34.813484,129.262253,123.0,0,280.0
538008115,1717886294,34.814548,129.262955,123.0,0,280.0
538008115,1717886304,34.815067,129.263306,123.0,0,280.0
538008115,1717886313,34.815517,129.263596,123.0,0,280.0
538008115,1717886323,34.816017,129.263931,123.0,0,280.0
538008115,1717886333,34.816467,129.264252,123.0,0,280.0
538008115,1717886343,34.817017,129.264618,123.0,0,290.0
538008115,1717886354,34.817532,129.264969,123.0,0,290.0
538008115,1717886364,34.818031,129.265305,123.0,0,290.0
538008115,1717886373,34.818481,129.265594,123.0,0,290.0
538008115,1717886393,34.8195,129.266281,123.0,0,290.0
538008115,1717886414,34.820599,129.267029,123.0,0,290.0
538008115,1717886433,34.821548,129.267685,123.0,0,290.0
538008115,1717886452,34.822498,129.268326,123.0,0,280.0
538008115,1717886464,34.823116,129.268738,123.0,0,280.0
538008115,1717886474,34.823616,129.269073,123.0,0,280.0
538008115,1717886502,34.825016,129.270004,123.0,0,280.0
538008115,1717886512,34.825516,129.27034,122.0,0,280.0
538008115,1717886524,34.826069,129.270721,122.0,0,280.0
538008115,1717886534,34.826569,129.271057,122.0,0,280.0
538008115,1717886554,34.827618,129.271744,122.0,0,280.0
538008115,1717886572,34.828583,129.272369,122.0,0,280.0
538008115,1717886584,34.829132,129.272736,122.0,0,280.0
538008115,1717886594,34.829651,129.273071,122.0,0,280.0
538008115,1717886614,34.83065,129.273712,122.0,0,280.0
538008115,1717886633,34.831566,129.274323,122.0,0,280.0
538008115,1717886644,34.832169,129.274719,122.0,0,280.0
538008115,1717886654,34.832619,129.275024,122.0,0,280.0
538008115,1717886664,34.833118,129.27533,122.0,0,280.0
538008115,1717886674,34.833633,129.275665,122.0,0,280.0
538008115,1717886704,34.835201,129.276688,122.0,0,280.0
538008115,1717886714,34.835701,129.277023,122.0,0,280.0
538008115,1717886724,34.836201,129.277344,122.0,0,280.0
538008115,1717886744,34.8372,129.278015,122.0,0,280.0
538008115,1717886752,34.837601,129.27829,122.0,0,280.0
538008115,1717886764,34.838219,129.278671,122.0,0,280.0
538008115,1717886774,34.838718,129.279022,122.0,0,280.0
538008115,1717886784,34.839218,129.279343,122.0,0,280.0
538008115,1717886794,34.839718,129.279678,122.0,0,280.0
538008115,1717886804,34.840168,129.279984,122.0,0,290.0
538008115,1717886812,34.840618,129.280289,122.0,0,290.0
538008115,1717886844,34.842167,129.281326,122.0,0,280.0
538008115,1717886854,34.842667,129.281662,122.0,0,280.0
538008115,1717886864,34.843216,129.282028,122.0,0,280.0
538008115,1717886872,34.843616,129.282303,122.0,0,280.0
538008115,1717886885,34.844234,129.2827,122.0,0,280.0
538008115,1717886893,34.844685,129.283005,122.0,0,280.0
538008115,1717886904,34.845234,129.283371,122.0,0,280.0
538008115,1717886914,34.845718,129.283722,122.0,0,280.0
538008115,1717886924,34.846218,129.284058,122.0,0,270.0
538008115,1717886932,34.846619,129.284302,121.0,0,270.0
538008115,1717886943,34.847183,129.284668,121.0,0,270.0
538008115,1717886964,34.848183,129.285339,121.0,0,280.0
538008115,1717886973,34.848682,129.28566,121.0,0,280.0
538008115,1717886984,34.849182,129.285995,121.0,0,280.0
538008115,1717886992,34.849632,129.286301,121.0,0,280.0
538008115,1717887003,34.850132,129.286652,121.0,0,290.0
538008115,1717887024,34.851234,129.287399,121.0,0,290.0
538008115,1717887044,34.852234,129.288101,121.0,0,300.0
538008115,1717887052,34.852634,129.288376,121.0,0,300.0
538008115,1717887073,34.853668,129.289124,122.0,0,300.0
538008115,1717887084,34.854168,129.289474,122.0,0,300.0
538008115,1717887123,34.856083,129.290848,123.0,0,300.0
538008115,1717887132,34.856583,129.291199,123.0,0,300.0
538008115,1717887144,34.857132,129.291595,123.0,0,300.0
538008115,1717887164,34.858166,129.292328,123.0,0,300.0
538008115,1717887183,34.8591,129.293015,123.0,0,300.0
538008115,1717887192,34.85955,129.293335,123.0,0,300.0
538008115,1717887204,34.860149,129.293747,123.0,0,300.0
538008115,1717887222,34.86105,129.294388,123.0,0,300.0
538008115,1717887233,34.861584,129.294769,123.0,0,300.0
538008115,1717887252,34.862534,129.29541,123.0,0,290.0
538008115,1717887264,34.863083,129.295807,123.0,0,290.0
538008115,1717887293,34.864532,129.296799,123.0,0,290.0
538008115,1717887303,34.865082,129.29718,123.0,0,290.0
538008115,1717887312,34.865532,129.297485,123.0,0,290.0
538008115,1717887332,34.866585,129.298203,123.0,0,290.0
538008115,1717887342,34.867031,129.298523,123.0,0,290.0
538008115,1717887353,34.867584,129.298889,123.0,0,280.0
538008115,1717887363,34.868084,129.29921,122.0,0,280.0
538008115,1717887372,34.868534,129.299515,122.0,0,280.0
538008115,1717887384,34.869148,129.299911,122.0,0,280.0
538008115,1717887392,34.869549,129.300186,122.0,0,280.0
538008115,1717887402,34.870049,129.300522,122.0,0,280.0
538008115,1717887413,34.870602,129.300903,122.0,0,280.0
538008115,1717887423,34.871117,129.301239,122.0,0,280.0
538008115,1717887444,34.872116,129.301895,122.0,0,280.0
538008115,1717887462,34.873081,129.302536,122.0,0,280.0
538008115,1717887473,34.873634,129.302917,122.0,0,280.0
538008115,1717887483,34.874134,129.303253,122.0,0,280.0
538008115,1717887492,34.874584,129.303574,122.0,0,290.0
538008115,1717887504,34.875183,129.303986,122.0,0,290.0
538008115,1717887512,34.875584,129.304245,122.0,0,290.0
538008115,1717887522,34.876083,129.304596,122.0,0,300.0
538008115,1717887532,34.876583,129.304947,122.0,0,300.0
538008115,1717887564,34.878117,129.306046,122.0,0,310.0
538008115,1717887573,34.878551,129.306381,122.0,0,310.0
538008115,1717887592,34.879532,129.307114,122.0,0,320.0
538008115,1717887603,34.880051,129.307526,122.0,0,320.0
538008115,1717887624,34.881065,129.308319,122.0,0,320.0
538008115,1717887633,34.8815,129.308655,122.0,0,320.0
538008115,1717887644,34.88205,129.309067,122.0,0,320.0
538008115,1717887684,34.883999,129.310532,122.0,0,310.0
538008115,1717887692,34.884384,129.310837,122.0,0,310.0
538008115,1717887704,34.884918,129.311234,122.0,0,310.0
538008115,1717887724,34.885899,129.311966,122.0,0,310.0
538008115,1717887744,34.886883,129.312698,122.0,0,310.0
538008115,1717887752,34.887318,129.313019,122.0,0,310.0
538008115,1717887764,34.887867,129.313416,122.0,0,310.0
538008115,1717887772,34.888351,129.313782,122.0,0,310.0
538008115,1717887794,34.889381,129.314545,122.0,0,300.0
538008115,1717887812,34.890266,129.315201,122.0,0,310.0
538008115,1717887824,34.890865,129.315628,122.0,0,310.0
538008115,1717887829,34.890865,129.315628,122.0,0,310.0
538008115,1717887854,34.892319,129.316772,122.0,0,310.0
538008115,1717887864,34.89275,129.317093,122.0,0,310.0
538008115,1717887884,34.893719,129.317841,122.0,0,310.0
538008115,1717887904,34.894699,129.318588,122.0,0,320.0
538008115,1717887924,34.895718,129.319382,122.0,0,320.0
538008115,1717887932,34.896099,129.319687,122.0,0,320.0
538008115,1717887942,34.896584,129.320068,122.0,0,320.0
538008115,1717887952,34.897068,129.320435,122.0,0,320.0
538008115,1717887964,34.897652,129.320908,122.0,0,320.0
538008115,1717887992,34.898998,129.321945,122.0,0,320.0
538008115,1717888002,34.899502,129.322327,122.0,0,320.0
538008115,1717888012,34.899982,129.322693,123.0,0,320.0
538008115,1717888024,34.900532,129.323105,123.0,0,320.0
538008115,1717888034,34.901085,129.323502,123.0,0,310.0
538008115,1717888044,34.901516,129.323822,123.0,0,310.0
538008115,1717888052,34.901966,129.324142,123.0,0,310.0
538008115,1717888062,34.902451,129.324493,123.0,0,300.0
538008115,1717888084,34.903549,129.325287,122.0,0,300.0
538008115,1717888094,34.904049,129.325638,122.0,0,300.0
538008115,1717888114,34.905048,129.32634,122.0,0,300.0
538008115,1717888122,34.905449,129.326614,122.0,0,300.0
538008115,1717888132,34.905949,129.326965,122.0,0,300.0
538008115,1717888144,34.906551,129.327393,122.0,0,300.0
538008115,1717888174,34.907982,129.328415,122.0,0,300.0
538008115,1717888182,34.908432,129.328735,122.0,0,300.0
538008115,1717888194,34.909,129.329117,122.0,0,300.0
538008115,1717888224,34.910549,129.330215,122.0,0,300.0
538008115,1717888242,34.911449,129.330856,122.0,0,300.0
538008115,1717888264,34.912552,129.331635,123.0,0,300.0
538008115,1717888272,34.912949,129.33194,123.0,0,300.0
538008115,1717888294,34.914001,129.332687,123.0,0,300.0
538008115,1717888304,34.914501,129.333038,123.0,0,300.0
538008115,1717888314,34.915051,129.33342,123.0,0,310.0
538008115,1717888324,34.91555,129.333786,123.0,0,300.0
538008115,1717888332,34.915951,129.334061,123.0,0,310.0
538008115,1717888354,34.916985,129.334839,123.0,0,310.0
538008115,1717888392,34.918934,129.336243,124.0,0,310.0
538008115,1717888404,34.919533,129.3367,124.0,0,300.0
538008115,1717888414,34.920033,129.337051,124.0,0,300.0
538008115,1717888452,34.921932,129.33844,123.0,0,310.0
538008115,1717888464,34.922482,129.338837,123.0,0,310.0
538008115,1717888512,34.924885,129.340714,124.0,0,330.0
538008115,1717888524,34.925419,129.341156,124.0,0,330.0
538008115,1717888534,34.925884,129.341553,124.0,0,330.0
538008115,1717888544,34.926418,129.34198,124.0,0,340.0
538008115,1717888573,34.927818,129.343124,124.0,0,330.0
538008115,1717888584,34.928299,129.343506,123.0,0,330.0
538008115,1717888594,34.928783,129.343887,123.0,0,330.0
538008115,1717888633,34.930683,129.345367,123.0,0,320.0
538008115,1717888644,34.931217,129.345779,123.0,0,320.0
538008115,1717888653,34.931717,129.346146,123.0,0,320.0
538008115,1717888664,34.932201,129.346512,123.0,0,310.0
538008115,1717888674,34.932701,129.346878,123.0,0,310.0
538008115,1717888683,34.933201,129.347244,123.0,0,310.0
538008115,1717888684,34.933201,129.347244,123.0,0,310.0
538008115,1717888693,34.933701,129.34761,123.0,0,300.0
538008115,1717888704,34.934235,129.348022,123.0,0,300.0
538008115,1717888724,34.935234,129.348724,123.0,0,300.0
538008115,1717888734,34.935734,129.34906,123.0,0,300.0
538008115,1717888743,34.936184,129.34938,123.0,0,300.0
538008115,1717888753,34.936634,129.349716,123.0,0,290.0
538008115,1717888763,34.937199,129.350098,123.0,0,300.0
538008115,1717888773,34.937698,129.350449,123.0,0,290.0
538008115,1717888803,34.939152,129.351471,123.0,0,300.0
538008115,1717888813,34.939651,129.351837,123.0,0,300.0
538008115,1717888833,34.94075,129.352615,123.0,0,300.0
538008115,1717888844,34.94125,129.352982,123.0,0,300.0
538008115,1717888854,34.94175,129.353348,123.0,0,300.0
538008115,1717888873,34.942699,129.354034,123.0,0,300.0
538008115,1717888883,34.943199,129.354401,123.0,0,310.0
538008115,1717888904,34.944199,129.355148,124.0,0,310.0
538008115,1717888923,34.945183,129.355881,124.0,0,310.0
538008115,1717888933,34.945633,129.356201,124.0,0,300.0
538008115,1717888954,34.946682,129.356964,123.0,0,300.0
538008115,1717888973,34.947701,129.357681,123.0,0,300.0
538008115,1717889033,34.950718,129.359802,123.0,0,300.0
538008115,1717889043,34.951233,129.360153,123.0,0,300.0
538008115,1717889044,34.951233,129.360153,123.0,0,300.0
538008115,1717889053,34.951733,129.360519,123.0,0,300.0
538008115,1717889074,34.952751,129.361221,123.0,0,300.0
538008115,1717889093,34.953701,129.361877,123.0,0,290.0
538008115,1717889113,34.954765,129.36264,123.0,0,300.0
538008115,1717889164,34.957283,129.364395,123.0,0,300.0
538008115,1717889173,34.957783,129.364746,123.0,0,290.0
538008115,1717889194,34.958851,129.365494,123.0,0,300.0
538008115,1717889204,34.959301,129.365814,123.0,0,300.0
538008115,1717889233,34.960815,129.366882,124.0,0,300.0
538008115,1717889242,34.961266,129.367218,124.0,0,300.0
538008115,1717889254,34.961819,129.367615,124.0,0,300.0
538008115,1717889264,34.962318,129.367981,124.0,0,300.0
538008115,1717889273,34.962818,129.368332,124.0,0,300.0
538008115,1717889283,34.963367,129.368729,124.0,0,300.0
538008115,1717889294,34.963867,129.369095,124.0,0,300.0
538008115,1717889302,34.964268,129.369385,124.0,0,290.0
538008115,1717889323,34.965332,129.370117,123.0,0,290.0
538008115,1717889333,34.965832,129.370453,123.0,0,290.0
538008115,1717889344,34.966351,129.370804,123.0,0,280.0
538008115,1717889362,34.967316,129.371429,123.0,0,270.0
538008115,1717889374,34.967869,129.37178,123.0,0,270.0
538008115,1717889384,34.968384,129.372101,123.0,0,260.0
538008115,1717889393,34.968849,129.37236,122.0,0,260.0
538008115,1717889405,34.969418,129.372696,122.0,0,250.0
538008115,1717889422,34.970417,129.373245,122.0,0,240.0
538008115,1717889434,34.97105,129.373581,122.0,0,230.0
538008115,1717889453,34.972034,129.3741,121.0,0,230.0
538008115,1717889464,34.972618,129.374405,121.0,0,220.0
538008115,1717889474,34.973148,129.374664,121.0,0,220.0
538008115,1717889482,34.973568,129.374863,121.0,0,220.0
538008115,1717889494,34.974152,129.375168,122.0,0,220.0
538008115,1717889503,34.974667,129.375427,122.0,0,220.0
538008115,1717889524,34.975735,129.375977,122.0,0,220.0
538008115,1717889542,34.976719,129.376511,122.0,0,230.0
538008115,1717889554,34.977283,129.376846,122.0,0,240.0
538008115,1717889564,34.977818,129.377136,122.0,0,240.0
538008115,1717889573,34.978283,129.37738,122.0,0,240.0
538008115,1717889584,34.978901,129.377747,122.0,0,240.0
538008115,1717889594,34.979416,129.378036,122.0,0,240.0
538008115,1717889602,34.979832,129.378265,121.0,0,250.0
538008115,1717889614,34.98045,129.378632,121.0,0,250.0
538008115,1717889624,34.980968,129.378937,121.0,0,250.0
538008115,1717889633,34.981434,129.379181,121.0,0,250.0
538008115,1717889644,34.982018,129.379517,121.0,0,240.0
538008115,1717889654,34.982533,129.379807,121.0,0,240.0
538008115,1717889662,34.982948,129.380035,121.0,0,240.0
538008115,1717889674,34.983517,129.380371,121.0,0,240.0
538008115,1717889684,34.984081,129.380676,121.0,0,240.0
538008115,1717889724,34.986118,129.381821,121.0,0,250.0
538008115,1717889744,34.987202,129.382446,121.0,0,250.0
538008115,1717889753,34.987667,129.382721,121.0,0,250.0
538008115,1717889784,34.989285,129.383621,122.0,0,240.0
538008115,1717889794,34.98975,129.383881,122.0,0,240.0
538008115,1717889804,34.990318,129.384216,122.0,0,250.0
538008115,1717889813,34.990799,129.384476,122.0,0,250.0
538008115,1717889824,34.991367,129.384796,122.0,0,250.0
538008115,1717889834,34.991833,129.385071,122.0,0,250.0
538008115,1717889844,34.992352,129.385345,122.0,0,240.0
538008115,1717889854,34.992882,129.385651,122.0,0,240.0
538008115,1717889864,34.993401,129.385956,122.0,0,240.0
538008115,1717889874,34.993916,129.38623,122.0,0,250.0
538008115,1717889894,34.995018,129.386856,122.0,0,240.0
538008115,1717889904,34.995533,129.387146,122.0,0,240.0
538008115,1717889914,34.996067,129.387436,122.0,0,240.0
538008115,1717889934,34.997101,129.388016,122.0,0,240.0
538008115,1717889944,34.997635,129.388306,122.0,0,240.0
538008115,1717889962,34.998566,129.388824,122.0,0,240.0
538008115,1717889974,34.999149,129.38913,122.0,0,240.0
538008115,1717889982,34.999619,129.389404,122.0,0,240.0
538008115,1717889994,35.000183,129.389709,122.0,0,240.0
538008115,1717890004,35.000717,129.390015,122.0,0,240.0
538008115,1717890014,35.001232,129.390305,122.0,0,240.0
538008115,1717890022,35.001701,129.390564,122.0,0,240.0
538008115,1717890034,35.002316,129.390915,122.0,0,240.0
538008115,1717890043,35.0028,129.39119,122.0,0,240.0
538008115,1717890064,35.003883,129.391785,122.0,0,240.0
538008115,1717890074,35.004417,129.39209,122.0,0,240.0
538008115,1717890082,35.004833,129.392319,122.0,0,240.0
538008115,1717890102,35.005882,129.392899,122.0,0,240.0
538008115,1717890103,35.005882,129.392899,122.0,0,240.0
538008115,1717890124,35.006966,129.393539,122.0,0,250.0
538008115,1717890154,35.008533,129.394424,122.0,0,250.0
538008115,1717890174,35.009567,129.395004,122.0,0,250.0
538008115,1717890193,35.010567,129.395569,122.0,0,240.0
538008115,1717890203,35.011082,129.395874,122.0,0,240.0
538008115,1717890214,35.011719,129.39621,122.0,0,240.0
538008115,1717890222,35.012135,129.396454,122.0,0,240.0
538008115,1717890243,35.013233,129.397049,123.0,0,240.0
538008115,1717890262,35.014233,129.397598,123.0,0,240.0
538008115,1717890274,35.014851,129.397964,123.0,0,250.0
538008115,1717890282,35.015266,129.398193,123.0,0,250.0
538008115,1717890303,35.0163,129.398819,123.0,0,260.0
538008115,1717890322,35.017334,129.39946,123.0,0,270.0
538008115,1717890343,35.018398,129.400146,123.0,0,270.0
538008115,1717890363,35.019417,129.400818,123.0,0,280.0
538008115,1717890382,35.020382,129.401474,124.0,0,280.0
538008115,1717890405,35.02145,129.402176,124.0,0,290.0
538008115,1717890414,35.021999,129.402557,124.0,0,280.0
538008115,1717890443,35.023418,129.403503,123.0,0,290.0
538008115,1717890453,35.023968,129.403885,123.0,0,290.0
538008115,1717890483,35.025433,129.404877,123.0,0,290.0
538008115,1717890503,35.026501,129.405594,123.0,0,290.0
538008115,1717890543,35.0285,129.406998,123.0,0,300.0
538008115,1717890563,35.029499,129.4077,122.0,0,290.0
538008115,1717890573,35.029999,129.408051,122.0,0,290.0
538008115,1717890583,35.030449,129.408371,122.0,0,290.0
538008115,1717890593,35.030949,129.408722,122.0,0,290.0
538008115,1717890603,35.031502,129.409103,122.0,0,290.0
538008115,1717890613,35.031952,129.409424,122.0,0,290.0
538008115,1717890623,35.032452,129.409744,122.0,0,290.0
538008115,1717890643,35.033501,129.410477,122.0,0,290.0
538008115,1717890653,35.034,129.410828,122.0,0,290.0
538008115,1717890683,35.0355,129.411865,122.0,0,290.0
538008115,1717890684,35.0355,129.411865,122.0,0,290.0
538008115,1717890693,35.035999,129.412216,122.0,0,290.0
538008115,1717890723,35.037498,129.413269,122.0,0,290.0
538008115,1717890732,35.037949,129.413574,122.0,0,290.0
538008115,1717890744,35.038502,129.413956,122.0,0,290.0
538008115,1717890753,35.039001,129.414307,122.0,0,290.0
538008115,1717890792,35.041,129.415665,122.0,0,290.0
538008115,1717890804,35.04155,129.416031,122.0,0,290.0
538008115,1717890815,35.042,129.416351,122.0,0,290.0
538008115,1717890823,35.0425,129.416687,122.0,0,290.0
538008115,1717890843,35.043499,129.417374,122.0,0,290.0
538008115,1717890852,35.043949,129.417679,122.0,0,290.0
538008115,1717890864,35.044498,129.418045,122.0,0,290.0
538008115,1717890873,35.044998,129.418396,122.0,0,290.0
538008115,1717890883,35.045448,129.418716,122.0,0,290.0
538008115,1717890893,35.046001,129.419098,122.0,0,290.0
538008115,1717890903,35.046501,129.419449,123.0,0,290.0
538008115,1717890924,35.047482,129.420151,122.0,0,300.0
538008115,1717890963,35.049465,129.421585,122.0,0,300.0
538008115,1717890974,35.049969,129.421951,122.0,0,300.0
538008115,1717890993,35.0509,129.422623,122.0,0,300.0
538008115,1717891004,35.051483,129.42305,122.0,0,300.0
538008115,1717891023,35.052433,129.423721,122.0,0,300.0
538008115,1717891043,35.053417,129.424393,122.0,0,300.0
538008115,1717891053,35.053867,129.424713,121.0,0,300.0
538008115,1717891064,35.054417,129.425095,121.0,0,290.0
538008115,1717891073,35.054867,129.4254,121.0,0,290.0
538008115,1717891083,35.055351,129.425751,121.0,0,290.0
538008115,1717891104,35.05645,129.426483,121.0,0,290.0
538008115,1717891113,35.0569,129.426804,121.0,0,290.0
538008115,1717891133,35.057899,129.42749,121.0,0,290.0
538008115,1717891144,35.058449,129.427856,121.0,0,290.0
538008115,1717891154,35.058899,129.428146,121.0,0,290.0
538008115,1717891162,35.059349,129.428467,121.0,0,290.0
538008115,1717891184,35.060398,129.429169,121.0,0,290.0
538008115,1717891193,35.060883,129.42952,121.0,0,290.0
538008115,1717891205,35.061382,129.429855,122.0,0,290.0
538008115,1717891214,35.061852,129.430222,122.0,0,290.0
538008115,1717891244,35.063366,129.431274,122.0,0,300.0
538008115,1717891264,35.064384,129.432037,122.0,0,310.0
538008115,1717891282,35.06525,129.432693,121.0,0,320.0
538008115,1717891304,35.066299,129.433533,121.0,0,320.0
538008115,1717891334,35.067699,129.434616,121.0,0,320.0
538008115,1717891342,35.068134,129.434952,121.0,0,320.0
538008115,1717891352,35.068619,129.435333,121.0,0,320.0
538008115,1717891364,35.069149,129.43573,121.0,0,320.0
538008115,1717891384,35.070118,129.436462,121.0,0,320.0
538008115,1717891392,35.070499,129.436768,121.0,0,320.0
538008115,1717891424,35.072102,129.437973,121.0,0,320.0
538008115,1717891454,35.073448,129.439011,121.0,0,320.0
538008115,1717891463,35.073917,129.439377,121.0,0,320.0
538008115,1717891472,35.074402,129.439743,121.0,0,320.0
538008115,1717891484,35.074932,129.44017,121.0,0,320.0
538008115,1717891503,35.075832,129.440887,121.0,0,320.0
538008115,1717891512,35.076317,129.441254,121.0,0,320.0
538008115,1717891523,35.076801,129.44162,121.0,0,320.0
538008115,1717891544,35.077801,129.442398,121.0,0,320.0
538008115,1717891553,35.078281,129.442764,121.0,0,320.0
538008115,1717891563,35.078766,129.44313,121.0,0,320.0
538008115,1717891584,35.079784,129.443893,121.0,0,320.0
538008115,1717891594,35.08025,129.44429,121.0,0,320.0
538008115,1717891604,35.080685,129.444611,121.0,0,320.0
538008115,1717891613,35.081165,129.444977,121.0,0,320.0
538008115,1717891623,35.0816,129.445297,121.0,0,320.0
538008115,1717891633,35.082115,129.445694,121.0,0,320.0
538008115,1717891644,35.082649,129.446106,121.0,0,310.0
538008115,1717891673,35.084019,129.447113,120.0,0,310.0
538008115,1717891683,35.084499,129.447479,120.0,0,310.0
538008115,1717891693,35.085033,129.447861,120.0,0,310.0
538008115,1717891704,35.085518,129.448227,120.0,0,310.0
538008115,1717891714,35.085999,129.448578,120.0,0,310.0
538008115,1717891724,35.086533,129.448975,120.0,0,310.0
538008115,1717891733,35.086967,129.44928,120.0,0,300.0
538008115,1717891743,35.087448,129.449631,120.0,0,300.0
538008115,1717891784,35.089401,129.451019,120.0,0,300.0
538008115,1717891793,35.089832,129.45134,120.0,0,300.0
538008115,1717891803,35.090317,129.451675,120.0,0,300.0
538008115,1717891804,35.090317,129.451675,120.0,0,300.0
538008115,1717891813,35.090866,129.452072,120.0,0,300.0
538008115,1717891824,35.091351,129.452423,120.0,0,300.0
538008115,1717891834,35.091831,129.452774,120.0,0,300.0
538008115,1717891853,35.092815,129.453445,120.0,0,300.0
538008115,1717891884,35.094318,129.454529,120.0,0,300.0
538008115,1717891894,35.094799,129.45488,120.0,0,300.0
538008115,1717891923,35.096149,129.455887,120.0,0,310.0
538008115,1717891944,35.097198,129.456665,120.0,0,310.0
538008115,1717891958,35.097633,129.456985,120.0,0,310.0
538008115,1717891973,35.098549,129.457672,120.0,0,310.0
538008115,1717891983,35.099033,129.458038,120.0,0,310.0
538008115,1717891993,35.099548,129.458435,120.0,0,310.0
538008115,1717892004,35.100082,129.458832,120.0,0,310.0
538008115,1717892013,35.100517,129.459152,120.0,0,310.0
538008115,1717892024,35.101051,129.459549,120.0,0,310.0
538008115,1717892033,35.101482,129.459869,120.0,0,310.0
538008115,1717892053,35.102383,129.460556,120.0,0,310.0
538008115,1717892073,35.103352,129.461243,120.0,0,310.0
538008115,1717892084,35.103931,129.46167,120.0,0,310.0
538008115,1717892113,35.105282,129.462662,120.0,0,310.0
538008115,1717892133,35.106251,129.463379,120.0,0,310.0
538008115,1717892144,35.106815,129.463806,119.0,0,310.0
538008115,1717892153,35.1073,129.464157,119.0,0,300.0
538008115,1717892163,35.107735,129.464462,119.0,0,300.0
538008115,1717892172,35.108215,129.464813,119.0,0,300.0
538008115,1717892183,35.1087,129.465149,119.0,0,300.0
538008115,1717892193,35.109184,129.4655,119.0,0,300.0
538008115,1717892204,35.109734,129.465866,119.0,0,290.0
538008115,1717892214,35.110168,129.466171,119.0,0,290.0
538008115,1717892223,35.1106,129.466461,119.0,0,290.0
538008115,1717892233,35.111099,129.466782,119.0,0,280.0
538008115,1717892243,35.111633,129.467148,119.0,0,280.0
538008115,1717892253,35.112083,129.467438,119.0,0,280.0
538008115,1717892264,35.112617,129.467804,119.0,0,280.0
538008115,1717892283,35.113548,129.468399,119.0,0,280.0
538008115,1717892293,35.114101,129.46875,119.0,0,280.0
538008115,1717892304,35.114651,129.469116,119.0,0,280.0
538008115,1717892324,35.115631,129.469757,119.0,0,280.0
538008115,1717892334,35.116081,129.470047,119.0,0,280.0
538008115,1717892343,35.116585,129.470367,119.0,0,280.0
538008115,1717892353,35.117065,129.470688,119.0,0,270.0
538008115,1717892373,35.118069,129.471313,119.0,0,270.0
538008115,1717892384,35.118618,129.471664,119.0,0,270.0
538008115,1717892403,35.119499,129.472244,119.0,0,270.0
538008115,1717892413,35.120049,129.472595,120.0,0,280.0
538008115,1717892423,35.120548,129.472916,120.0,0,270.0
538008115,1717892433,35.120998,129.473221,120.0,0,280.0
538008115,1717892444,35.121552,129.473572,120.0,0,280.0
538008115,1717892463,35.122532,129.474213,120.0,0,280.0
538008115,1717892473,35.123032,129.474533,120.0,0,280.0
538008115,1717892484,35.123585,129.474884,120.0,0,280.0
538008115,1717892513,35.125015,129.475845,121.0,0,280.0
538008115,1717892523,35.12545,129.476151,121.0,0,290.0
538008115,1717892573,35.127949,129.477905,120.0,0,300.0
538008115,1717892584,35.128433,129.478256,120.0,0,300.0
538008115,1717892633,35.130867,129.479996,120.0,0,300.0
538008115,1717892644,35.131351,129.480347,120.0,0,300.0
538008115,1717892653,35.131832,129.480682,120.0,0,290.0
538008115,1717892664,35.132332,129.481018,120.0,0,290.0
538008115,1717892673,35.132816,129.481369,120.0,0,290.0
538008115,1717892693,35.133801,129.48201,120.0,0,280.0
538008115,1717892704,35.1343,129.482346,120.0,0,280.0
538008115,1717892712,35.13475,129.482635,120.0,0,280.0
538008115,1717892723,35.135284,129.483002,120.0,0,280.0
538008115,1717892724,35.135284,129.483002,120.0,0,280.0
538008115,1717892753,35.136784,129.483948,120.0,0,270.0
538008115,1717892772,35.137733,129.484528,120.0,0,270.0
538008115,1717892784,35.138332,129.484924,119.0,0,270.0
538008115,1717892794,35.138832,129.485214,119.0,0,270.0
538008115,1717892813,35.139782,129.485825,120.0,0,270.0
538008115,1717892824,35.140282,129.48613,119.0,0,270.0
538008115,1717892832,35.140732,129.48642,120.0,0,270.0
538008115,1717892854,35.141766,129.487061,120.0,0,270.0
538008115,1717892864,35.1423,129.487411,120.0,0,270.0
538008115,1717892873,35.14275,129.487717,120.0,0,270.0
538008115,1717892884,35.143234,129.488037,120.0,0,270.0
538008115,1717892904,35.144268,129.488724,120.0,0,280.0
538008115,1717892914,35.144768,129.489029,120.0,0,280.0
538008115,1717892924,35.145267,129.489365,120.0,0,280.0
538008115,1717892933,35.145718,129.489655,120.0,0,280.0
538008115,1717892944,35.146252,129.490021,120.0,0,280.0
538008115,1717892952,35.146667,129.490265,120.0,0,270.0
538008115,1717892964,35.147266,129.490646,120.0,0,270.0
538008115,1717892993,35.148666,129.491531,120.0,0,270.0
538008115,1717893004,35.149216,129.491882,120.0,0,270.0
538008115,1717893013,35.149715,129.492203,120.0,0,270.0
538008115,1717893024,35.150215,129.492523,120.0,0,270.0
538008115,1717893113,35.154716,129.495407,121.0,0,270.0
538008115,1717893124,35.155266,129.495743,121.0,0,270.0
538008115,1717893133,35.155716,129.496048,121.0,0,270.0
538008115,1717893174,35.157818,129.49736,120.0,0,270.0
538008115,1717893193,35.158768,129.497986,120.0,0,270.0
538008115,1717893204,35.159267,129.498306,120.0,0,270.0
538008115,1717893234,35.160767,129.499298,121.0,0,280.0
538008115,1717893244,35.161266,129.499634,121.0,0,280.0
538008115,1717893273,35.162716,129.50058,121.0,0,280.0
538008115,1717893303,35.1642,129.501556,121.0,0,280.0
538008115,1717893313,35.164783,129.501923,121.0,0,280.0
538008115,1717893324,35.165298,129.502243,121.0,0,280.0
538008115,1717893333,35.165798,129.502579,121.0,0,280.0
538008115,1717893354,35.166801,129.503235,121.0,0,280.0
538008115,1717893384,35.16835,129.504257,121.0,0,280.0
538008115,1717893453,35.171799,129.5065,121.0,0,280.0
538008115,1717893464,35.172298,129.506836,121.0,0,280.0
538008115,1717893474,35.172798,129.507156,121.0,0,280.0
538008115,1717893483,35.173248,129.507446,121.0,0,280.0
538008115,1717893504,35.174267,129.508118,121.0,0,280.0
538008115,1717893534,35.175816,129.50914,121.0,0,280.0
538008115,1717893564,35.177319,129.510132,121.0,0,280.0
538008115,1717893594,35.178818,129.511139,121.0,0,280.0
538008115,1717893624,35.180248,129.5121,121.0,0,280.0
538008115,1717893633,35.180752,129.512436,121.0,0,280.0
538008115,1717893683,35.18325,129.514084,122.0,0,290.0
538008115,1717893704,35.184284,129.514801,122.0,0,290.0
538008115,1717893724,35.185219,129.515472,121.0,0,300.0
538008115,1717893743,35.186199,129.51619,121.0,0,300.0
538008115,1717893764,35.187218,129.516953,121.0,0,310.0
538008115,1717893803,35.189117,129.518356,121.0,0,310.0
538008115,1717893834,35.190632,129.51944,121.0,0,300.0
538008115,1717893844,35.191132,129.519775,121.0,0,290.0
538008115,1717893863,35.192066,129.520432,121.0,0,290.0
538008115,1717893864,35.192066,129.520432,121.0,0,290.0
538008115,1717893923,35.195049,129.522446,121.0,0,280.0
538008115,1717893973,35.197552,129.524155,121.0,0,290.0
538008115,1717893983,35.198032,129.524506,121.0,0,290.0
538008115,1717894043,35.201,129.526581,121.0,0,300.0
538008115,1717894103,35.203884,129.528671,121.0,0,310.0
538008115,1717894163,35.206833,129.530914,121.0,0,320.0
538008115,1717894223,35.209717,129.533051,121.0,0,310.0
538008115,1717894304,35.213768,129.535889,121.0,0,290.0
538008115,1717894583,35.227333,129.546036,121.0,0,320.0
538008115,1717894793,35.2374,129.553696,120.0,0,310.0
538008115,1717894977,35.246151,129.560303,120.0,0,320.0
538008115,1717895412,35.267017,129.576187,118.0,0,320.0
538008115,1717895433,35.267967,129.576904,118.0,0,320.0
538008115,1717897383,35.362118,129.633194,109.0,0,20.0
538008115,1717899946,35.495949,129.663681,125.0,0,190.0
538008115,1717920985,36.130348,129.782837,65.0,0,1090.0
538008115,1717934267,36.132751,129.921783,12.0,2,3470.0
538008115,1717934643,36.134716,129.921143,11.0,2,3470.0
538008115,1717935084,36.136917,129.920517,11.0,2,3470.0
538008115,1717935113,36.137081,129.920486,10.0,2,3470.0
538008115,1717935133,36.137169,129.920456,11.0,2,3470.0
538008115,1717935162,36.137318,129.920395,11.0,2,3470.0
538008115,1717935194,36.137501,129.920364,11.0,2,3450.0
538008115,1717935204,36.13755,129.920349,10.0,2,3460.0
538008115,1717938404,36.154732,129.916183,10.0,2,3510.0
538008115,1717938452,36.155018,129.916138,10.0,2,3530.0
538008115,1717953993,36.233799,129.900787,10.0,2,3520.0
538008115,1717954003,36.233849,129.900772,10.0,2,3520.0
538008115,1717954023,36.233952,129.900757,10.0,2,3520.0
538008115,1717954044,36.234066,129.900726,10.0,2,3520.0
538008115,1717954053,36.234116,129.900726,10.0,2,3520.0
538008115,1717954063,36.234165,129.900711,10.0,2,3520.0
538008115,1717954133,36.234516,129.90065,10.0,2,3510.0
538008115,1717954164,36.234684,129.90062,10.0,2,3510.0
538008115,1717954173,36.234734,129.900604,10.0,2,3500.0
538008115,1717957298,36.250183,129.899002,9.0,2,0.0
538008115,1717963143,36.278381,129.895279,7.0,2,3530.0
538008115,1717963154,36.278416,129.895264,7.0,2,3530.0
538008115,1717963183,36.278568,129.895248,7.0,2,3530.0
538008115,1717963193,36.278618,129.895248,7.0,2,3530.0
538008115,1717963223,36.278751,129.895233,8.0,2,3530.0
538008115,1717963234,36.278801,129.895233,8.0,2,3520.0
538008115,1717964163,36.283001,129.894775,8.0,2,3520.0
538008115,1717964833,36.286018,129.894348,8.0,2,3540.0
538008115,1717964843,36.286068,129.894348,8.0,2,3540.0
538008115,1717964872,36.286201,129.894333,8.0,2,3540.0
538008115,1717964913,36.286385,129.894318,8.0,2,3540.0
538008115,1717964923,36.286434,129.894318,8.0,2,3550.0
538008115,1717964953,36.286568,129.894302,8.0,2,3550.0
538008115,1717964963,36.286617,129.894302,8.0,2,3550.0
538008115,1717964983,36.286701,129.894302,8.0,2,3550.0
538008115,1717964992,36.286732,129.894287,8.0,2,3550.0
538008115,1717965033,36.286919,129.894272,8.0,2,3540.0
538008115,1717965383,36.288418,129.894165,8.0,2,3550.0
538008115,1717965403,36.288502,129.894165,8.0,2,3550.0
538008115,1717966022,36.291183,129.893997,7.0,2,3550.0
538008115,1717966183,36.291901,129.893906,7.0,2,3540.0
538008115,1717966194,36.291931,129.893906,7.0,2,3550.0
538008115,1717966212,36.292034,129.893906,7.0,2,3550.0
538008115,1717966223,36.292068,129.89389,7.0,2,3550.0
538008115,1717966233,36.292118,129.89389,7.0,2,3550.0
538008115,1717966243,36.292149,129.89389,7.0,2,3550.0
538008115,1717966272,36.292282,129.89386,7.0,2,3550.0
538008115,1717966294,36.292381,129.893845,7.0,2,3550.0
538008115,1717966303,36.292416,129.893845,7.0,2,3550.0
538008115,1717966314,36.292465,129.893845,7.0,2,3550.0
538008115,1717966332,36.292583,129.893784,8.0,2,3550.0
538008115,1717966363,36.292717,129.893768,8.0,2,3550.0
538008115,1717966374,36.292751,129.893784,8.0,2,3550.0
538008115,1717966384,36.292767,129.893799,8.0,2,3550.0
538008115,1717966392,36.292801,129.893814,8.0,2,3550.0
538008115,1717966414,36.2929,129.893799,8.0,2,3540.0
538008115,1717966434,36.292999,129.893768,8.0,2,3550.0
538008115,1717966443,36.293034,129.893768,8.0,2,3550.0
538008115,1717966452,36.293034,129.893799,8.0,2,3520.0
538008115,1717966463,36.293049,129.893814,9.0,2,3500.0
538008115,1717966474,36.293068,129.893829,9.0,2,3490.0
538008115,1717966503,36.293201,129.893814,10.0,2,3490.0
538008115,1717966523,36.293282,129.893799,10.0,2,3490.0
538008115,1717966534,36.293331,129.893799,10.0,2,3490.0
538008115,1717966543,36.293365,129.893799,10.0,2,3490.0
538008115,1717966563,36.293484,129.893768,10.0,2,3510.0
538008115,1717966572,36.293533,129.893753,9.0,2,3530.0
538008115,1717966583,36.293598,129.893738,9.0,2,3530.0
538008115,1717966594,36.293652,129.893738,8.0,2,3540.0
538008115,1717966614,36.293701,129.893768,9.0,2,3510.0
538008115,1717966623,36.293732,129.893768,9.0,2,3510.0
538008115,1717966632,36.293766,129.893768,9.0,2,3500.0
538008115,1717966643,36.293816,129.893753,9.0,2,3500.0
538008115,1717966674,36.293999,129.893707,8.0,2,3540.0
538008115,1717966692,36.294083,129.893723,8.0,2,3550.0
538008115,1717966704,36.294167,129.893707,8.0,2,3550.0
538008115,1717966724,36.294266,129.893661,7.0,2,3550.0
538008115,1717966734,36.294315,129.893661,7.0,2,3550.0
538008115,1717966743,36.294369,129.893646,7.0,2,3550.0
538008115,1717966752,36.294399,129.893646,7.0,2,3550.0
538008115,1717966763,36.294449,129.893646,7.0,2,3550.0
538008115,1717966772,36.294483,129.893646,7.0,2,3540.0
538008115,1717966794,36.294567,129.893631,7.0,2,3550.0
538008115,1717966804,36.294617,129.893631,7.0,2,3550.0
538008115,1717966844,36.2948,129.893616,7.0,2,3540.0
538008115,1717966854,36.294834,129.893616,7.0,2,3540.0
538008115,1717967084,36.295784,129.893478,8.0,2,3540.0
538008115,1717967093,36.295818,129.893478,8.0,2,3540.0
538008115,1717967113,36.295918,129.893463,8.0,2,3540.0
538008115,1717967123,36.295952,129.893463,8.0,2,3550.0
538008115,1717967144,36.296032,129.893463,7.0,2,0.0
538008115,1717967183,36.29615,129.893478,5.0,2,100.0
538008115,1717967204,36.2962,129.893494,4.0,2,170.0
538008115,1717967383,36.296333,129.893967,6.0,2,1020.0
538008115,1717967403,36.296299,129.894073,7.0,2,1090.0
538008115,1717967413,36.296299,129.894135,8.0,2,1120.0
538008115,1717967443,36.296219,129.894302,10.0,2,1170.0
538008115,1717967454,36.296185,129.894379,11.0,2,1180.0
538008115,1717967464,36.29615,129.894455,12.0,2,1190.0
538008115,1717967473,36.296116,129.894516,13.0,2,1200.0
538008115,1717967483,36.296082,129.894608,13.0,2,1210.0
538008115,1717967494,36.296032,129.894684,14.0,2,1210.0
538008115,1717967503,36.296001,129.89476,15.0,2,1220.0
538008115,1717967514,36.295952,129.894852,15.0,2,1220.0
538008115,1717967524,36.295898,129.894928,16.0,2,1230.0
538008115,1717967533,36.295849,129.895035,17.0,2,1230.0
538008115,1717967543,36.295799,129.895126,18.0,2,1240.0
538008115,1717967563,36.2957,129.895309,19.0,2,1240.0
538008115,1717967584,36.295567,129.895554,20.0,2,1250.0
538008115,1717967603,36.295433,129.895767,22.0,2,1250.0
538008115,1717967644,36.295166,129.89624,24.0,2,1250.0
538008115,1717967683,36.294884,129.896774,27.0,0,1230.0
538008115,1717967694,36.2948,129.896912,28.0,0,1230.0
538008115,1717967704,36.294716,129.897064,28.0,0,1230.0
538008115,1717967713,36.294651,129.897202,29.0,0,1230.0
538008115,1717967773,36.294117,129.898132,32.0,0,1250.0
538008115,1717967814,36.293701,129.898804,34.0,0,1290.0
538008115,1717967824,36.293598,129.898926,34.0,0,1300.0
538008115,1717967834,36.293484,129.899094,35.0,0,1310.0
538008115,1717967874,36.292969,129.89975,36.0,0,1360.0
538008115,1717967894,36.292702,129.900055,36.0,0,1380.0
538008115,1717967912,36.29245,129.900299,37.0,0,1410.0
538008115,1717967954,36.291817,129.900848,38.0,0,1460.0
538008115,1717967964,36.291668,129.90097,38.0,0,1480.0
538008115,1717967996,36.291168,129.901306,39.0,0,1520.0
538008115,1717968232,36.286182,129.901901,51.0,0,1830.0
538008115,1717968523,36.277901,129.901855,67.0,0,1770.0
538008115,1717968583,36.275982,129.901947,70.0,0,1770.0
538008115,1717968614,36.275002,129.902023,71.0,0,1770.0
538008115,1717968623,36.274666,129.902039,71.0,0,1770.0
538008115,1717968653,36.273651,129.902084,72.0,0,1770.0
538008115,1717968794,36.268768,129.90242,75.0,0,1750.0
538008115,1717968802,36.268452,129.902451,75.0,0,1750.0
538008115,1717968812,36.268116,129.902481,75.0,0,1750.0
538008115,1717968843,36.267052,129.902618,77.0,0,1740.0
538008115,1717968854,36.266651,129.902649,77.0,0,1740.0
538008115,1717968873,36.265968,129.90274,78.0,0,1740.0
538008115,1717968883,36.265598,129.902786,78.0,0,1740.0
538008115,1717968903,36.264866,129.902863,78.0,0,1740.0
538008115,1717968922,36.264133,129.902954,79.0,0,1740.0
538008115,1717968953,36.263,129.903107,79.0,0,1740.0
538008115,1717968963,36.262615,129.903137,80.0,0,1740.0
538008115,1717968983,36.261917,129.903214,80.0,0,1740.0
538008115,1717968992,36.261551,129.903275,80.0,0,1740.0
538008115,1717969023,36.260418,129.903381,81.0,0,1740.0
538008115,1717969033,36.260033,129.903427,81.0,0,1740.0
538008115,1717969043,36.259666,129.903473,81.0,0,1740.0
538008115,1717969053,36.259281,129.903519,81.0,0,1740.0
538008115,1717969083,36.258118,129.903625,82.0,0,1740.0
538008115,1717969093,36.257732,129.903687,82.0,0,1740.0
538008115,1717969103,36.257351,129.903717,82.0,0,1740.0
538008115,1717969153,36.255482,129.903931,83.0,0,1740.0
538008115,1717969193,36.253933,129.904114,83.0,0,1740.0
538008115,1717969213,36.253151,129.904205,83.0,0,1740.0
538008115,1717969223,36.252766,129.904251,83.0,0,1740.0
538008115,1717969233,36.25235,129.904297,84.0,0,1740.0
538008115,1717969912,36.225052,129.906189,88.0,0,1790.0
538008115,1717970254,36.211018,129.905823,88.0,0,1810.0
538008115,1717970274,36.210201,129.905807,88.0,0,1810.0
538008115,1717970293,36.209366,129.905777,88.0,0,1810.0
538008115,1717970353,36.206882,129.905731,88.0,0,1810.0
538008115,1717970373,36.2061,129.905716,88.0,0,1810.0
538008115,1717970394,36.205181,129.905701,88.0,0,1800.0
538008115,1717970413,36.204449,129.905701,89.0,0,1800.0
538008115,1717970433,36.203617,129.905685,89.0,0,1800.0
538008115,1717970444,36.203117,129.90567,89.0,0,1810.0
538008115,1717970592,36.196918,129.905487,89.0,0,1820.0
538008115,1717970603,36.196499,129.905472,89.0,0,1830.0
538008115,1717970624,36.195633,129.905396,90.0,0,1830.0
538008115,1717970633,36.195267,129.905365,90.0,0,1840.0
538008115,1717970642,36.194881,129.905319,90.0,0,1840.0
538008115,1717970652,36.194466,129.905289,90.0,0,1840.0
538008115,1717970663,36.19405,129.905228,90.0,0,1850.0
538008115,1717970673,36.193634,129.905197,90.0,0,1850.0
538008115,1717970702,36.192383,129.905045,90.0,0,1850.0
538008115,1717970713,36.191967,129.904999,89.0,0,1860.0
538008115,1717970733,36.191151,129.904877,89.0,0,1860.0
538008115,1717970753,36.190266,129.90477,89.0,0,1860.0
538008115,1717970762,36.189899,129.904724,89.0,0,1860.0
538008115,1717970773,36.189484,129.904663,89.0,0,1860.0
538008115,1717970783,36.189018,129.904602,89.0,0,1860.0
538008115,1717970804,36.188148,129.90448,89.0,0,1860.0
538008115,1717970813,36.187767,129.904434,89.0,0,1860.0
538008115,1717970822,36.187401,129.904388,89.0,0,1860.0
538008115,1717970833,36.186981,129.904327,89.0,0,1860.0
538008115,1717970843,36.186565,129.904266,89.0,0,1860.0
538008115,1717970853,36.186115,129.904221,89.0,0,1860.0
538008115,1717970863,36.185699,129.904144,89.0,0,1860.0
538008115,1717970873,36.185284,129.904099,89.0,0,1860.0
538008115,1717970882,36.184917,129.904053,89.0,0,1860.0
538008115,1717970893,36.184448,129.904007,89.0,0,1860.0
538008115,1717970903,36.184032,129.903946,89.0,0,1860.0
538008115,1717970913,36.183617,129.9039,89.0,0,1860.0
538008115,1717970923,36.183201,129.903839,89.0,0,1860.0
538008115,1717970933,36.182781,129.903778,89.0,0,1860.0
538008115,1717970963,36.181583,129.903625,89.0,0,1860.0
538008115,1717970973,36.181118,129.90358,89.0,0,1860.0
538008115,1717970993,36.180302,129.903488,89.0,0,1850.0
538008115,1717971004,36.179882,129.903427,89.0,0,1850.0
538008115,1717971013,36.179501,129.903381,89.0,0,1850.0
538008115,1717971033,36.178665,129.90329,89.0,0,1850.0
538008115,1717971073,36.176968,129.903076,89.0,0,1850.0
538008115,1717971103,36.175716,129.902939,89.0,0,1850.0
538008115,1717971113,36.175301,129.902893,89.0,0,1850.0
538008115,1717971124,36.174885,129.902863,89.0,0,1850.0
538008115,1717971133,36.174519,129.902817,89.0,0,1850.0
538008115,1717971142,36.174099,129.902771,89.0,0,1850.0
538008115,1717971163,36.173233,129.902664,89.0,0,1850.0
538008115,1717971173,36.172817,129.902618,89.0,0,1850.0
538008115,1717971193,36.172016,129.902527,89.0,0,1850.0
538008115,1717971213,36.17115,129.90242,89.0,0,1850.0
538008115,1717971244,36.169868,129.902267,89.0,0,1850.0
538008115,1717971273,36.168701,129.90213,89.0,0,1850.0
538008115,1717971294,36.167816,129.902023,89.0,0,1850.0
538008115,1717971603,36.154968,129.900223,89.0,0,1880.0
538008115,1717971623,36.154182,129.900085,89.0,0,1880.0
538008115,1717971674,36.152035,129.899734,89.0,0,1870.0
538008115,1717972214,36.13055,129.893707,81.0,0,1740.0
538008115,1717972413,36.124035,129.897354,76.0,0,1420.0
538008115,1717972433,36.123451,129.897949,77.0,0,1410.0
538008115,1717972443,36.123199,129.898193,77.0,2,1410.0
538008115,1717972452,36.122917,129.898468,77.0,2,1410.0
538008115,1717972463,36.122616,129.898788,77.0,2,1400.0
538008115,1717972473,36.122349,129.899078,77.0,2,1390.0
538008115,1717972523,36.120998,129.900528,77.0,2,1390.0
538008115,1717972533,36.120766,129.900803,77.0,2,1380.0
538008115,1717972543,36.120483,129.901077,77.0,2,1380.0
538008115,1717972563,36.119949,129.901657,75.0,2,1390.0
538008115,1717972572,36.119682,129.901932,76.0,2,1390.0
538008115,1717972583,36.1194,129.902252,76.0,2,1390.0
538008115,1717972593,36.119133,129.902527,76.0,2,1390.0
538008115,1717972613,36.118599,129.903076,75.0,2,1390.0
538008115,1717972622,36.118382,129.903351,74.0,2,1380.0
538008115,1717972644,36.117851,129.903931,73.0,2,1380.0
538008115,1717972653,36.117599,129.904221,73.0,2,1380.0
538008115,1717972704,36.116383,129.905624,69.0,2,1360.0
538008115,1717972713,36.11615,129.905884,69.0,2,1360.0
538008115,1717972723,36.115917,129.906174,68.0,2,1360.0
538008115,1717972733,36.1157,129.906433,68.0,2,1370.0
538008115,1717972743,36.115467,129.906677,67.0,2,1370.0
538008115,1717972764,36.114983,129.907181,66.0,2,1390.0
538008115,1717972783,36.114517,129.907669,65.0,2,1410.0
538008115,1717972793,36.1143,129.907867,64.0,2,1420.0
538008115,1717972803,36.114052,129.908096,64.0,2,1430.0
538008115,1717972824,36.113548,129.908539,63.0,2,1440.0
538008115,1717972833,36.113335,129.908722,62.0,2,1450.0
538008115,1717972843,36.113098,129.90892,62.0,2,1460.0
538008115,1717972853,36.112865,129.909119,61.0,2,1460.0
538008115,1717972873,36.11235,129.9095,60.0,2,1480.0
538008115,1717972884,36.112099,129.909698,59.0,2,1490.0
538008115,1717972893,36.111866,129.909851,59.0,2,1500.0
538008115,1717972903,36.111633,129.910004,58.0,2,1520.0
538008115,1717972913,36.111401,129.910156,58.0,2,1530.0
538008115,1717972923,36.111183,129.910278,58.0,2,1530.0
538008115,1717972933,36.110916,129.910446,58.0,2,1530.0
538008115,1717972953,36.110451,129.910751,57.0,2,1530.0
538008115,1717972964,36.110199,129.910904,57.0,2,1530.0
538008115,1717972974,36.109982,129.911026,56.0,2,1530.0
538008115,1717972983,36.109783,129.911163,56.0,2,1530.0
538008115,1717973004,36.109299,129.911484,55.0,2,1530.0
538008115,1717973013,36.109081,129.911636,55.0,2,1530.0
538008115,1717973024,36.108833,129.911789,54.0,2,1530.0
538008115,1717973034,36.108616,129.911926,54.0,2,1530.0
538008115,1717973043,36.108418,129.912048,54.0,2,1530.0
538008115,1717973063,36.107983,129.912338,53.0,2,1530.0
538008115,1717973073,36.107765,129.91246,53.0,2,1530.0
538008115,1717973084,36.107533,129.912598,52.0,2,1530.0
538008115,1717973094,36.107319,129.912735,52.0,2,1530.0
538008115,1717973103,36.107151,129.912857,52.0,2,1530.0
538008115,1717973113,36.106918,129.912979,51.0,2,1530.0
538008115,1717973123,36.106701,129.913116,51.0,2,1530.0
538008115,1717973154,36.106083,129.913513,49.0,2,1530.0
538008115,1717973163,36.105885,129.913651,48.0,2,1520.0
538008115,1717973174,36.105667,129.913803,48.0,2,1520.0
538008115,1717973183,36.105484,129.91391,48.0,2,1520.0
538008115,1717973193,36.105301,129.914047,47.0,2,1510.0
538008115,1717973214,36.104916,129.914337,47.0,2,1500.0
538008115,1717973222,36.104733,129.914444,46.0,2,1500.0
538008115,1717973243,36.104351,129.914749,46.0,2,1490.0
538008115,1717973253,36.104168,129.914886,45.0,2,1480.0
538008115,1717973274,36.103817,129.915176,45.0,2,1470.0
538008115,1717973294,36.103481,129.915466,44.0,2,1450.0
538008115,1717973303,36.103333,129.915604,43.0,2,1450.0
538008115,1717973314,36.103134,129.915787,43.0,2,1440.0
538008115,1717973334,36.102818,129.916107,42.0,2,1420.0
538008115,1717973342,36.102699,129.916229,42.0,2,1410.0
538008115,1717973354,36.102516,129.916412,42.0,2,1400.0
538008115,1717973374,36.102234,129.916748,41.0,2,1380.0
538008115,1717973382,36.102116,129.91687,41.0,2,1370.0
538008115,1717973402,36.101849,129.917221,40.0,2,1350.0
538008115,1717973414,36.101719,129.917404,39.0,2,1340.0
538008115,1717973423,36.101582,129.917557,39.0,2,1330.0
538008115,1717973434,36.101467,129.917725,39.0,2,1310.0
538008115,1717973443,36.101368,129.917862,38.0,2,1300.0
538008115,1717973462,36.101151,129.918213,38.0,2,1270.0
538008115,1717973474,36.101017,129.918427,37.0,2,1260.0
538008115,1717973484,36.100933,129.91861,37.0,2,1240.0
538008115,1717973494,36.100834,129.918793,37.0,2,1230.0
538008115,1717973514,36.100681,129.919144,36.0,2,1200.0
538008115,1717973523,36.100601,129.919357,36.0,2,1190.0
538008115,1717973533,36.100533,129.91954,35.0,2,1170.0
538008115,1717973554,36.100384,129.919922,35.0,2,1140.0
538008115,1717973563,36.100334,129.92009,34.0,2,1130.0
538008115,1717973573,36.100285,129.920288,34.0,2,1110.0
538008115,1717973583,36.100231,129.920486,34.0,2,1100.0
538008115,1717973593,36.100182,129.920685,34.0,2,1080.0
538008115,1717973614,36.100101,129.921082,33.0,2,1050.0
538008115,1717973624,36.100067,129.921265,33.0,2,1040.0
538008115,1717973643,36.099998,129.921631,33.0,2,1010.0
538008115,1717973693,36.099934,129.922577,32.0,2,940.0
538008115,1717973713,36.099918,129.922943,31.0,2,920.0
538008115,1717973724,36.099934,129.923157,31.0,2,900.0
538008115,1717973764,36.099983,129.923889,31.0,2,850.0
538008115,1717973773,36.099998,129.924072,31.0,2,840.0
538008115,1717973784,36.100018,129.924255,31.0,2,820.0
538008115,1717973793,36.100052,129.924423,31.0,2,810.0
538008115,1717973804,36.100082,129.924606,31.0,2,800.0
538008115,1717973823,36.100151,129.924927,31.0,2,770.0
538008115,1717973844,36.100231,129.925293,31.0,2,750.0
538008115,1717973853,36.100266,129.925446,30.0,2,740.0
538008115,1717973864,36.100315,129.925613,30.0,2,730.0
538008115,1717973873,36.100349,129.925766,30.0,2,720.0
538008115,1717973884,36.100418,129.925964,30.0,2,710.0
538008115,1717973913,36.100582,129.926453,30.0,2,680.0
538008115,1717973924,36.100651,129.92662,30.0,2,670.0
538008115,1717973933,36.1007,129.926773,30.0,2,660.0
538008115,1717973953,36.100819,129.927063,30.0,2,640.0
538008115,1717973964,36.100899,129.927231,29.0,2,630.0
538008115,1717973973,36.100967,129.927383,29.0,2,620.0
538008115,1717973983,36.101032,129.927536,29.0,2,610.0
538008115,1717973993,36.101101,129.927673,28.0,2,610.0
538008115,1717974004,36.101185,129.927826,28.0,2,600.0
538008115,1717974013,36.10125,129.927963,28.0,2,590.0
538008115,1717974022,36.101318,129.928101,28.0,2,580.0
538008115,1717974033,36.101398,129.928253,28.0,2,580.0
538008115,1717974043,36.101467,129.928391,28.0,2,570.0
538008115,1717974184,36.102734,129.930237,27.0,2,450.0
538008115,1717974202,36.102901,129.93045,27.0,2,440.0
538008115,1717974263,36.1035,129.931122,27.0,2,400.0
538008115,1717974294,36.103832,129.931458,27.0,2,390.0
538008115,1717974304,36.103951,129.931549,27.0,2,380.0
538008115,1717974322,36.104134,129.931732,27.0,2,370.0
538008115,1717974354,36.104485,129.932037,27.0,2,350.0
538008115,1717974364,36.104584,129.932129,27.0,2,350.0
538008115,1717974382,36.104801,129.932312,27.0,2,340.0
538008115,1717974402,36.105019,129.93248,27.0,2,330.0
538008115,1717974414,36.105148,129.932602,27.0,2,330.0
538008115,1717974442,36.105469,129.932831,26.0,2,320.0
538008115,1717974493,36.106033,129.933273,26.0,2,300.0
538008115,1717974504,36.106167,129.93335,26.0,2,300.0
538008115,1717974514,36.106266,129.933426,26.0,2,290.0
538008115,1717974522,36.106365,129.933502,26.0,2,290.0
538008115,1717974534,36.106518,129.933594,26.0,2,290.0
538008115,1717974544,36.106617,129.93367,26.0,2,290.0
538008115,1717974553,36.106716,129.933746,26.0,2,280.0
538008115,1717974564,36.10685,129.933838,26.0,2,280.0
538008115,1717974574,36.106968,129.933899,26.0,2,280.0
538008115,1717974604,36.107285,129.934113,26.0,2,270.0
538008115,1717974624,36.107517,129.934265,26.0,2,270.0
538008115,1717974642,36.107735,129.934402,26.0,2,260.0
538008115,1717974653,36.107849,129.934464,26.0,2,260.0
538008115,1717974702,36.108433,129.934799,25.0,2,250.0
538008115,1717974722,36.108665,129.934937,25.0,2,240.0
538008115,1717974744,36.108898,129.935074,25.0,2,240.0
538008115,1717974754,36.109032,129.935135,25.0,2,240.0
538008115,1717974763,36.109135,129.935181,25.0,2,230.0
538008115,1717974773,36.109234,129.935257,25.0,2,230.0
538008115,1717974794,36.109482,129.935379,25.0,2,230.0
538008115,1717974804,36.1096,129.93544,25.0,2,220.0
538008115,1717974823,36.109818,129.935547,25.0,2,220.0
538008115,1717974833,36.109951,129.935623,25.0,2,210.0
538008115,1717974842,36.11005,129.935669,24.0,2,210.0
538008115,1717974854,36.110184,129.93573,24.0,2,210.0
538008115,1717974864,36.110298,129.935776,24.0,2,210.0
538008115,1717974883,36.110516,129.935883,24.0,2,200.0
538008115,1717974894,36.110634,129.935928,24.0,2,200.0
538008115,1717974903,36.110718,129.935989,24.0,2,200.0
538008115,1717974914,36.110851,129.936035,24.0,2,200.0
538008115,1717974924,36.110966,129.936081,24.0,2,190.0
538008115,1717974934,36.111099,129.936157,24.0,2,190.0
538008115,1717974943,36.111183,129.936188,24.0,2,190.0
538008115,1717974953,36.111301,129.936249,24.0,2,190.0
538008115,1717974974,36.111534,129.936356,24.0,2,190.0
538008115,1717974983,36.111633,129.936386,24.0,2,180.0
538008115,1717974994,36.111752,129.936447,24.0,2,180.0
538008115,1717975003,36.111866,129.936478,23.0,2,180.0
538008115,1717975013,36.111965,129.936539,23.0,2,180.0
538008115,1717975034,36.112183,129.93663,23.0,2,170.0
538008115,1717975043,36.112282,129.936661,23.0,2,170.0
538008115,1717975054,36.112415,129.936722,23.0,2,170.0
538008115,1717975063,36.112518,129.936768,23.0,2,170.0
538008115,1717975082,36.112717,129.936829,23.0,2,160.0
538008115,1717975094,36.112831,129.93689,23.0,2,160.0
538008115,1717975123,36.113167,129.936996,23.0,2,150.0
538008115,1717975134,36.113281,129.937057,23.0,2,150.0
538008115,1717975163,36.113617,129.937149,23.0,2,140.0
538008115,1717975173,36.113716,129.93718,23.0,2,140.0
538008115,1717975183,36.113834,129.93721,23.0,2,140.0
538008115,1717975194,36.113949,129.937271,22.0,2,140.0
538008115,1717975202,36.114033,129.937286,22.0,2,130.0
538008115,1717975214,36.114151,129.937332,22.0,2,130.0
538008115,1717975232,36.114368,129.937378,22.0,2,130.0
538008115,1717975262,36.1147,129.937485,22.0,2,120.0
538008115,1717975273,36.114819,129.937531,22.0,2,120.0
538008115,1717975292,36.115032,129.937576,22.0,2,120.0
538008115,1717975314,36.11525,129.937653,22.0,2,110.0
538008115,1717975322,36.115334,129.937668,22.0,2,110.0
538008115,1717975334,36.115467,129.937698,22.0,2,110.0
538008115,1717975362,36.115749,129.937759,21.0,2,110.0
538008115,1717975394,36.116066,129.937851,21.0,2,100.0
538008115,1717975403,36.116165,129.937866,21.0,2,100.0
538008115,1717975413,36.116268,129.937897,21.0,2,100.0
538008115,1717975434,36.116501,129.937943,21.0,2,90.0
538008115,1717975443,36.1166,129.937973,20.0,2,90.0
538008115,1717975454,36.116699,129.938004,20.0,2,90.0
538008115,1717975473,36.116901,129.938034,20.0,2,90.0
538008115,1717975483,36.116982,129.938065,20.0,2,90.0
538008115,1717975494,36.117119,129.93808,20.0,2,90.0
538008115,1717975503,36.117199,129.938095,20.0,2,90.0
538008115,1717975514,36.117298,129.938126,20.0,2,90.0
538008115,1717975523,36.117382,129.938156,20.0,2,90.0
538008115,1717975542,36.117584,129.938187,19.0,2,90.0
538008115,1717975553,36.117683,129.938202,19.0,2,90.0
538008115,1717975563,36.117783,129.938232,19.0,2,90.0
538008115,1717975574,36.117882,129.938248,19.0,2,90.0
538008115,1717975583,36.117985,129.938263,19.0,2,90.0
538008115,1717975593,36.118084,129.938278,19.0,2,90.0
538008115,1717975602,36.118183,129.938293,19.0,2,80.0
538008115,1717975613,36.118282,129.938324,18.0,2,80.0
538008115,1717975623,36.118382,129.938354,18.0,2,80.0
538008115,1717975634,36.118484,129.93837,18.0,2,70.0
538008115,1717975653,36.118649,129.9384,18.0,2,70.0
538008115,1717975662,36.118732,129.938416,18.0,2,70.0
538008115,1717975713,36.119202,129.938507,18.0,2,70.0
538008115,1717975724,36.119301,129.938522,18.0,2,70.0
538008115,1717975733,36.1194,129.938538,18.0,2,60.0
538008115,1717975764,36.119701,129.938583,18.0,2,60.0
538008115,1717975773,36.119766,129.938599,18.0,2,60.0
538008115,1717975783,36.119865,129.938614,18.0,2,60.0
538008115,1717975793,36.119949,129.938629,18.0,2,60.0
538008115,1717975803,36.120049,129.938644,18.0,2,60.0
538008115,1717975824,36.120232,129.93869,18.0,2,60.0
538008115,1717975833,36.1203,129.93869,18.0,2,60.0
538008115,1717975852,36.120468,129.938721,18.0,2,50.0
538008115,1717975994,36.1217,129.938873,16.0,2,40.0
538008115,1717976004,36.121784,129.938889,16.0,2,40.0
538008115,1717976023,36.121948,129.938904,16.0,2,40.0
538008115,1717976032,36.122017,129.938904,15.0,2,40.0
538008115,1717976044,36.122116,129.938919,15.0,2,40.0
538008115,1717976054,36.1222,129.938919,16.0,2,30.0
538008115,1717976064,36.122284,129.938934,16.0,2,30.0
538008115,1717976073,36.122349,129.938934,16.0,2,30.0
538008115,1717976092,36.122501,129.93895,16.0,2,20.0
538008115,1717976114,36.122684,129.93895,16.0,2,10.0
538008115,1717976133,36.122833,129.938965,16.0,2,10.0
538008115,1717976164,36.123066,129.93898,16.0,2,0.0
538008115,1717976174,36.12315,129.93898,16.0,2,0.0
538008115,1717976184,36.123234,129.93898,16.0,2,0.0
538008115,1717976212,36.123451,129.938995,15.0,2,0.0
538008115,1717976223,36.123531,129.938995,15.0,2,0.0
538008115,1717976234,36.123615,129.938995,15.0,2,3590.0
538008115,1717976272,36.123901,129.938995,15.0,2,3590.0
538008115,1717976283,36.123981,129.938995,15.0,2,3590.0
538008115,1717976294,36.124065,129.938995,15.0,2,3580.0
538008115,1717976314,36.124218,129.938995,15.0,2,3580.0
538008115,1717976324,36.124283,129.938995,15.0,2,3580.0
538008115,1717976354,36.124516,129.939011,15.0,2,3570.0
538008115,1717976364,36.124584,129.939011,15.0,2,3570.0
538008115,1717976424,36.125015,129.938995,14.0,2,3560.0
538008115,1717976463,36.125301,129.93898,14.0,2,3560.0
538008115,1717976504,36.125599,129.938965,14.0,2,3550.0
538008115,1717976524,36.125732,129.938965,14.0,2,3540.0
538008115,1717976544,36.125881,129.93895,14.0,2,3540.0
538008115,1717976604,36.126282,129.938919,14.0,2,3530.0
538008115,1717976623,36.126415,129.938904,14.0,2,3530.0
538008115,1717976634,36.126499,129.938904,14.0,2,3530.0
538008115,1717976643,36.126568,129.938904,14.0,2,3530.0
538008115,1717976683,36.126835,129.938873,13.0,2,3530.0
538008115,1717976694,36.126919,129.938843,13.0,2,3530.0
538008115,1717976734,36.127182,129.938812,12.0,2,3540.0
538008115,1717976754,36.127316,129.938797,12.0,2,3540.0
538008115,1717976763,36.127384,129.938797,12.0,2,3540.0
538008115,1717976774,36.127449,129.938782,12.0,2,3530.0
538008115,1717976794,36.127583,129.938766,12.0,2,3530.0
538008115,1717976814,36.127716,129.938751,12.0,2,3530.0
538008115,1717976823,36.127766,129.938751,12.0,2,3530.0
538008115,1717976834,36.12785,129.938736,12.0,2,3530.0
538008115,1717976854,36.127968,129.938721,12.0,2,3530.0
538008115,1717976863,36.128033,129.938721,12.0,2,3520.0
538008115,1717976883,36.128216,129.93866,13.0,2,3520.0
538008115,1717976893,36.128284,129.938705,13.0,2,3520.0
538008115,1717976903,36.128334,129.938705,12.0,2,3520.0
538008115,1717976914,36.128418,129.938705,12.0,2,3520.0
538008115,1717976934,36.128551,129.93869,12.0,2,3520.0
538008115,1717976953,36.128666,129.93866,12.0,2,3520.0
538008115,1717976963,36.128735,129.938644,12.0,2,3510.0
538008115,1717976974,36.128799,129.938614,12.0,2,3510.0
538008115,1717976994,36.128899,129.938583,12.0,2,3510.0
538008115,1717977004,36.128948,129.938583,12.0,2,3510.0
538008115,1717977023,36.129082,129.938553,12.0,2,3510.0
538008115,1717977034,36.12915,129.938553,12.0,2,3510.0
538008115,1717977054,36.129284,129.938538,12.0,2,3500.0
538008115,1717977064,36.129368,129.938538,12.0,2,3500.0
538008115,1717977073,36.129417,129.938538,12.0,2,3500.0
538008115,1717977103,36.129581,129.938477,12.0,2,3500.0
538008115,1717977124,36.129719,129.938446,12.0,2,3500.0
538008115,1717977154,36.129917,129.9384,12.0,2,3500.0
538008115,1717977193,36.130165,129.938354,12.0,2,3500.0
538008115,1717977223,36.130367,129.938324,12.0,2,3490.0
538008115,1717977243,36.130482,129.938293,12.0,2,3500.0
538008115,1717977252,36.13055,129.938293,12.0,2,3490.0
538008115,1717977264,36.130615,129.938278,12.0,2,3490.0
538008115,1717977282,36.130684,129.938248,12.0,2,3490.0
538008115,1717977303,36.130817,129.938217,12.0,2,3490.0
538008115,1717977313,36.130867,129.938217,12.0,2,3490.0
538008115,1717977324,36.130932,129.938202,11.0,2,3480.0
538008115,1717977342,36.13105,129.938171,11.0,2,3490.0
538008115,1717977373,36.131199,129.938126,11.0,2,3490.0
538008115,1717977384,36.131268,129.93808,11.0,2,3490.0
538008115,1717977402,36.131382,129.93808,11.0,2,3480.0
538008115,1717977414,36.131451,129.938065,11.0,2,3470.0
538008115,1717977423,36.131481,129.938049,11.0,2,3470.0
538008115,1717977433,36.13155,129.938049,11.0,2,3470.0
538008115,1717977462,36.131683,129.938019,12.0,2,3470.0
538008115,1717977493,36.131882,129.937943,11.0,2,3480.0
538008115,1717977504,36.131966,129.937927,11.0,2,3480.0
538008115,1717977513,36.132034,129.937912,11.0,2,3470.0
538008115,1717977523,36.132099,129.937912,11.0,2,3470.0
538008115,1717977542,36.132233,129.937851,9.0,2,3490.0
538008115,1717977553,36.132267,129.937866,10.0,2,3470.0
538008115,1717977564,36.132317,129.937851,10.0,2,3470.0
538008115,1717977573,36.132366,129.937836,11.0,2,3480.0
538008115,1717977594,36.132484,129.937805,11.0,2,3480.0
538008115,1717977602,36.132519,129.937805,11.0,2,3480.0
538008115,1717977613,36.132584,129.93779,11.0,2,3470.0
538008115,1717977624,36.132648,129.937759,11.0,2,3470.0
538008115,1717977643,36.132751,129.937729,11.0,2,3470.0
538008115,1717977654,36.132801,129.937714,10.0,2,3470.0
538008115,1717977792,36.133598,129.937515,10.0,2,3470.0
538008115,1717977823,36.133751,129.937485,10.0,2,3470.0
538008115,1717977883,36.134102,129.937378,10.0,2,3470.0
538008115,1717977943,36.134434,129.937286,11.0,2,3460.0
538008115,1717977963,36.134518,129.937271,10.0,2,3460.0
538008115,1717977983,36.134617,129.937241,11.0,2,3460.0
538008115,1717978003,36.134766,129.937195,11.0,2,3460.0
538008115,1717978023,36.13485,129.937164,11.0,2,3460.0
538008115,1717978043,36.134968,129.937119,11.0,2,3460.0
538008115,1717978054,36.135017,129.937103,11.0,2,3460.0
538008115,1717978073,36.135117,129.937088,11.0,2,3460.0
538008115,1717978083,36.135181,129.937057,11.0,2,3460.0
538008115,1717978114,36.135334,129.937012,11.0,2,3450.0
538008115,1717978143,36.135502,129.936951,11.0,2,3450.0
538008115,1717978153,36.135567,129.936935,11.0,2,3450.0
538008115,1717978163,36.135616,129.93692,11.0,2,3450.0
538008115,1717978174,36.135681,129.936905,11.0,2,3450.0
538008115,1717978183,36.135735,129.93689,11.0,2,3450.0
538008115,1717978204,36.135849,129.936844,11.0,2,3450.0
538008115,1717978213,36.135899,129.936829,11.0,2,3450.0
538008115,1717978223,36.135948,129.936813,10.0,2,3450.0
538008115,1717978234,36.136002,129.936798,10.0,2,3450.0
538008115,1717978243,36.136066,129.936783,10.0,2,3460.0
538008115,1717978253,36.136116,129.936768,12.0,2,3460.0
538008115,1717978274,36.136284,129.936737,12.0,2,3460.0
538008115,1717978282,36.136333,129.936722,12.0,2,3460.0
538008115,1717978294,36.136398,129.936707,12.0,2,3470.0
538008115,1717978313,36.136532,129.936646,12.0,2,3460.0
538008115,1717978324,36.136581,129.93663,12.0,2,3460.0
538008115,1717978335,36.13665,129.936615,12.0,2,3470.0
538008115,1717978354,36.136749,129.936584,12.0,2,3470.0
538008115,1717978363,36.136799,129.936569,12.0,2,3470.0
538008115,1717978374,36.136848,129.936539,12.0,2,3460.0
538008115,1717978384,36.136902,129.936539,12.0,2,3470.0
538008115,1717978394,36.136967,129.936493,12.0,2,3470.0
538008115,1717978402,36.137001,129.936493,12.0,2,3460.0
538008115,1717978413,36.137066,129.936462,12.0,2,3470.0
538008115,1717978444,36.137218,129.936417,12.0,2,3470.0
538008115,1717978454,36.137268,129.936401,12.0,2,3470.0
538008115,1717978463,36.137333,129.936371,12.0,2,3460.0
538008115,1717978473,36.137383,129.936356,12.0,2,3470.0
538008115,1717978514,36.137615,129.936279,13.0,2,3470.0
538008115,1717978522,36.137669,129.936264,13.0,2,3470.0
538008115,1717978533,36.137733,129.936249,12.0,2,3470.0
538008115,1717978544,36.137783,129.936234,12.0,2,3470.0
538008115,1717978554,36.137852,129.936203,12.0,2,3460.0
538008115,1717978564,36.137901,129.936203,11.0,2,3460.0
538008115,1717978574,36.137951,129.936188,11.0,2,3460.0
538008115,1717978582,36.138,129.936172,11.0,2,3460.0
538008115,1717978604,36.138134,129.936127,11.0,2,3460.0
538008115,1717978664,36.1385,129.93602,11.0,2,3470.0
538008115,1717978724,36.138832,129.935913,11.0,2,3470.0
538008115,1717978733,36.138882,129.935898,11.0,2,3470.0
538008115,1717978762,36.139069,129.935852,11.0,2,3470.0
538008115,1717978784,36.139183,129.935837,11.0,2,3470.0
538008115,1717978793,36.139252,129.935806,11.0,2,3470.0
538008115,1717978803,36.139282,129.935806,11.0,2,3470.0
538008115,1717978814,36.139351,129.935776,11.0,2,3470.0
538008115,1717978833,36.139465,129.935745,11.0,2,3470.0
538008115,1717978844,36.139519,129.93573,11.0,2,3470.0
538008115,1717978853,36.139584,129.935715,11.0,2,3470.0
538008115,1717978863,36.139633,129.935699,11.0,2,3470.0
538008115,1717979053,36.140682,129.935394,11.0,2,3470.0
538008115,1717979123,36.141102,129.935287,11.0,2,3470.0
538008115,1717979143,36.141216,129.935257,10.0,2,3470.0
538008115,1717979313,36.142166,129.934998,11.0,2,3470.0
538008115,1717979333,36.14225,129.934982,11.0,2,3470.0
538008115,1717979352,36.142384,129.934952,11.0,2,3480.0
538008115,1717979373,36.142502,129.934921,10.0,2,3480.0
538008115,1717979423,36.142735,129.93483,11.0,2,3510.0
538008115,1717979433,36.142799,129.93483,10.0,2,3490.0
538008115,1717979454,36.142933,129.934814,10.0,2,3480.0
538008115,1717979592,36.143684,129.934631,11.0,2,3460.0
538008115,1717979644,36.143982,129.934555,10.0,2,3480.0
538008115,1717979653,36.144016,129.93454,11.0,2,3470.0
538008115,1717979674,36.144135,129.934494,11.0,2,3470.0
538008115,1717979693,36.144249,129.934479,11.0,2,3470.0
538008115,1717979713,36.144348,129.934448,11.0,2,3480.0
538008115,1717979753,36.144585,129.934387,11.0,2,3470.0
538008115,1717979784,36.144749,129.934357,11.0,2,3460.0
538008115,1717979794,36.144783,129.934326,11.0,2,3470.0
538008115,1717979803,36.144817,129.934311,11.0,2,3470.0
538008115,1717979813,36.144917,129.93428,11.0,2,3470.0
538008115,1717979823,36.144981,129.93428,11.0,2,3470.0
538008115,1717979833,36.145016,129.93425,11.0,2,3480.0
538008115,1717979844,36.145084,129.934235,11.0,2,3480.0
538008115,1717979863,36.145218,129.934219,12.0,2,3470.0
538008115,1717979883,36.145317,129.934189,11.0,2,3460.0
538008115,1717979894,36.145367,129.934174,11.0,2,3460.0
538008115,1717979904,36.145432,129.934143,11.0,2,3460.0
538008115,1717979914,36.145481,129.934128,11.0,2,3460.0
538008115,1717979923,36.14555,129.934113,11.0,2,3460.0
538008115,1717979935,36.145599,129.934097,11.0,2,3460.0
538008115,1717979943,36.145649,129.934082,11.0,2,3460.0
538008115,1717979954,36.145733,129.934052,11.0,2,3470.0
538008115,1717979963,36.145767,129.934036,11.0,2,3470.0
538008115,1717979974,36.145832,129.934021,11.0,2,3460.0
538008115,1717979983,36.145882,129.934006,11.0,2,3460.0
538008115,1717979993,36.14595,129.934006,11.0,2,3470.0
538008115,1717980005,36.146,129.93399,11.0,2,3470.0
538008115,1717980014,36.146084,129.933945,11.0,2,3470.0
538008115,1717980023,36.146133,129.933929,11.0,2,3480.0
538008115,1717980043,36.146233,129.933914,11.0,2,3460.0
538008115,1717980053,36.146282,129.933914,11.0,2,3460.0
538008115,1717980063,36.146332,129.933899,11.0,2,3460.0
538008115,1717980074,36.1464,129.933884,11.0,2,3460.0
538008115,1717980083,36.14645,129.933868,11.0,2,3460.0
538008115,1717980103,36.146549,129.933838,11.0,2,3460.0
538008115,1717980113,36.146618,129.933823,11.0,2,3460.0
538008115,1717980134,36.146751,129.933777,11.0,2,3460.0
538008115,1717980163,36.1469,129.933731,11.0,2,3460.0
538008115,1717980202,36.147099,129.933685,11.0,2,3460.0
538008115,1717980223,36.147251,129.933655,11.0,2,3470.0
538008115,1717980262,36.147469,129.933563,11.0,2,3470.0
538008115,1717980322,36.1478,129.933487,11.0,2,3470.0
538008115,1717980332,36.14785,129.933472,11.0,2,3470.0
538008115,1717980343,36.147919,129.933472,11.0,2,3470.0
538008115,1717980363,36.148033,129.933426,10.0,2,3460.0
538008115,1717980373,36.148083,129.933411,10.0,2,3470.0
538008115,1717980392,36.148201,129.93338,11.0,2,3470.0
538008115,1717980413,36.1483,129.93335,11.0,2,3470.0
538008115,1717980433,36.148418,129.933319,12.0,2,3470.0
538008115,1717980442,36.148468,129.933304,11.0,2,3470.0
538008115,1717980473,36.148651,129.933243,10.0,2,3470.0
538008115,1717980483,36.148701,129.933228,10.0,2,3470.0
538008115,1717980493,36.14875,129.933228,11.0,2,3470.0
538008115,1717980512,36.148869,129.933197,10.0,2,3470.0
538008115,1717980523,36.148918,129.933167,10.0,2,3470.0
538008115,1717980533,36.148983,129.933167,10.0,2,3460.0
538008115,1717980543,36.149033,129.933151,10.0,2,3460.0
538008115,1717980553,36.149082,129.933151,10.0,2,3460.0
538008115,1717980563,36.149166,129.933121,10.0,2,3460.0
538008115,1717980573,36.149216,129.933105,10.0,2,3450.0
538008115,1717980583,36.149265,129.933105,10.0,2,3450.0
538008115,1717980623,36.149483,129.933014,10.0,2,3460.0
538008115,1717980644,36.149632,129.932999,11.0,2,3430.0
538008115,1717980653,36.149666,129.932953,10.0,2,3450.0
538008115,1717980673,36.149734,129.932938,10.0,2,3460.0
538008115,1717980683,36.149818,129.932922,10.0,2,3450.0
538008115,1717980704,36.149918,129.932907,10.0,2,3450.0
538008115,1717980744,36.15015,129.932831,10.0,2,3460.0
538008115,1717980752,36.1502,129.932816,10.0,2,3460.0
538008115,1717980773,36.150318,129.9328,10.0,2,3450.0
538008115,1717980784,36.150349,129.93277,10.0,2,3460.0
538008115,1717980794,36.150417,129.932755,10.0,2,3450.0
538008115,1717980803,36.150482,129.932739,10.0,2,3450.0
538008115,1717980812,36.150532,129.932739,10.0,2,3440.0
538008115,1717980824,36.150581,129.932724,10.0,2,3450.0
538008115,1717980833,36.15065,129.932693,10.0,2,3460.0
538008115,1717980844,36.1507,129.932663,10.0,2,3460.0
538008115,1717980873,36.150867,129.932632,10.0,2,3450.0
538008115,1717980884,36.150932,129.932617,10.0,2,3460.0
538008115,1717980893,36.151001,129.932602,11.0,2,3460.0
538008115,1717980904,36.151085,129.932587,10.0,2,3450.0
538008115,1717980923,36.15115,129.932556,10.0,2,3450.0
538008115,1717980932,36.151199,129.932526,10.0,2,3460.0
538008115,1717980944,36.151283,129.93251,10.0,2,3460.0
538008115,1717980953,36.151318,129.932495,10.0,2,3470.0
538008115,1717980964,36.151367,129.93248,10.0,2,3470.0
538008115,1717980993,36.151531,129.932449,10.0,2,3460.0
538008115,1717981003,36.1516,129.932419,11.0,2,3470.0
538008115,1717981013,36.151684,129.932419,10.0,2,3460.0
538008115,1717981024,36.151733,129.932404,10.0,2,3460.0
538008115,1717981053,36.151901,129.932343,10.0,2,3470.0
538008115,1717981063,36.151932,129.932327,10.0,2,3470.0
538008115,1717981073,36.152,129.932312,11.0,2,3470.0
538008115,1717981084,36.152084,129.932312,10.0,2,3470.0
538008115,1717981093,36.152119,129.932297,10.0,2,3470.0
538008115,1717981103,36.152184,129.932281,11.0,2,3470.0
538008115,1717981113,36.152218,129.932266,11.0,2,3470.0
538008115,1717981133,36.152351,129.932251,10.0,2,3460.0
538008115,1717981144,36.152401,129.932236,10.0,2,3460.0
538008115,1717981163,36.152534,129.932205,10.0,2,3470.0
538008115,1717981173,36.152584,129.93219,10.0,2,3480.0
538008115,1717981183,36.152634,129.932159,11.0,2,3480.0
538008115,1717981192,36.152683,129.932144,10.0,2,3470.0
538008115,1717981223,36.152866,129.932114,10.0,2,3480.0
538008115,1717981243,36.152985,129.932098,9.0,2,3470.0
538008115,1717981253,36.153034,129.932098,9.0,2,3480.0
538008115,1717981403,36.153866,129.9319,10.0,2,3490.0
538008115,1717981433,36.154083,129.931885,10.0,2,3500.0
538008115,1717981574,36.154816,129.931732,9.0,2,3500.0
538008115,1717981923,36.156685,129.931458,10.0,2,3540.0
538008115,1717981993,36.157032,129.931473,9.0,2,3540.0
538008115,1717982033,36.157234,129.931427,9.0,2,3530.0
538008115,1717982093,36.157551,129.931396,9.0,2,3540.0
538008115,1717982124,36.1577,129.931396,8.0,2,3530.0
538008115,1717982133,36.157719,129.931381,9.0,2,3530.0
538008115,1717982254,36.158352,129.931335,8.0,2,3540.0
538008115,1717982402,36.159084,129.93129,9.0,2,3540.0
538008115,1717982453,36.159332,129.931244,9.0,2,3550.0
538008115,1717982484,36.1595,129.931244,9.0,2,3550.0
538008115,1717982513,36.159634,129.931244,9.0,2,3550.0
538008115,1717982522,36.159683,129.931229,9.0,2,3560.0
538008115,1717982534,36.159782,129.931229,9.0,2,3560.0
538008115,1717982603,36.160084,129.931213,9.0,2,3560.0
538008115,1717982633,36.160267,129.931198,9.0,2,3570.0
538008115,1717982674,36.160435,129.931198,7.0,2,3560.0
538008115,1717982812,36.161083,129.931168,7.0,2,3550.0
538008115,1717982823,36.161133,129.931168,7.0,2,3560.0
538008115,1717982833,36.161182,129.931168,7.0,2,3560.0
538008115,1717982843,36.161232,129.931152,7.0,2,3560.0
538008115,1717982884,36.161415,129.931152,7.0,2,3550.0
538008115,1717982893,36.161469,129.931152,7.0,2,3550.0
538008115,1717982903,36.161499,129.931152,7.0,2,3560.0
538008115,1717982913,36.161533,129.931168,7.0,2,3560.0
538008115,1717982933,36.161633,129.931137,7.0,2,3560.0
538008115,1717982943,36.161682,129.931137,7.0,2,3550.0
538008115,1717982953,36.161732,129.931137,7.0,2,3540.0
538008115,1717982963,36.161766,129.931137,7.0,2,3540.0
538008115,1717982973,36.161816,129.931137,7.0,2,3550.0
538008115,1717982993,36.161934,129.931122,7.0,2,3540.0
538008115,1717983013,36.161999,129.931107,7.0,2,3540.0
538008115,1717983043,36.162132,129.931107,7.0,2,3540.0
538008115,1717983053,36.162167,129.931076,7.0,2,3530.0
538008115,1717983213,36.162868,129.93103,7.0,2,3530.0
538008115,1717983244,36.163017,129.931015,7.0,2,3530.0
538008115,1717983263,36.163101,129.931015,6.0,2,3510.0
538008115,1717983283,36.163181,129.931,7.0,2,3520.0
538008115,1717983293,36.163235,129.931,7.0,2,3510.0
538008115,1717983314,36.163319,129.930984,7.0,2,3510.0
538008115,1717983323,36.163368,129.930984,7.0,2,3510.0
538008115,1717983343,36.163467,129.930969,6.0,2,3510.0
538008115,1717983352,36.163502,129.930969,6.0,2,3500.0
538008115,1717983364,36.163551,129.930954,6.0,2,3500.0
538008115,1717983374,36.163582,129.930954,6.0,2,3500.0
538008115,1717983403,36.1637,129.930939,5.0,2,3500.0
538008115,1717983412,36.163734,129.930939,5.0,2,3500.0
538008115,1717983424,36.163799,129.930923,5.0,2,3510.0
538008115,1717983443,36.163883,129.930893,5.0,2,3510.0
538008115,1717983484,36.164032,129.930878,6.0,2,3500.0
538008115,1717983493,36.164066,129.930862,6.0,2,3500.0
538008115,1717983733,36.165051,129.930679,6.0,2,3490.0
538008115,1717983743,36.165085,129.930679,5.0,2,3480.0
538008115,1717983764,36.165169,129.930649,6.0,2,3490.0
538008115,1717983774,36.165199,129.930649,6.0,2,3490.0
538008115,1717983803,36.165318,129.930634,6.0,2,3480.0
538008115,1717983813,36.165367,129.930618,6.0,2,3480.0
538008115,1717983834,36.165466,129.930603,6.0,2,3470.0
538008115,1717983863,36.16555,129.930573,6.0,2,3490.0
538008115,1717983873,36.165585,129.930573,6.0,2,3490.0
538008115,1717984083,36.166431,129.93042,6.0,2,3480.0
538008115,1717984114,36.166569,129.930389,6.0,2,3480.0
538008115,1717984143,36.166683,129.930374,6.0,2,3480.0
538008115,1717984212,36.16695,129.930283,6.0,2,3470.0
538008115,1717984223,36.167,129.930267,6.0,2,3460.0
538008115,1717984243,36.167068,129.930252,5.0,2,3460.0
538008115,1717984272,36.167183,129.930237,5.0,2,3460.0
538008115,1717984283,36.167233,129.930222,5.0,2,3450.0
538008115,1717984293,36.167267,129.930222,5.0,2,3450.0
538008115,1717984303,36.167301,129.930206,5.0,2,3450.0
538008115,1717984322,36.167366,129.930176,6.0,2,3440.0
538008115,1717984344,36.16745,129.930145,6.0,2,3440.0
538008115,1717984353,36.1675,129.93013,6.0,2,3450.0
538008115,1717984385,36.167599,129.930099,6.0,2,3470.0
538008115,1717984394,36.167633,129.930084,5.0,2,3480.0
538008115,1717984403,36.167667,129.930084,5.0,2,3460.0
538008115,1717984414,36.167717,129.930069,6.0,2,3470.0
538008115,1717984423,36.167751,129.930054,5.0,2,3470.0
538008115,1717984443,36.167816,129.930038,5.0,2,3470.0
538008115,1717984463,36.167915,129.929993,5.0,2,3470.0
538008115,1717984514,36.168118,129.929947,6.0,2,3480.0
538008115,1717984523,36.168152,129.929947,6.0,2,3480.0
538008115,1717984563,36.168316,129.929901,6.0,2,3490.0
538008115,1717984574,36.16835,129.929901,6.0,2,3490.0
538008115,1717984593,36.168434,129.929886,6.0,2,3490.0
538008115,1717984623,36.168549,129.929855,6.0,2,3490.0
538008115,1717984634,36.168583,129.92984,6.0,2,3500.0
538008115,1717984653,36.168667,129.92981,6.0,2,3490.0
538008115,1717984664,36.168716,129.929794,6.0,2,3490.0
538008115,1717984694,36.168835,129.929794,6.0,2,3470.0
538008115,1717984714,36.168919,129.929779,6.0,2,3460.0
538008115,1717984732,36.168999,129.929749,6.0,2,3460.0
538008115,1717984754,36.169083,129.929733,6.0,2,3460.0
538008115,1717984762,36.169117,129.929733,6.0,2,3450.0
538008115,1717984792,36.169231,129.929688,6.0,2,3470.0
538008115,1717984814,36.169315,129.929672,6.0,2,3470.0
538008115,1717984822,36.169334,129.929672,6.0,2,3470.0
538008115,1717984834,36.169384,129.929657,6.0,2,3460.0
538008115,1717984852,36.169449,129.929626,6.0,2,3460.0
538008115,1717984942,36.1698,129.92952,6.0,2,3440.0
538008115,1717984955,36.169849,129.929504,6.0,2,3430.0
538008115,1717984963,36.169884,129.929504,6.0,2,3430.0
538008115,1717984972,36.169899,129.929489,6.0,2,3440.0
538008115,1717984984,36.169949,129.929489,6.0,2,3440.0
538008115,1717985032,36.170116,129.929382,6.0,2,3460.0
538008115,1717985044,36.170151,129.929367,6.0,2,3450.0
538008115,1717985054,36.170181,129.929367,6.0,2,3450.0
538008115,1717985063,36.170216,129.929352,6.0,2,3450.0
538008115,1717985123,36.170448,129.92926,5.0,2,3430.0
538008115,1717985164,36.170601,129.929214,6.0,2,3430.0
538008115,1717985174,36.170631,129.929199,6.0,2,3420.0
538008115,1717985183,36.170666,129.929184,5.0,2,3430.0
538008115,1717985203,36.170734,129.929169,6.0,2,3440.0
538008115,1717985224,36.170818,129.929138,6.0,2,3460.0
538008115,1717985243,36.170883,129.929123,6.0,2,3470.0
538008115,1717985293,36.171066,129.929047,6.0,2,3460.0
538008115,1717985383,36.171417,129.92894,6.0,2,3480.0
538008115,1717985403,36.171501,129.928894,6.0,2,3480.0
538008115,1717985413,36.171532,129.928894,6.0,2,3480.0
538008115,1717985473,36.171749,129.928818,6.0,2,3480.0
538008115,1717985493,36.171818,129.928787,6.0,2,3490.0
538008115,1717985513,36.171902,129.928787,6.0,2,3460.0
538008115,1717985523,36.171932,129.928772,6.0,2,3460.0
538008115,1717985533,36.171982,129.928757,6.0,2,3450.0
538008115,1717985562,36.1721,129.928711,7.0,2,3450.0
538008115,1717985573,36.172134,129.928696,7.0,2,3450.0
538008115,1717985593,36.172199,129.92868,7.0,2,3450.0
538008115,1717985602,36.172234,129.928665,7.0,2,3440.0
538008115,1717985613,36.172283,129.92865,7.0,2,3440.0
538008115,1717985654,36.172432,129.928619,7.0,2,3430.0
538008115,1717985662,36.172466,129.928604,7.0,2,3440.0
538008115,1717985673,36.172501,129.928589,7.0,2,3440.0
538008115,1717985683,36.172531,129.928589,7.0,2,3430.0
538008115,1717985693,36.172585,129.928543,7.0,2,3440.0
538008115,1717985714,36.172649,129.928528,7.0,2,3430.0
538008115,1717985722,36.172684,129.928513,6.0,2,3430.0
538008115,1717985733,36.172733,129.928497,7.0,2,3420.0
538008115,1717985743,36.172768,129.928497,7.0,2,3430.0
538008115,1717985753,36.172798,129.928482,7.0,2,3430.0
538008115,1717985782,36.172916,129.928436,7.0,2,3430.0
538008115,1717985813,36.173016,129.928406,7.0,2,3430.0
538008115,1717985853,36.173168,129.928345,7.0,2,3430.0
538008115,1717985863,36.173199,129.928345,7.0,2,3430.0
538008115,1717985873,36.173248,129.928329,7.0,2,3430.0
538008115,1717985904,36.173367,129.928284,7.0,2,3430.0
538008115,1717985913,36.173382,129.928284,7.0,2,3430.0
538008115,1717985944,36.173515,129.928238,7.0,2,3430.0
538008115,1717985964,36.173599,129.928207,7.0,2,3430.0
538008115,1717985973,36.173618,129.928177,7.0,2,3420.0
538008115,1717985994,36.173698,129.928162,6.0,2,3420.0
538008115,1717986003,36.173733,129.928146,6.0,2,3420.0
538008115,1717986014,36.173782,129.928131,6.0,2,3420.0
538008115,1717986024,36.173817,129.928116,6.0,2,3420.0
538008115,1717986033,36.173851,129.928101,6.0,2,3420.0
538008115,1717986054,36.173931,129.92807,6.0,2,3410.0
538008115,1717986073,36.174,129.928055,6.0,2,3410.0
538008115,1717986084,36.174049,129.92804,6.0,2,3410.0
538008115,1717986114,36.174168,129.927979,6.0,2,3410.0
538008115,1717986123,36.174198,129.927979,6.0,2,3400.0
538008115,1717986204,36.174519,129.927811,7.0,2,3430.0
538008115,1717986224,36.174599,129.92778,7.0,2,3420.0
538008115,1717986243,36.174667,129.92775,7.0,2,3410.0
538008115,1717986253,36.174732,129.927734,7.0,2,3410.0
538008115,1717986264,36.174767,129.927719,7.0,2,3420.0
538008115,1717986274,36.174801,129.927704,7.0,2,3410.0
538008115,1717986284,36.17485,129.927689,7.0,2,3410.0
538008115,1717986294,36.174885,129.927673,7.0,2,3420.0
538008115,1717986314,36.174969,129.927628,7.0,2,3420.0
538008115,1717986324,36.174999,129.927597,7.0,2,3420.0
538008115,1717986344,36.175083,129.927582,7.0,2,3410.0
538008115,1717986354,36.175133,129.927551,7.0,2,3420.0
538008115,1717986364,36.175152,129.927551,7.0,2,3410.0
538008115,1717986414,36.175365,129.927444,7.0,2,3420.0
538008115,1717986424,36.1754,129.927444,7.0,2,3410.0
538008115,1717986484,36.175667,129.927322,8.0,2,3420.0
538008115,1717986504,36.175751,129.927277,7.0,2,3410.0
538008115,1717986514,36.175781,129.927261,7.0,2,3410.0
538008115,1717986544,36.175919,129.9272,7.0,2,3410.0
538008115,1717986574,36.176033,129.927185,8.0,2,3410.0
538008115,1717986823,36.177101,129.926697,8.0,2,3430.0
538008115,1717986843,36.177181,129.926682,8.0,2,3420.0
538008115,1717986883,36.177349,129.92662,8.0,2,3430.0
538008115,1717987147,36.178482,129.926178,8.0,2,3440.0
538008115,1717987304,36.179199,129.925903,8.0,2,3440.0
538008115,1717987334,36.179333,129.925858,8.0,2,3440.0
538008115,1717987342,36.179367,129.925827,8.0,2,3430.0
538008115,1717987354,36.179417,129.925827,8.0,2,3430.0
538008115,1717987364,36.179466,129.925797,8.0,2,3420.0
538008115,1717987402,36.179634,129.925735,8.0,2,3430.0
538008115,1717987424,36.179733,129.92569,8.0,2,3440.0
538008115,1717987484,36.18,129.925583,8.0,2,3430.0
538008115,1717987492,36.18005,129.925568,8.0,2,3440.0
538008115,1717987522,36.180183,129.925522,8.0,2,3440.0
538008115,1717987534,36.180233,129.925507,8.0,2,3440.0
538008115,1717987544,36.180283,129.925476,8.0,2,3430.0
538008115,1717987553,36.180317,129.925461,8.0,2,3430.0
538008115,1717987564,36.180367,129.925446,8.0,2,3420.0
538008115,1717987573,36.180416,129.92543,8.0,2,3440.0
538008115,1717987582,36.18045,129.925415,8.0,2,3440.0
538008115,1717987594,36.1805,129.9254,8.0,2,3430.0
538008115,1717987613,36.180584,129.925369,8.0,2,3440.0
538008115,1717987633,36.180683,129.925323,8.0,2,3450.0
538008115,1717987644,36.180733,129.925293,8.0,2,3450.0
538008115,1717987684,36.180901,129.925247,9.0,2,3450.0
538008115,1717987696,36.180965,129.925232,9.0,2,3440.0
538008115,1717987704,36.181019,129.925217,9.0,2,3450.0
538008115,1717987713,36.181068,129.925201,8.0,2,3450.0
538008115,1717987722,36.181099,129.925171,9.0,2,3450.0
538008115,1717987774,36.181351,129.925079,9.0,2,3450.0
538008115,1717987782,36.181381,129.925064,9.0,2,3450.0
538008115,1717987824,36.181583,129.925003,9.0,2,3450.0
538008115,1717987834,36.181633,129.925003,9.0,2,3450.0
538008115,1717987842,36.181667,129.924988,9.0,2,3450.0
538008115,1717987902,36.181969,129.924881,9.0,2,3450.0
538008115,1717987934,36.182098,129.92482,9.0,2,3450.0
538008115,1717987944,36.182152,129.924805,9.0,2,3450.0
538008115,1717987954,36.182201,129.924805,9.0,2,3440.0
538008115,1717987962,36.182251,129.924774,9.0,2,3440.0
538008115,1717987994,36.1824,129.924713,9.0,2,3440.0
538008115,1717988044,36.182652,129.924637,9.0,2,3440.0
538008115,1717988074,36.1828,129.924561,9.0,2,3440.0
538008115,1717988082,36.182835,129.924545,9.0,2,3440.0
538008115,1717988114,36.182999,129.9245,9.0,2,3440.0
538008115,1717988134,36.183102,129.924469,9.0,2,3440.0
538008115,1717988153,36.183201,129.924423,9.0,2,3440.0
538008115,1717988194,36.183399,129.924347,9.0,2,3430.0
538008115,1717988234,36.183601,129.924271,9.0,2,3440.0
538008115,1717988243,36.183632,129.924255,9.0,2,3430.0
538008115,1717988273,36.1838,129.924179,10.0,2,3440.0
538008115,1717988303,36.183949,129.924133,10.0,2,3430.0
538008115,1717988324,36.184052,129.924088,10.0,2,3440.0
538008115,1717988342,36.184132,129.924057,10.0,2,3430.0
538008115,1717988354,36.1842,129.924026,10.0,2,3440.0
538008115,1717988384,36.184334,129.923981,10.0,2,3430.0
538008115,1717988403,36.184448,129.92395,10.0,2,3430.0
538008115,1717988413,36.184483,129.923935,9.0,2,3430.0
538008115,1717988444,36.184666,129.923874,10.0,2,3440.0
538008115,1717988553,36.185234,129.923645,10.0,2,3430.0
538008115,1717988563,36.185268,129.92363,10.0,2,3420.0
538008115,1717988662,36.185799,129.923416,10.0,2,3430.0
538008115,1717988683,36.185917,129.923386,10.0,2,3430.0
538008115,1717988723,36.186115,129.923279,10.0,2,3430.0
538008115,1717988764,36.186352,129.923203,11.0,2,3410.0
538008115,1717988783,36.186451,129.923172,11.0,2,3420.0
538008115,1717988824,36.186668,129.923065,11.0,2,3420.0
538008115,1717988843,36.186783,129.923035,11.0,2,3410.0
538008115,1717988884,36.187016,129.922943,11.0,2,3410.0
538008115,1717988974,36.1875,129.922745,11.0,2,3410.0
538008115,1717988983,36.187569,129.922714,11.0,2,3410.0
538008115,1717989004,36.187668,129.922684,11.0,2,3400.0
538008115,1717989043,36.187881,129.922562,11.0,2,3410.0
538008115,1717989103,36.188217,129.92244,11.0,2,3400.0
538008115,1717989135,36.188381,129.922333,11.0,2,3410.0
538008115,1717989155,36.188499,129.922302,11.0,2,3400.0
538008115,1717989163,36.188549,129.922272,11.0,2,3400.0
538008115,1717989214,36.188831,129.92215,11.0,2,3400.0
538008115,1717989223,36.1889,129.922119,11.0,2,3410.0
538008115,1717989234,36.18895,129.922089,11.0,2,3400.0
538008115,1717989244,36.189018,129.922073,11.0,2,3400.0
538008115,1717989274,36.189201,129.921997,11.0,2,3400.0
538008115,1717989283,36.189232,129.921982,11.0,2,3400.0
538008115,1717989294,36.189301,129.921951,11.0,2,3400.0
538008115,1717989304,36.18935,129.921936,11.0,2,3400.0
538008115,1717989314,36.189419,129.921906,11.0,2,3400.0
538008115,1717989324,36.189468,129.92186,12.0,2,3400.0
538008115,1717989354,36.189651,129.921799,11.0,2,3390.0
538008115,1717989385,36.189816,129.921722,11.0,2,3390.0
538008115,1717989404,36.189919,129.921661,11.0,2,3390.0
538008115,1717989435,36.190102,129.921585,11.0,2,3400.0
538008115,1717989454,36.190216,129.921539,11.0,2,3400.0
538008115,1717989463,36.190266,129.921524,11.0,2,3390.0
538008115,1717989483,36.190384,129.921448,11.0,2,3390.0
538008115,1717989495,36.190449,129.921432,11.0,2,3390.0
538008115,1717989543,36.190735,129.921295,11.0,2,3400.0
538008115,1717989554,36.190784,129.92128,11.0,2,3390.0
538008115,1717989564,36.190849,129.921249,11.0,2,3400.0
538008115,1717989573,36.190899,129.921234,11.0,2,3400.0
538008115,1717989603,36.191067,129.921173,13.0,2,3390.0
538008115,1717989615,36.191132,129.921127,13.0,2,3390.0
538008115,1717989624,36.1912,129.921082,12.0,2,3400.0
538008115,1717989643,36.191299,129.921051,11.0,2,3400.0
538008115,1717989663,36.191418,129.92099,11.0,2,3390.0
538008115,1717989674,36.191483,129.920959,12.0,2,3390.0
538008115,1717989693,36.191582,129.920914,12.0,2,3400.0
538008115,1717989713,36.191685,129.920883,12.0,2,3330.0
538008115,1717989723,36.191784,129.920898,12.0,2,3370.0
538008115,1717989734,36.191833,129.920822,13.0,2,3380.0
538008115,1717989753,36.191952,129.920746,12.0,2,3390.0
538008115,1717989774,36.192066,129.9207,12.0,2,3390.0
538008115,1717989783,36.192116,129.92067,12.0,2,3400.0
538008115,1717989794,36.192165,129.920654,12.0,2,3390.0
538008115,1717989814,36.192284,129.920593,12.0,2,3390.0
538008115,1717989823,36.192348,129.920563,12.0,2,3390.0
538008115,1717989903,36.192799,129.920349,12.0,2,3390.0
538008115,1717989955,36.193134,129.920181,12.0,2,3400.0
538008115,1717989984,36.193283,129.92012,12.0,2,3400.0
538008115,1717990023,36.193516,129.919998,12.0,2,3400.0
538008115,1717990073,36.193817,129.919861,12.0,2,3400.0
538008115,1717990083,36.193867,129.919846,12.0,2,3410.0
538008115,1717990094,36.193951,129.919815,12.0,2,3400.0
538008115,1717990164,36.194351,129.919632,12.0,2,3400.0
538008115,1717990173,36.194401,129.919617,12.0,2,3410.0
538008115,1717990193,36.194534,129.919556,12.0,2,3400.0
538008115,1717990233,36.194782,129.919449,12.0,2,3400.0
538008115,1717990394,36.195766,129.918976,13.0,2,3410.0
538008115,1717990404,36.195831,129.918961,12.0,2,3410.0
538008115,1717990413,36.195885,129.91893,13.0,2,3410.0
538008115,1717990433,36.195984,129.9189,13.0,2,3410.0
538008115,1717990457,36.196152,129.918839,13.0,2,3420.0
538008115,1717990484,36.196316,129.918732,13.0,2,3420.0
538008115,1717990514,36.196499,129.918671,13.0,2,3420.0
538008115,1717990523,36.196548,129.918655,13.0,2,3410.0
538008115,1717990583,36.196934,129.918472,13.0,2,3410.0
538008115,1717990593,36.196983,129.918427,13.0,2,3410.0
538008115,1717990614,36.197132,129.91835,13.0,2,3410.0
538008115,1717990643,36.1973,129.918274,13.0,2,3410.0
538008115,1717990713,36.197735,129.918076,13.0,2,3400.0
538008115,1717990723,36.1978,129.918045,13.0,2,3400.0
538008115,1717990734,36.197849,129.918015,13.0,2,3400.0
538008115,1717990744,36.197918,129.917984,13.0,2,3400.0
538008115,1717990763,36.198032,129.917923,13.0,2,3410.0
538008115,1717990794,36.198215,129.917847,13.0,2,3400.0
538008115,1717990804,36.198299,129.917816,13.0,2,3400.0
538008115,1717990814,36.198349,129.917786,13.0,2,3400.0
538008115,1717990824,36.198418,129.91777,13.0,2,3390.0
538008115,1717990843,36.198551,129.917725,13.0,2,3390.0
538008115,1717990864,36.198666,129.917664,13.0,2,3390.0
538008115,1717990883,36.198784,129.917618,13.0,2,3390.0
538008115,1717990903,36.198917,129.917526,13.0,2,3390.0
538008115,1717990943,36.199165,129.917404,13.0,2,3390.0
538008115,1717990954,36.199234,129.917389,13.0,2,3390.0
538008115,1717990963,36.199284,129.917374,13.0,2,3390.0
538008115,1717991003,36.199532,129.917236,13.0,2,3390.0
538008115,1717991035,36.199749,129.91713,13.0,2,3390.0
538008115,1717991044,36.199799,129.917084,13.0,2,3380.0
538008115,1717991134,36.200367,129.916794,13.0,2,3380.0
538008115,1717991143,36.200417,129.916763,13.0,2,3380.0
538008115,1717991155,36.200481,129.916718,13.0,2,3380.0
538008115,1717991215,36.200802,129.916534,9.0,0,3360.0
538008115,1717991323,36.200916,129.916412,3.0,0,1710.0
538008115,1717991354,36.200817,129.916428,6.0,0,1720.0
538008115,1717991414,36.200432,129.916428,14.0,0,1790.0
538008115,1717991434,36.200268,129.916412,17.0,0,1820.0
538008115,1717991453,36.20005,129.916382,19.0,0,1850.0
538008115,1717991464,36.199951,129.916367,21.0,0,1860.0
538008115,1717991474,36.199833,129.916336,22.0,0,1870.0
538008115,1717991493,36.199615,129.91629,24.0,0,1900.0
538008115,1717991585,36.198368,129.915573,36.0,0,2070.0
538008115,1717991784,36.194183,129.912918,57.0,0,2070.0
538008115,1717991814,36.193451,129.912415,60.0,0,2070.0
538008115,1717991844,36.19265,129.911911,63.0,0,2070.0
538008115,1717991883,36.191582,129.911224,65.0,0,2070.0
538008115,1717991934,36.190102,129.910294,69.0,0,2050.0
538008115,1717991943,36.18985,129.910156,69.0,0,2050.0
538008115,1717991953,36.189499,129.909943,70.0,0,2040.0
538008115,1717991994,36.188251,129.909225,72.0,0,2040.0
538008115,1717992024,36.187302,129.908661,74.0,0,2060.0
538008115,1717992044,36.186668,129.908264,76.0,0,2060.0
538008115,1717992053,36.186352,129.908051,76.0,0,2060.0
538008115,1717992193,36.181633,129.905212,82.0,0,2040.0
538008115,1717992224,36.180515,129.904587,83.0,0,2040.0
538008115,1717992235,36.180134,129.904373,83.0,0,2040.0
538008115,1717992244,36.179916,129.904251,84.0,0,2040.0
538008115,1717992254,36.179417,129.903961,84.0,0,2040.0
538008115,1717992274,36.178684,129.903549,85.0,0,2040.0
538008115,1717992284,36.178318,129.903336,84.0,0,2040.0
538008115,1717992295,36.177933,129.903137,85.0,0,2040.0
538008115,1717992304,36.177601,129.902939,85.0,0,2040.0
538008115,1717992314,36.177166,129.902695,86.0,0,2040.0
538008115,1717992334,36.176483,129.902313,87.0,0,2040.0
538008115,1717992344,36.176117,129.9021,87.0,0,2040.0
538008115,1717992355,36.175682,129.901871,87.0,0,2040.0
538008115,1717992364,36.175316,129.901657,88.0,0,2040.0
538008115,1717992374,36.174984,129.901474,88.0,0,2040.0
538008115,1717992383,36.174583,129.90123,88.0,0,2040.0
538008115,1717992394,36.174217,129.900986,86.0,0,2040.0
538008115,1717992415,36.173431,129.900589,88.0,0,2040.0
538008115,1717992424,36.173168,129.900436,89.0,0,2040.0
538008115,1717992434,36.172684,129.900146,89.0,0,2040.0
538008115,1717992443,36.172352,129.899963,89.0,0,2040.0
538008115,1717992455,36.171932,129.899734,89.0,0,2040.0
538008115,1717992475,36.171116,129.899277,90.0,0,2040.0
538008115,1717992484,36.170769,129.899094,90.0,0,2040.0
538008115,1717992515,36.169567,129.898438,90.0,0,2040.0
538008115,1717992524,36.169216,129.898239,91.0,0,2040.0
538008115,1717992535,36.168701,129.897934,91.0,0,2040.0
538008115,1717992543,36.1684,129.897766,91.0,0,2040.0
538008115,1717992554,36.167999,129.897537,91.0,0,2040.0
538008115,1717992574,36.167198,129.897095,92.0,0,2040.0
538008115,1717992594,36.166466,129.896683,92.0,0,2040.0
538008115,1717992603,36.1661,129.896484,92.0,0,2040.0
538008115,1717992634,36.164867,129.895782,92.0,0,2040.0
538008115,1717992644,36.164482,129.895554,92.0,0,2040.0
538008115,1717992654,36.164101,129.895309,93.0,0,2040.0
538008115,1717992684,36.162849,129.894623,93.0,0,2040.0
538008115,1717992694,36.162449,129.894379,93.0,0,2040.0
538008115,1717992704,36.162048,129.894165,93.0,0,2040.0
538008115,1717992714,36.161682,129.893951,93.0,0,2040.0
538008115,1717992723,36.161282,129.893707,92.0,0,2040.0
538008115,1717992744,36.160484,129.89328,93.0,0,2040.0
538008115,1717992754,36.160084,129.893051,94.0,0,2040.0
538008115,1717992765,36.159683,129.892838,94.0,0,2040.0
538008115,1717992795,36.158466,129.892151,94.0,0,2030.0
538008115,1717992804,36.158066,129.891953,94.0,0,2030.0
538008115,1717992814,36.157616,129.891693,94.0,0,2030.0
538008115,1717992844,36.156448,129.891068,93.0,0,2030.0
538008115,1717992855,36.155998,129.890823,93.0,0,2030.0
538008115,1717992894,36.154415,129.889938,93.0,0,2030.0
538008115,1717992923,36.153301,129.889313,92.0,0,2040.0
538008115,1717992944,36.152485,129.88887,91.0,0,2040.0
538008115,1717992954,36.152084,129.888657,92.0,0,2040.0
538008115,1717992974,36.151234,129.888153,92.0,0,2040.0
538008115,1717992983,36.150917,129.88797,91.0,0,2050.0
538008115,1717992993,36.150501,129.887695,92.0,0,2060.0
538008115,1717993004,36.150101,129.887436,91.0,0,2070.0
538008115,1717993015,36.149769,129.887177,91.0,0,2080.0
538008115,1717993024,36.149384,129.886948,91.0,0,2070.0
538008115,1717993053,36.148281,129.886322,89.0,0,2020.0
538008115,1717993094,36.146717,129.885818,84.0,0,1920.0
538008115,1717993113,36.145901,129.88562,84.0,0,1920.0
538008115,1717993154,36.144348,129.885178,84.0,0,1910.0
538008115,1717993173,36.1436,129.88501,85.0,0,1900.0
538008115,1717993184,36.143166,129.884903,85.0,0,1910.0
538008115,1717993233,36.141281,129.884323,84.0,0,1940.0
538008115,1717993254,36.140484,129.884033,84.0,0,1940.0
538008115,1717993274,36.139717,129.883804,84.0,0,1940.0
538008115,1717993293,36.138985,129.883545,84.0,0,1940.0
538008115,1717993314,36.138168,129.883301,84.0,0,1940.0
538008115,1717993324,36.137783,129.883163,84.0,0,1940.0
538008115,1717993374,36.135849,129.882568,84.0,0,1930.0
538008115,1717993394,36.135132,129.882355,84.0,0,1930.0
538008115,1717993403,36.13475,129.882233,84.0,0,1930.0
538008115,1717993423,36.133984,129.882019,84.0,0,1920.0
538008115,1717993434,36.133549,129.881882,84.0,0,1920.0
538008115,1717993463,36.132435,129.881561,84.0,0,1930.0
538008115,1717993473,36.13205,129.881439,84.0,0,1930.0
538008115,1717993483,36.131683,129.881332,84.0,0,1930.0
538008115,1717993523,36.130165,129.880859,84.0,0,1930.0
538008115,1717993533,36.129784,129.880753,84.0,0,1930.0
538008115,1717993543,36.129398,129.88063,84.0,0,1930.0
538008115,1717993565,36.128582,129.880371,84.0,0,1930.0
538008115,1717993593,36.127483,129.880035,84.0,0,1930.0
538008115,1717993613,36.126717,129.879807,84.0,0,1930.0
538008115,1717993625,36.126251,129.879654,84.0,0,1930.0
538008115,1717993713,36.122883,129.878647,83.0,0,1930.0
538008115,1717993784,36.120201,129.877838,83.0,0,1930.0
538008115,1717993793,36.11985,129.877731,83.0,0,1930.0
538008115,1717993853,36.117565,129.877029,83.0,0,1930.0
538008115,1717994013,36.111549,129.875168,82.0,0,1930.0
538008115,1717994055,36.109966,129.874664,82.0,0,1940.0
538008115,1717994065,36.1096,129.874557,82.0,0,1940.0
538008115,1717994075,36.109219,129.87442,82.0,0,1940.0
538008115,1717994084,36.108883,129.874313,82.0,0,1940.0
538008115,1717994135,36.107018,129.873703,82.0,0,1940.0
538008115,1717994164,36.1059,129.873352,82.0,0,1940.0
538008115,1717994195,36.104733,129.872971,82.0,0,1940.0
538008115,1717994255,36.102501,129.872269,82.0,0,1930.0
538008115,1717994274,36.101784,129.87204,82.0,0,1940.0
538008115,1717994304,36.100666,129.871689,82.0,0,1940.0
538008115,1717994324,36.099918,129.871445,81.0,0,1940.0
538008115,1717994364,36.0984,129.870972,81.0,0,1940.0
538008115,1717994374,36.098019,129.870834,81.0,0,1940.0
538008115,1717994395,36.097282,129.870605,82.0,0,1940.0
538008115,1717994404,36.096951,129.870483,81.0,0,1940.0
538008115,1717994433,36.095867,129.870132,81.0,0,1940.0
538008115,1717994444,36.095467,129.87001,81.0,0,1940.0
538008115,1717994455,36.095081,129.869888,81.0,0,1940.0
538008115,1717994474,36.094318,129.869629,81.0,0,1940.0
538008115,1717994493,36.093601,129.8694,81.0,0,1940.0
538008115,1717994504,36.093231,129.869278,81.0,0,1940.0
538008115,1717994515,36.092834,129.869171,81.0,0,1940.0
538008115,1717994534,36.092049,129.868896,81.0,0,1940.0
538008115,1717994553,36.091366,129.868698,81.0,0,1940.0
538008115,1717994584,36.090267,129.868332,81.0,0,1940.0
538008115,1717994594,36.089901,129.86821,81.0,0,1940.0
538008115,1717994644,36.088066,129.867615,81.0,0,1940.0
538008115,1717994654,36.087685,129.867493,81.0,0,1940.0
538008115,1717994674,36.086933,129.867264,81.0,0,1940.0
538008115,1717994684,36.086533,129.867126,81.0,0,1940.0
538008115,1717994724,36.085098,129.866684,81.0,0,1940.0
538008115,1717994734,36.084766,129.866562,81.0,0,1940.0
538008115,1717994744,36.084366,129.86644,80.0,0,1940.0
538008115,1717994754,36.084,129.866302,81.0,0,1940.0
538008115,1717994763,36.083668,129.866196,81.0,0,1940.0
538008115,1717994814,36.081783,129.865616,80.0,0,1930.0
538008115,1717994844,36.0807,129.865265,80.0,0,1930.0
538008115,1717994854,36.080318,129.865143,80.0,0,1940.0
538008115,1717994874,36.079582,129.864914,80.0,0,1940.0
538008115,1717994883,36.07925,129.864822,80.0,0,1940.0
538008115,1717994904,36.078484,129.864563,80.0,0,1940.0
538008115,1717994914,36.078152,129.864471,80.0,0,1950.0
538008115,1717994923,36.077782,129.864349,79.0,0,1940.0
538008115,1717994994,36.075199,129.863495,80.0,0,1940.0
538008115,1717995015,36.074432,129.863281,80.0,0,1930.0
538008115,1717995043,36.073418,129.862946,80.0,0,1930.0
538008115,1717995054,36.073017,129.862839,79.0,0,1930.0
538008115,1717995075,36.072285,129.862595,79.0,0,1930.0
538008115,1717995083,36.071968,129.862518,80.0,0,1930.0
538008115,1717995103,36.071232,129.862305,79.0,0,1930.0
538008115,1717995134,36.070068,129.861938,79.0,0,1930.0
538008115,1717995153,36.069416,129.86171,79.0,0,1940.0
538008115,1717995173,36.068699,129.861465,79.0,0,1940.0
538008115,1717995184,36.068283,129.861343,79.0,0,1940.0
538008115,1717995194,36.067932,129.861237,80.0,0,1950.0
538008115,1717995203,36.067616,129.861115,79.0,0,1950.0
538008115,1717995213,36.067249,129.860992,79.0,0,1950.0
538008115,1717995223,36.066898,129.860886,79.0,0,1950.0
538008115,1717995254,36.06575,129.860504,79.0,0,1950.0
538008115,1717995264,36.065418,129.860382,79.0,0,1950.0
538008115,1717995273,36.065102,129.86026,79.0,0,1950.0
538008115,1717995283,36.064732,129.860153,79.0,0,1950.0
538008115,1717995293,36.064384,129.860031,79.0,0,1950.0
538008115,1717995353,36.062218,129.859329,78.0,0,1940.0
538008115,1717995384,36.061085,129.858978,79.0,0,1930.0
538008115,1717995395,36.060699,129.858871,79.0,0,1930.0
538008115,1717995403,36.060417,129.85878,79.0,0,1930.0
538008115,1717995434,36.059319,129.858444,79.0,0,1930.0
538008115,1717995444,36.058949,129.858337,78.0,0,1930.0
538008115,1717995485,36.057468,129.85788,79.0,0,1930.0
538008115,1717995504,36.056782,129.857681,78.0,0,1930.0
538008115,1717995515,36.056435,129.85759,78.0,0,1930.0
538008115,1717995523,36.056133,129.857498,78.0,0,1930.0
538008115,1717995554,36.054981,129.857162,78.0,0,1930.0
538008115,1717995575,36.054249,129.856934,78.0,0,1930.0
538008115,1717995615,36.052849,129.856537,78.0,0,1930.0
538008115,1717995624,36.052502,129.856415,78.0,0,1930.0
538008115,1717995643,36.051819,129.856201,77.0,0,1940.0
538008115,1717995794,36.046432,129.854584,78.0,0,1920.0
538008115,1717995814,36.045734,129.854385,77.0,0,1920.0
538008115,1717995833,36.044983,129.854172,77.0,0,1920.0
538008115,1717995843,36.044666,129.854065,77.0,0,1920.0
538008115,1717995854,36.044285,129.853973,78.0,0,1920.0
538008115,1717995863,36.043983,129.853882,78.0,0,1920.0
538008115,1717995874,36.043583,129.853729,78.0,0,1930.0
538008115,1717995903,36.042583,129.85347,77.0,0,1930.0
538008115,1717995914,36.042198,129.853348,77.0,0,1930.0
538008115,1717995922,36.041882,129.853256,77.0,0,1930.0
538008115,1717995934,36.0415,129.853134,77.0,0,1930.0
538008115,1717995943,36.041149,129.853012,76.0,0,1930.0
538008115,1717995953,36.040783,129.852921,76.0,0,1940.0
538008115,1717995963,36.040466,129.852814,77.0,0,1940.0
538008115,1717995974,36.040085,129.852676,77.0,0,1940.0
538008115,1717995982,36.039768,129.852585,77.0,0,1940.0
538008115,1717996013,36.038666,129.852249,77.0,0,1930.0
538008115,1717996023,36.038334,129.852158,77.0,0,1930.0
538008115,1717996034,36.037949,129.852036,77.0,0,1930.0
538008115,1717996042,36.037651,129.851944,76.0,0,1930.0
538008115,1717996052,36.037315,129.851837,77.0,0,1930.0
538008115,1717996064,36.036934,129.851715,76.0,0,1930.0
538008115,1717996073,36.036598,129.851639,76.0,0,1930.0
538008115,1717996083,36.036251,129.851532,76.0,0,1930.0
538008115,1717996094,36.035866,129.85141,76.0,0,1930.0
538008115,1717996102,36.035534,129.851318,76.0,0,1920.0
538008115,1717996112,36.035198,129.851212,76.0,0,1920.0
538008115,1717996142,36.034134,129.850922,76.0,0,1920.0
538008115,1717996154,36.033733,129.850815,76.0,0,1920.0
538008115,1717996172,36.0331,129.850647,76.0,0,1920.0
538008115,1717996183,36.032749,129.850555,76.0,0,1920.0
538008115,1717996193,36.032398,129.850449,76.0,0,1920.0
538008115,1717996202,36.032051,129.850357,77.0,0,1920.0
538008115,1717996215,36.031631,129.85025,77.0,0,1920.0
538008115,1717996223,36.031319,129.850143,77.0,0,1920.0
538008115,1717996243,36.030666,129.84996,77.0,0,1920.0
538008115,1717996253,36.0303,129.849869,77.0,0,1920.0
538008115,1717996262,36.029968,129.849762,77.0,0,1920.0
538008115,1717996283,36.029251,129.849564,75.0,0,1930.0
538008115,1717996303,36.028549,129.84935,75.0,0,1930.0
538008115,1717996313,36.028183,129.849243,75.0,0,1930.0
538008115,1717996325,36.027817,129.849136,76.0,0,1930.0
538008115,1717996335,36.027485,129.84903,75.0,0,1930.0
538008115,1717996352,36.026867,129.848831,75.0,0,1930.0
538008115,1717996384,36.025768,129.848495,75.0,0,1930.0
538008115,1717996532,36.020649,129.847153,76.0,0,1910.0
538008115,1717996644,36.016834,129.8461,74.0,0,1910.0
538008115,1717996652,36.016548,129.846039,74.0,0,1900.0
538008115,1717996674,36.015816,129.845871,74.0,0,1890.0
538008115,1717996685,36.015484,129.845795,74.0,0,1890.0
538008115,1717996743,36.013451,129.84549,74.0,0,1860.0
538008115,1717996794,36.011665,129.845261,74.0,0,1850.0
538008115,1717996814,36.011002,129.845184,74.0,0,1850.0
538008115,1717996852,36.009682,129.845032,74.0,0,1840.0
538008115,1717996863,36.00935,129.845001,74.0,0,1840.0
538008115,1717996875,36.008968,129.844971,74.0,0,1840.0
538008115,1717996902,36.007984,129.844864,74.0,0,1840.0
538008115,1717996923,36.007267,129.844788,74.0,0,1840.0
538008115,1717996934,36.006882,129.844727,74.0,0,1840.0
538008115,1717996954,36.006218,129.844666,74.0,0,1840.0
538008115,1717996973,36.005566,129.844604,74.0,0,1840.0
538008115,1717996983,36.005199,129.844574,74.0,0,1840.0
538008115,1717996994,36.004833,129.844513,74.0,0,1840.0
538008115,1717997032,36.003517,129.844406,74.0,0,1840.0
538008115,1717997043,36.003181,129.84436,74.0,0,1840.0
538008115,1717997054,36.002766,129.844315,74.0,0,1840.0
538008115,1717997124,36.000401,129.84404,73.0,0,1850.0
538008115,1717997134,36.000069,129.843979,74.0,0,1850.0
538008115,1717997315,35.993935,129.843231,73.0,0,1840.0
538008115,1717997343,35.992931,129.843155,73.0,0,1840.0
538008115,1717997353,35.992565,129.843124,73.0,0,1840.0
538008115,1717997364,35.992184,129.843079,73.0,0,1830.0
538008115,1717997384,35.99155,129.843033,73.0,0,1830.0
538008115,1717997404,35.990868,129.842972,72.0,0,1830.0
538008115,1717997434,35.989849,129.842865,73.0,0,1840.0
538008115,1717997444,35.989517,129.84285,73.0,0,1840.0
538008115,1717997453,35.989201,129.842819,73.0,0,1840.0
538008115,1717997474,35.988499,129.842743,73.0,0,1840.0
538008115,1717997485,35.988132,129.842697,73.0,0,1840.0
538008115,1717997525,35.986767,129.84256,73.0,0,1840.0
538008115,1717997534,35.986465,129.842545,73.0,0,1840.0
538008115,1717997545,35.986099,129.842514,73.0,0,1840.0
538008115,1717997555,35.985748,129.842484,73.0,0,1830.0
538008115,1717997564,35.985416,129.842453,73.0,0,1830.0
538008115,1717997573,35.985119,129.842438,73.0,0,1830.0
538008115,1717997585,35.984768,129.842407,73.0,0,1830.0
538008115,1717997606,35.984081,129.842346,73.0,0,1830.0
538008115,1717997615,35.983719,129.842331,73.0,0,1830.0
538008115,1717997654,35.982349,129.842255,72.0,0,1820.0
538008115,1717997704,35.980652,129.842117,72.0,0,1820.0
538008115,1717997724,35.979965,129.842087,72.0,0,1820.0
538008115,1717997753,35.979015,129.84201,72.0,0,1820.0
538008115,1717997774,35.978298,129.841965,72.0,0,1820.0
538008115,1717997784,35.977966,129.841949,72.0,0,1820.0
538008115,1717997794,35.977615,129.841934,72.0,0,1820.0
538008115,1717997813,35.976952,129.841888,72.0,0,1820.0
538008115,1717997824,35.976601,129.841873,72.0,0,1820.0
538008115,1717997845,35.975899,129.841812,72.0,0,1820.0
538008115,1717997873,35.974949,129.841751,72.0,0,1820.0
538008115,1717997974,35.9715,129.841553,71.0,0,1820.0
538008115,1717997983,35.971184,129.841537,71.0,0,1820.0
538008115,1717997993,35.970882,129.841522,72.0,0,1820.0
538008115,1717998003,35.970501,129.841507,72.0,0,1820.0
538008115,1717998034,35.969482,129.841461,71.0,0,1820.0
538008115,1717998063,35.968517,129.8414,71.0,0,1820.0
538008115,1717998084,35.9678,129.841339,71.0,0,1830.0
538008115,1717998103,35.967117,129.841293,72.0,0,1830.0
538008115,1717998145,35.965767,129.841202,72.0,0,1830.0
538008115,1717998153,35.965416,129.841171,72.0,0,1830.0
538008115,1717998204,35.963749,129.841064,72.0,0,1820.0
538008115,1717998264,35.9617,129.840912,72.0,0,1830.0
538008115,1717998274,35.961334,129.840897,72.0,0,1830.0
538008115,1717998283,35.961018,129.840866,72.0,0,1830.0
538008115,1717998335,35.959301,129.840698,73.0,0,1840.0
538008115,1717998363,35.958317,129.840607,72.0,0,1830.0
538008115,1717998473,35.954552,129.840363,72.0,0,1820.0
538008115,1717998494,35.9538,129.840347,72.0,0,1810.0
538008115,1717998513,35.953182,129.840317,72.0,0,1810.0
538008115,1717998563,35.951416,129.84024,73.0,0,1810.0
538008115,1717998573,35.951118,129.84024,73.0,0,1810.0
538008115,1717998593,35.950401,129.84021,73.0,0,1810.0
538008115,1717998604,35.950031,129.840164,73.0,0,1820.0
538008115,1717998624,35.949348,129.840149,73.0,0,1820.0
538008115,1717998633,35.949032,129.840118,73.0,0,1820.0
538008115,1717998653,35.948349,129.840088,73.0,0,1820.0
538008115,1717998674,35.947651,129.840057,73.0,0,1820.0
538008115,1717998683,35.947315,129.840027,73.0,0,1820.0
538008115,1717998693,35.946968,129.840012,73.0,0,1820.0
538008115,1717998713,35.946266,129.839966,73.0,0,1820.0
538008115,1717998744,35.945217,129.839905,73.0,0,1820.0
538008115,1717998753,35.944916,129.839905,73.0,0,1820.0
538008115,1717998764,35.944534,129.839874,73.0,0,1820.0
538008115,1717998783,35.943882,129.839844,73.0,0,1820.0
538008115,1717998803,35.943184,129.839798,73.0,0,1820.0
538008115,1717998813,35.942848,129.839783,73.0,0,1820.0
538008115,1717998824,35.942451,129.839767,73.0,0,1820.0
538008115,1717998833,35.94215,129.839737,73.0,0,1820.0
538008115,1717998854,35.941399,129.839706,73.0,0,1820.0
538008115,1717998863,35.941082,129.839676,73.0,0,1820.0
538008115,1717998873,35.940784,129.839661,73.0,0,1820.0
538008115,1717998903,35.939732,129.8396,73.0,0,1820.0
538008115,1717998913,35.9394,129.839584,72.0,0,1820.0
538008115,1717998933,35.938702,129.839539,73.0,0,1820.0
538008115,1717998944,35.938332,129.839539,73.0,0,1810.0
538008115,1717998953,35.938019,129.839523,73.0,0,1810.0
538008115,1717998963,35.937649,129.839523,73.0,0,1810.0
538008115,1717998994,35.936634,129.839478,73.0,0,1810.0
538008115,1717999004,35.936199,129.839447,73.0,0,1810.0
538008115,1717999114,35.932434,129.83934,73.0,0,1810.0
538008115,1717999124,35.932083,129.839279,73.0,0,1810.0
538008115,1717999134,35.931801,129.839279,73.0,0,1810.0
538008115,1717999153,35.931099,129.839249,73.0,0,1810.0
538008115,1717999174,35.930382,129.839233,73.0,0,1810.0
538008115,1717999184,35.929981,129.839218,73.0,0,1820.0
538008115,1717999214,35.929001,129.839172,73.0,0,1820.0
538008115,1717999223,35.928783,129.839157,73.0,0,1820.0
538008115,1717999254,35.927616,129.839096,73.0,0,1810.0
538008115,1717999394,35.922783,129.838928,73.0,0,1810.0
538008115,1717999423,35.921783,129.838898,73.0,0,1820.0
538008115,1717999445,35.921051,129.838852,73.0,0,1820.0
538008115,1717999454,35.920734,129.838837,73.0,0,1820.0
538008115,1717999465,35.920334,129.838837,73.0,0,1820.0
538008115,1717999493,35.919315,129.83876,73.0,0,1820.0
538008115,1717999504,35.918949,129.83876,73.0,0,1830.0
538008115,1717999554,35.917233,129.838654,73.0,0,1820.0
538008115,1717999633,35.914452,129.838531,73.0,0,1800.0
538008115,1717999645,35.914066,129.838547,73.0,0,1800.0
538008115,1717999654,35.913734,129.838531,73.0,0,1800.0
538008115,1717999674,35.913067,129.838501,73.0,0,1800.0
538008115,1717999694,35.912369,129.838516,73.0,0,1800.0
538008115,1717999744,35.910648,129.83847,73.0,0,1800.0
538008115,1717999753,35.910316,129.838486,73.0,0,1800.0
538008115,1717999793,35.908901,129.838455,73.0,0,1810.0
538008115,1717999814,35.908218,129.838409,73.0,0,1820.0
538008115,1717999844,35.90715,129.838348,73.0,0,1830.0
538008115,1717999864,35.906551,129.838287,73.0,0,1840.0
538008115,1717999883,35.9058,129.838196,73.0,0,1840.0
538008115,1717999895,35.905399,129.838165,72.0,0,1850.0
538008115,1717999934,35.904049,129.838013,73.0,0,1850.0
538008115,1717999943,35.903702,129.837967,73.0,0,1860.0
538008115,1717999954,35.903366,129.837921,73.0,0,1860.0
538008115,1717999974,35.902718,129.83783,73.0,0,1860.0
538008115,1717999994,35.901966,129.837708,73.0,0,1860.0
538008115,1718000014,35.901268,129.837616,73.0,0,1860.0
538008115,1718000034,35.900532,129.837494,73.0,0,1860.0
538008115,1718000045,35.900234,129.837463,73.0,0,1860.0
538008115,1718000074,35.899166,129.837311,73.0,0,1860.0
538008115,1718000105,35.898151,129.837173,73.0,0,1870.0
538008115,1718000113,35.897835,129.837097,73.0,0,1860.0
538008115,1718000134,35.897133,129.837006,74.0,0,1860.0
538008115,1718000155,35.8964,129.836884,74.0,0,1860.0
538008115,1718000174,35.895718,129.836807,74.0,0,1860.0
538008115,1718000184,35.895382,129.836746,74.0,0,1860.0
538008115,1718000234,35.89365,129.836548,74.0,0,1850.0
538008115,1718000265,35.892567,129.836411,74.0,0,1850.0
538008115,1718000314,35.89085,129.836182,74.0,0,1850.0
538008115,1718000334,35.890118,129.836105,74.0,0,1860.0
538008115,1718000394,35.888016,129.835785,74.0,0,1860.0
538008115,1718000434,35.886768,129.835617,74.0,0,1860.0
538008115,1718000445,35.886234,129.835526,74.0,0,1860.0
538008115,1718000454,35.885948,129.83548,74.0,0,1860.0
538008115,1718000464,35.885601,129.835434,74.0,0,1860.0
538008115,1718000484,35.884918,129.835327,74.0,0,1860.0
538008115,1718000505,35.884201,129.835236,74.0,0,1860.0
538008115,1718000533,35.883148,129.835083,74.0,0,1860.0
538008115,1718000554,35.882416,129.834976,74.0,0,1860.0
538008115,1718000585,35.881367,129.834839,74.0,0,1860.0
538008115,1718000604,35.880718,129.834732,74.0,0,1860.0
538008115,1718000614,35.880348,129.834686,74.0,0,1850.0
538008115,1718000623,35.879982,129.834656,74.0,0,1850.0
538008115,1718000644,35.879299,129.834579,74.0,0,1850.0
538008115,1718000653,35.879002,129.834549,74.0,0,1860.0
538008115,1718000664,35.878601,129.834503,74.0,0,1860.0
538008115,1718000676,35.878201,129.834427,74.0,0,1850.0
538008115,1718000683,35.877884,129.834412,74.0,0,1850.0
538008115,1718000694,35.877483,129.834335,74.0,0,1850.0
538008115,1718000704,35.877132,129.83429,75.0,0,1850.0
538008115,1718000714,35.876801,129.834244,74.0,0,1850.0
538008115,1718000724,35.87645,129.834213,74.0,0,1850.0
538008115,1718000733,35.876099,129.834167,74.0,0,1850.0
538008115,1718000764,35.875084,129.834045,74.0,0,1850.0
538008115,1718000774,35.874767,129.834,74.0,0,1850.0
538008115,1718000794,35.874035,129.833893,74.0,0,1850.0
538008115,1718000823,35.872982,129.833771,75.0,0,1850.0
538008115,1718000833,35.872635,129.83371,75.0,0,1860.0
538008115,1718000854,35.871933,129.833633,75.0,0,1860.0
538008115,1718000864,35.871582,129.833588,75.0,0,1860.0
538008115,1718000894,35.870899,129.833496,75.0,0,1860.0
538008115,1718000897,35.870499,129.833435,75.0,0,1860.0
538008115,1718000903,35.870201,129.833389,75.0,0,1860.0
538008115,1718000924,35.869469,129.833282,75.0,0,1860.0
538008115,1718000943,35.868782,129.833206,75.0,0,1860.0
538008115,1718000954,35.868435,129.833145,75.0,0,1860.0
538008115,1718000973,35.867699,129.833069,75.0,0,1850.0
538008115,1718000994,35.866951,129.832962,74.0,0,1850.0
538008115,1718001003,35.866634,129.832916,74.0,0,1860.0
538008115,1718001023,35.866001,129.83284,73.0,0,1860.0
538008115,1718001034,35.865616,129.832779,72.0,0,1860.0
538008115,1718001043,35.865284,129.832748,72.0,0,1850.0
538008115,1718001054,35.864948,129.832703,71.0,0,1850.0
538008115,1718001064,35.864666,129.832672,70.0,0,1850.0
538008115,1718001084,35.863983,129.832581,69.0,0,1840.0
538008115,1718001114,35.863033,129.832535,67.0,0,1830.0
538008115,1718001125,35.862682,129.832504,66.0,0,1830.0
538008115,1718001163,35.861485,129.832382,63.0,0,1840.0
538008115,1718001174,35.861217,129.832352,62.0,0,1850.0
538008115,1718001184,35.860901,129.832306,61.0,0,1850.0
538008115,1718001194,35.860649,129.832245,61.0,0,1850.0
538008115,1718001204,35.860367,129.832214,61.0,0,1860.0
538008115,1718001223,35.859852,129.832153,59.0,0,1860.0
538008115,1718001234,35.859531,129.832108,58.0,0,1870.0
538008115,1718001244,35.859249,129.832047,58.0,2,1870.0
538008115,1718001265,35.858749,129.831955,56.0,2,1880.0
538008115,1718001274,35.858482,129.831894,56.0,2,1880.0
538008115,1718001283,35.85825,129.831848,55.0,2,1890.0
538008115,1718001294,35.857983,129.831787,55.0,2,1890.0
538008115,1718001304,35.857735,129.831711,55.0,2,1900.0
538008115,1718001314,35.857468,129.831665,54.0,2,1900.0
538008115,1718001323,35.857231,129.831619,53.0,2,1910.0
538008115,1718001333,35.856998,129.831543,52.0,2,1910.0
538008115,1718001342,35.85675,129.831482,52.0,2,1910.0
538008115,1718001364,35.856251,129.831345,51.0,2,1920.0
538008115,1718001424,35.854916,129.830887,47.0,2,1960.0
538008115,1718001434,35.854683,129.830811,46.0,2,1970.0
538008115,1718001443,35.8545,129.830734,46.0,2,1980.0
538008115,1718001453,35.854282,129.830627,45.0,2,1980.0
538008115,1718001463,35.854099,129.830551,45.0,2,1990.0
538008115,1718001484,35.853668,129.830353,44.0,2,2000.0
538008115,1718001494,35.853481,129.830246,43.0,2,2010.0
538008115,1718001503,35.853333,129.8302,43.0,2,2020.0
538008115,1718001513,35.853134,129.830078,42.0,2,2030.0
538008115,1718001522,35.852982,129.830002,42.0,2,2030.0
538008115,1718001534,35.852768,129.82988,41.0,2,2040.0
538008115,1718001544,35.8526,129.829788,40.0,2,2050.0
538008115,1718001555,35.852417,129.829651,40.0,2,2060.0
538008115,1718001564,35.852249,129.829544,40.0,2,2070.0
538008115,1718001574,35.852135,129.829483,39.0,2,2070.0
538008115,1718001582,35.851917,129.82933,39.0,2,2080.0
538008115,1718001614,35.851433,129.828979,38.0,2,2110.0
538008115,1718001634,35.851166,129.828751,37.0,2,2130.0
538008115,1718001642,35.851017,129.828629,37.0,2,2130.0
538008115,1718001664,35.85075,129.828415,36.0,2,2160.0
538008115,1718001694,35.850349,129.828018,36.0,2,2180.0
538008115,1718001713,35.850101,129.827728,35.0,2,2200.0
538008115,1718001724,35.849918,129.82756,35.0,2,2210.0
538008115,1718001734,35.849815,129.827423,35.0,2,2230.0
538008115,1718001744,35.849701,129.827271,34.0,2,2240.0
538008115,1718001773,35.849384,129.826889,33.0,2,2260.0
538008115,1718001784,35.849266,129.826706,33.0,2,2270.0
538008115,1718001823,35.848885,129.826157,31.0,2,2310.0
538008115,1718001844,35.848751,129.825882,30.0,2,2320.0
538008115,1718001873,35.848484,129.825439,30.0,2,2350.0
538008115,1718001883,35.848415,129.825287,29.0,2,2360.0
538008115,1718001893,35.848331,129.82515,29.0,2,2370.0
538008115,1718001933,35.848068,129.824554,28.0,2,2400.0
538008115,1718001953,35.847935,129.824249,28.0,2,2420.0
538008115,1718001974,35.847816,129.823929,28.0,2,2440.0
538008115,1718001984,35.847767,129.823807,27.0,2,2450.0
538008115,1718001993,35.847717,129.823669,27.0,2,2450.0
538008115,1718002004,35.847649,129.823502,27.0,2,2460.0
538008115,1718002013,35.847599,129.823349,27.0,2,2470.0
538008115,1718002024,35.847549,129.823196,26.0,2,2480.0
538008115,1718002033,35.847515,129.823074,25.0,2,2480.0
538008115,1718002044,35.847466,129.822876,26.0,2,2490.0
538008115,1718002054,35.847416,129.822754,26.0,2,2500.0
538008115,1718002105,35.847218,129.822037,25.0,2,2520.0
538008115,1718002114,35.847183,129.821899,25.0,2,2530.0
538008115,1718002124,35.847134,129.821716,24.0,2,2530.0
538008115,1718002134,35.847118,129.821594,24.0,2,2540.0
538008115,1718002174,35.847,129.821045,23.0,2,2540.0
538008115,1718002194,35.846931,129.820755,23.0,2,2540.0
538008115,1718002203,35.846901,129.820648,22.0,2,2540.0
538008115,1718002214,35.846867,129.820511,22.0,2,2540.0
538008115,1718002224,35.846832,129.820389,22.0,2,2540.0
538008115,1718002234,35.846802,129.820236,21.0,2,2540.0
538008115,1718002243,35.846802,129.82016,21.0,2,2530.0
538008115,1718002254,35.846767,129.820038,21.0,2,2530.0
538008115,1718002264,35.846733,129.819901,20.0,2,2520.0
538008115,1718002285,35.846668,129.819687,18.0,2,2510.0
538008115,1718002294,35.846634,129.819611,18.0,2,2510.0
538008115,1718002303,35.8466,129.819473,18.0,2,2500.0
538008115,1718002313,35.846565,129.819366,18.0,2,2490.0
538008115,1718002324,35.846535,129.81926,18.0,2,2480.0
538008115,1718002363,35.846401,129.818893,16.0,2,2440.0
538008115,1718002383,35.846333,129.818726,15.0,2,2420.0
538008115,1718002394,35.846283,129.818649,13.0,2,2410.0
538008115,1718002405,35.846233,129.818542,13.0,2,2400.0
538008115,1718002435,35.846134,129.818359,13.0,2,2360.0
538008115,1718002465,35.846031,129.818176,12.0,2,2320.0
538008115,1718002474,35.846001,129.81813,11.0,2,2300.0
538008115,1718002494,35.845901,129.818039,10.0,2,2270.0
538008115,1718002575,35.845615,129.817734,8.0,2,2120.0
538008115,1718002584,35.845585,129.817719,7.0,2,2090.0
538008115,1718002614,35.845467,129.817657,7.0,2,2030.0
538008115,1718002634,35.845417,129.817612,7.0,2,2000.0
538008115,1718002644,35.845367,129.817612,7.0,2,1960.0
538008115,1718002654,35.845333,129.817596,7.0,2,1930.0
538008115,1718002674,35.845268,129.817566,7.0,2,1880.0
538008115,1718002694,35.845219,129.817581,5.0,2,1820.0
538008115,1718002704,35.845184,129.817581,5.0,2,1800.0
538008115,1718002713,35.845165,129.817581,5.0,2,1760.0
538008115,1718002735,35.8451,129.817596,5.0,2,1710.0
538008115,1718002755,35.845051,129.817596,5.0,2,1660.0
538008115,1718002783,35.844967,129.817612,4.0,2,1550.0
538008115,1718002792,35.844952,129.817627,4.0,2,1520.0
538008115,1718002804,35.844917,129.817673,4.0,2,1490.0
538008115,1718002833,35.844833,129.817719,4.0,2,1410.0
538008115,1718002843,35.844833,129.817734,4.0,2,1380.0
538008115,1718002894,35.844749,129.817856,4.0,2,1260.0
538008115,1718003013,35.844616,129.818207,5.0,2,990.0
538008115,1718003032,35.844631,129.818268,5.0,2,950.0
538008115,1718003043,35.844616,129.818298,4.0,2,920.0
538008115,1718003054,35.844616,129.818329,5.0,2,910.0
538008115,1718003074,35.84465,129.818405,4.0,2,860.0
538008115,1718003083,35.84465,129.818451,5.0,2,850.0
538008115,1718003103,35.84465,129.818512,5.0,2,820.0
538008115,1718003114,35.84465,129.818527,5.0,2,800.0
538008115,1718003134,35.844666,129.818634,5.0,2,780.0
538008115,1718003152,35.844666,129.81868,5.0,2,750.0
538008115,1718003164,35.844685,129.818726,5.0,2,730.0
538008115,1718003174,35.8447,129.818756,5.0,2,720.0
538008115,1718003184,35.8447,129.818787,5.0,2,700.0
538008115,1718003194,35.8447,129.818817,5.0,2,690.0
538008115,1718003203,35.844715,129.818848,5.0,2,690.0
538008115,1718003224,35.844749,129.818939,5.0,2,640.0
538008115,1718003234,35.844769,129.81897,5.0,2,630.0
538008115,1718003244,35.844784,129.819,5.0,2,620.0
538008115,1718003252,35.844784,129.819031,5.0,2,620.0
538008115,1718003263,35.844799,129.819061,5.0,2,610.0
538008115,1718003272,35.844818,129.819077,5.0,2,600.0
538008115,1718003284,35.844833,129.819122,5.0,2,580.0
538008115,1718003294,35.844818,129.819138,5.0,2,570.0
538008115,1718003313,35.844883,129.819229,6.0,2,570.0
538008115,1718003323,35.844898,129.81926,6.0,2,560.0
538008115,1718003344,35.844933,129.819321,6.0,2,530.0
538008115,1718003353,35.844967,129.819366,5.0,2,530.0
538008115,1718003364,35.845001,129.819382,5.0,2,510.0
538008115,1718003414,35.845116,129.819565,6.0,2,480.0
538008115,1718003445,35.845184,129.819672,6.0,2,460.0
538008115,1718003454,35.845219,129.819687,6.0,2,450.0
538008115,1718003464,35.845234,129.819717,7.0,2,440.0
538008115,1718003484,35.845299,129.819778,7.0,2,430.0
538008115,1718003504,35.845348,129.819855,7.0,2,420.0
538008115,1718003514,35.845383,129.819885,7.0,2,420.0
538008115,1718003524,35.845402,129.819916,7.0,2,410.0
538008115,1718003544,35.845482,129.819977,7.0,2,400.0
538008115,1718003564,35.845551,129.820068,8.0,2,390.0
538008115,1718003604,35.845684,129.82019,8.0,2,380.0
538008115,1718003644,35.845833,129.820328,9.0,2,360.0
538008115,1718003653,35.845867,129.820374,9.0,2,360.0
538008115,1718003664,35.845917,129.820404,9.0,2,360.0
538008115,1718003684,35.846001,129.82048,9.0,2,350.0
538008115,1718003725,35.846184,129.820633,10.0,2,340.0
538008115,1718003744,35.846268,129.820724,10.0,2,340.0
538008115,1718003753,35.846317,129.820755,11.0,2,340.0
538008115,1718003784,35.846466,129.820862,11.0,2,330.0
538008115,1718003793,35.8465,129.820923,11.0,2,330.0
538008115,1718003814,35.846619,129.820984,12.0,2,330.0
538008115,1718003824,35.846649,129.82103,12.0,2,330.0
538008115,1718003833,35.846718,129.821075,12.0,2,330.0
538008115,1718003853,35.846817,129.821167,12.0,2,320.0
538008115,1718003874,35.846931,129.821243,12.0,2,320.0
538008115,1718003883,35.846985,129.821304,13.0,2,320.0
538008115,1718003893,35.84705,129.821335,13.0,2,320.0
538008115,1718003903,35.847099,129.821381,13.0,2,310.0
538008115,1718003913,35.847149,129.821411,13.0,2,310.0
538008115,1718003933,35.847282,129.821518,13.0,2,310.0
538008115,1718003974,35.847515,129.821686,14.0,2,300.0
538008115,1718003984,35.847584,129.821732,14.0,2,300.0
538008115,1718003994,35.847649,129.821762,14.0,2,300.0
538008115,1718004003,35.847698,129.821823,14.0,2,290.0
538008115,1718004023,35.847832,129.821915,14.0,2,290.0
538008115,1718004034,35.8479,129.821945,14.0,2,290.0
538008115,1718004043,35.847965,129.822006,14.0,2,290.0
538008115,1718004083,35.848217,129.822174,14.0,2,280.0
538008115,1718004125,35.848484,129.822357,15.0,2,280.0
538008115,1718004134,35.848568,129.822403,15.0,2,280.0
538008115,1718004143,35.848633,129.822433,15.0,2,280.0
538008115,1718004154,35.848701,129.822495,15.0,2,280.0
538008115,1718004163,35.848766,129.822556,15.0,2,280.0
538008115,1718004185,35.8489,129.822632,16.0,2,270.0
538008115,1718004194,35.848984,129.822678,16.0,2,270.0
538008115,1718004214,35.849098,129.822769,16.0,2,270.0
538008115,1718004225,35.849182,129.822815,16.0,2,270.0
538008115,1718004244,35.849316,129.822906,17.0,2,270.0
538008115,1718004254,35.8494,129.822952,17.0,2,270.0
538008115,1718004263,35.849468,129.822983,17.0,2,260.0
538008115,1718004284,35.849617,129.82309,17.0,2,270.0
538008115,1718004295,35.849682,129.82312,17.0,2,260.0
538008115,1718004304,35.849751,129.823166,17.0,2,270.0
538008115,1718004314,35.849834,129.823212,17.0,2,270.0
538008115,1718004323,35.849899,129.823273,17.0,2,270.0
538008115,1718004355,35.850132,129.82341,17.0,2,270.0
538008115,1718004364,35.850201,129.823456,17.0,2,270.0
538008115,1718004374,35.850285,129.823502,17.0,2,270.0
538008115,1718004383,35.850349,129.823532,17.0,2,270.0
538008115,1718004394,35.850418,129.823593,17.0,2,270.0
538008115,1718004404,35.850498,129.823654,18.0,2,270.0
538008115,1718004433,35.850735,129.823807,18.0,2,270.0
538008115,1718004443,35.8508,129.823837,18.0,2,270.0
538008115,1718004452,35.850868,129.823883,18.0,2,270.0
538008115,1718004483,35.851116,129.824036,18.0,2,270.0
538008115,1718004494,35.851185,129.824097,18.0,2,270.0
538008115,1718004524,35.851433,129.824249,18.0,2,270.0
538008115,1718004534,35.851517,129.82428,18.0,2,270.0
538008115,1718004543,35.851582,129.824326,18.0,2,270.0
538008115,1718004554,35.851665,129.824402,19.0,2,270.0
538008115,1718004563,35.851734,129.824432,19.0,2,270.0
538008115,1718004573,35.851818,129.824478,19.0,2,270.0
538008115,1718004584,35.851898,129.824554,19.0,2,270.0
538008115,1718004595,35.851982,129.8246,19.0,2,270.0
538008115,1718004603,35.852051,129.824646,19.0,2,270.0
538008115,1718004613,35.85215,129.824722,19.0,2,270.0
538008115,1718004632,35.852299,129.824799,19.0,2,270.0
538008115,1718004644,35.852402,129.82486,19.0,2,270.0
538008115,1718004664,35.852551,129.824966,19.0,2,270.0
538008115,1718004683,35.852718,129.825073,19.0,2,270.0
538008115,1718004704,35.852882,129.825195,19.0,2,280.0
538008115,1718004714,35.852966,129.825256,19.0,2,280.0
538008115,1718004764,35.853401,129.825531,19.0,2,280.0
538008115,1718004783,35.85355,129.825638,19.0,2,280.0
538008115,1718004813,35.853802,129.825806,19.0,2,280.0
538008115,1718004824,35.853901,129.825867,19.0,2,280.0
538008115,1718004834,35.854,129.825912,19.0,2,280.0
538008115,1718004842,35.85405,129.825974,19.0,2,280.0
538008115,1718004852,35.854149,129.826035,19.0,2,280.0
538008115,1718004884,35.854431,129.826202,20.0,2,280.0
538008115,1718004894,35.854519,129.826248,20.0,2,280.0
538008115,1718004903,35.854599,129.826324,20.0,2,270.0
538008115,1718004913,35.854683,129.82637,20.0,2,280.0
538008115,1718004924,35.854782,129.826431,20.0,2,270.0
538008115,1718004944,35.854965,129.826553,21.0,2,270.0
538008115,1718004963,35.855118,129.826645,21.0,2,270.0
538008115,1718004972,35.855217,129.826721,21.0,2,270.0
538008115,1718005004,35.855499,129.826889,21.0,2,270.0
538008115,1718005013,35.855583,129.826935,21.0,2,270.0
538008115,1718005044,35.855865,129.827118,21.0,2,260.0
538008115,1718005064,35.856049,129.82724,21.0,2,260.0
538008115,1718005073,35.856133,129.827286,21.0,2,260.0
538008115,1718005083,35.856216,129.827332,22.0,2,260.0
538008115,1718005092,35.8563,129.827377,22.0,2,260.0
538008115,1718005113,35.856499,129.827499,22.0,2,260.0
538008115,1718005124,35.856602,129.82756,22.0,2,260.0
538008115,1718005133,35.856682,129.827621,22.0,2,260.0
538008115,1718005152,35.856869,129.827713,22.0,2,250.0
538008115,1718005163,35.856968,129.827774,22.0,2,250.0
538008115,1718005173,35.857052,129.82782,22.0,2,250.0
538008115,1718005203,35.857349,129.827988,21.0,2,250.0
538008115,1718005223,35.857533,129.828094,22.0,2,250.0
538008115,1718005234,35.857651,129.828156,22.0,2,240.0
538008115,1718005244,35.857735,129.828217,22.0,2,250.0
538008115,1718005255,35.857819,129.828262,22.0,2,250.0
538008115,1718005263,35.857918,129.828323,22.0,2,240.0
538008115,1718005283,35.858116,129.82843,23.0,2,240.0
538008115,1718005304,35.858299,129.828552,23.0,2,240.0
538008115,1718005313,35.858398,129.828598,23.0,2,240.0
538008115,1718005332,35.858582,129.828705,23.0,2,240.0
538008115,1718005354,35.858818,129.828812,23.0,2,240.0
538008115,1718005373,35.859001,129.828934,23.0,2,240.0
538008115,1718005383,35.8591,129.828979,23.0,2,240.0
538008115,1718005403,35.859283,129.829117,23.0,2,250.0
538008115,1718005414,35.859402,129.829163,23.0,2,250.0
538008115,1718005424,35.859501,129.829239,23.0,2,250.0
538008115,1718005433,35.859585,129.829285,23.0,2,260.0
538008115,1718005463,35.859882,129.829483,23.0,2,260.0
538008115,1718005474,35.859982,129.829544,23.0,2,270.0
538008115,1718005523,35.860466,129.829865,23.0,2,280.0
538008115,1718005533,35.860565,129.829926,23.0,2,280.0
538008115,1718005544,35.860668,129.830002,22.0,2,280.0
538008115,1718005553,35.860767,129.830063,22.0,2,280.0
538008115,1718005563,35.860851,129.830124,23.0,2,280.0
538008115,1718005572,35.86095,129.8302,23.0,2,290.0
538008115,1718005583,35.86105,129.830246,23.0,2,290.0
538008115,1718005604,35.861252,129.830399,23.0,2,290.0
538008115,1718005634,35.861549,129.830612,23.0,2,300.0
538008115,1718005653,35.861752,129.83075,23.0,2,300.0
538008115,1718005685,35.862049,129.830963,23.0,2,300.0
538008115,1718005694,35.862148,129.831055,23.0,2,310.0
538008115,1718005703,35.862217,129.8311,23.0,2,300.0
538008115,1718005713,35.862316,129.831161,23.0,2,300.0
538008115,1718005723,35.862415,129.831253,23.0,2,300.0
538008115,1718005734,35.862534,129.831314,23.0,2,300.0
538008115,1718005754,35.862732,129.831482,23.0,2,300.0
538008115,1718005763,35.862816,129.831528,23.0,2,300.0
538008115,1718005773,35.862919,129.831604,23.0,2,300.0
538008115,1718005783,35.863018,129.83168,23.0,2,300.0
538008115,1718005794,35.863117,129.831757,23.0,2,300.0
538008115,1718005804,35.863232,129.831833,23.0,2,300.0
538008115,1718005814,35.863335,129.831894,23.0,2,300.0
538008115,1718005823,35.863419,129.83197,23.0,2,300.0
538008115,1718005833,35.863518,129.832031,23.0,2,290.0
538008115,1718005854,35.863731,129.832184,23.0,2,290.0
538008115,1718005864,35.863834,129.83223,23.0,2,290.0
538008115,1718005874,35.863934,129.832321,23.0,2,290.0
538008115,1718005883,35.864017,129.832367,23.0,2,290.0
538008115,1718005893,35.864117,129.832428,23.0,2,290.0
538008115,1718005903,35.864216,129.83252,24.0,2,290.0
538008115,1718005914,35.864334,129.832581,24.0,2,290.0
538008115,1718005934,35.864532,129.832733,24.0,2,290.0
538008115,1718005944,35.864632,129.832794,24.0,2,290.0
538008115,1718005953,35.86475,129.83287,24.0,2,290.0
538008115,1718005993,35.86515,129.833145,24.0,2,290.0
538008115,1718006004,35.865269,129.833237,24.0,2,290.0
538008115,1718006013,35.865349,129.833298,24.0,2,290.0
538008115,1718006043,35.865665,129.833511,24.0,2,290.0
538008115,1718006052,35.865749,129.833588,24.0,2,300.0
538008115,1718006064,35.865868,129.833649,24.0,2,300.0
538008115,1718006073,35.865967,129.83374,24.0,2,290.0
538008115,1718006093,35.86615,129.833862,24.0,2,300.0
538008115,1718006103,35.866249,129.833954,24.0,2,300.0
538008115,1718006112,35.866367,129.83403,24.0,2,300.0
538008115,1718006124,35.866482,129.834122,24.0,2,310.0
538008115,1718006133,35.866566,129.834183,24.0,2,300.0
538008115,1718006153,35.866768,129.834335,24.0,2,310.0
538008115,1718006163,35.866882,129.834396,24.0,2,310.0
538008115,1718006173,35.866966,129.834488,24.0,2,310.0
538008115,1718006184,35.867085,129.834564,24.0,2,310.0
538008115,1718006193,35.867184,129.834641,24.0,2,310.0
538008115,1718006204,35.867283,129.834717,24.0,2,310.0
538008115,1718006213,35.867367,129.834793,24.0,2,310.0
538008115,1718006223,35.867466,129.834869,24.0,2,310.0
538008115,1718006233,35.867565,129.834961,24.0,2,320.0
538008115,1718006244,35.867683,129.835037,24.0,2,320.0
538008115,1718006253,35.867783,129.835114,24.0,2,320.0
538008115,1718006264,35.867882,129.835205,24.0,2,320.0
538008115,1718006283,35.868084,129.835342,24.0,2,320.0
538008115,1718006293,35.868183,129.835434,24.0,2,320.0
538008115,1718006304,35.868301,129.83551,24.0,2,320.0
538008115,1718006313,35.868401,129.835587,24.0,2,320.0
538008115,1718006352,35.868801,129.835922,24.0,2,320.0
538008115,1718006364,35.8689,129.835999,24.0,2,320.0
538008115,1718006373,35.869019,129.83609,25.0,2,320.0
538008115,1718006383,35.869099,129.836166,25.0,2,320.0
538008115,1718006393,35.869217,129.836243,25.0,2,320.0
538008115,1718006403,35.869301,129.836334,25.0,2,320.0
538008115,1718006413,35.869415,129.836411,25.0,2,330.0
538008115,1718006424,35.869534,129.836517,25.0,2,330.0
538008115,1718006432,35.869633,129.836578,25.0,2,330.0
538008115,1718006443,35.869732,129.83667,25.0,2,330.0
538008115,1718006453,35.869835,129.836746,25.0,2,330.0
538008115,1718006563,35.870968,129.837631,25.0,2,320.0
538008115,1718006573,35.871067,129.837708,25.0,2,310.0
538008115,1718006594,35.8713,129.83786,25.0,2,310.0
538008115,1718006604,35.871399,129.837936,25.0,2,310.0
538008115,1718006623,35.871601,129.838104,25.0,2,310.0
538008115,1718006643,35.871819,129.838257,25.0,2,310.0
538008115,1718006654,35.871933,129.838333,25.0,2,310.0
538008115,1718006664,35.872017,129.838394,25.0,2,310.0
538008115,1718006714,35.872551,129.838821,25.0,2,320.0
538008115,1718006724,35.872665,129.838882,25.0,2,320.0
538008115,1718006753,35.872952,129.839127,25.0,2,330.0
538008115,1718006763,35.873066,129.839218,25.0,2,330.0
538008115,1718006773,35.87315,129.839294,25.0,2,330.0
538008115,1718006784,35.873268,129.839386,25.0,2,330.0
538008115,1718006792,35.873367,129.839447,25.0,2,330.0
538008115,1718006803,35.873466,129.839554,25.0,2,330.0
538008115,1718006813,35.873566,129.839615,25.0,2,330.0
538008115,1718006823,35.873684,129.839706,25.0,2,330.0
538008115,1718006833,35.873768,129.839783,25.0,2,330.0
538008115,1718006843,35.873882,129.839874,25.0,2,330.0
538008115,1718006852,35.873981,129.839951,25.0,2,320.0
538008115,1718006863,35.8741,129.840073,25.0,2,330.0
538008115,1718006873,35.874199,129.840134,25.0,2,330.0
538008115,1718006883,35.874298,129.840195,25.0,2,320.0
538008115,1718006893,35.874401,129.840302,25.0,2,330.0
538008115,1718006903,35.8745,129.840378,25.0,2,330.0
538008115,1718006923,35.874718,129.840546,25.0,2,320.0
538008115,1718006933,35.874817,129.840622,25.0,2,320.0
538008115,1718006943,35.874901,129.840698,25.0,2,320.0
538008115,1718006972,35.875217,129.840927,25.0,2,310.0
538008115,1718006983,35.875332,129.841034,26.0,2,310.0
538008115,1718006994,35.875435,129.841095,26.0,2,310.0
538008115,1718007013,35.875648,129.841263,25.0,2,300.0
538008115,1718007032,35.875851,129.841415,25.0,2,300.0
538008115,1718007054,35.876083,129.841583,25.0,2,300.0
538008115,1718007073,35.876301,129.841736,25.0,2,300.0
538008115,1718007083,35.8764,129.841812,25.0,2,300.0
538008115,1718007092,35.876499,129.841888,25.0,2,300.0
538008115,1718007103,35.876617,129.84198,25.0,2,310.0
538008115,1718007113,35.876732,129.842072,25.0,2,310.0
538008115,1718007134,35.876934,129.842239,25.0,2,310.0
538008115,1718007143,35.877048,129.8423,25.0,2,320.0
538008115,1718007163,35.877266,129.842484,25.0,2,320.0
538008115,1718007174,35.877365,129.842545,25.0,2,320.0
538008115,1718007184,35.877468,129.842636,25.0,2,320.0
538008115,1718007203,35.877666,129.842804,25.0,2,330.0
538008115,1718007215,35.877785,129.84288,25.0,2,330.0
538008115,1718007223,35.877884,129.842972,25.0,2,330.0
538008115,1718007234,35.877983,129.843048,25.0,2,330.0
538008115,1718007254,35.878181,129.843216,25.0,2,330.0
538008115,1718007264,35.878284,129.843307,26.0,2,330.0
538008115,1718007275,35.878399,129.843384,26.0,2,330.0
538008115,1718007294,35.878582,129.843552,25.0,2,330.0
538008115,1718007324,35.878933,129.843811,25.0,2,330.0
538008115,1718007334,35.879032,129.843903,25.0,2,330.0
538008115,1718007343,35.879131,129.843964,25.0,2,330.0
538008115,1718007353,35.879234,129.844055,25.0,2,320.0
538008115,1718007374,35.879452,129.844238,25.0,2,320.0
538008115,1718007394,35.879665,129.844376,25.0,2,320.0
538008115,1718007413,35.879848,129.844528,26.0,2,310.0
538008115,1718007423,35.879967,129.84462,26.0,2,310.0
538008115,1718007434,35.880081,129.844696,26.0,2,310.0
538008115,1718007443,35.880184,129.844788,26.0,2,310.0
538008115,1718007492,35.880718,129.845184,26.0,2,310.0
538008115,1718007504,35.880852,129.845261,26.0,2,300.0
538008115,1718007515,35.880966,129.845352,26.0,2,300.0
538008115,1718007523,35.88105,129.845413,26.0,2,310.0
538008115,1718007533,35.881149,129.845505,26.0,2,310.0
538008115,1718007543,35.881268,129.845581,26.0,2,310.0
538008115,1718007564,35.8815,129.845749,26.0,2,310.0
538008115,1718007575,35.881599,129.84584,25.0,2,320.0
538008115,1718007583,35.881683,129.845901,26.0,2,320.0
538008115,1718007593,35.881802,129.845978,26.0,2,320.0
538008115,1718007603,35.881901,129.846069,26.0,2,320.0
538008115,1718007612,35.882,129.846146,26.0,2,330.0
538008115,1718007624,35.882118,129.846252,25.0,2,320.0
538008115,1718007634,35.882233,129.846329,25.0,2,330.0
538008115,1718007643,35.882332,129.84642,26.0,2,330.0
538008115,1718007653,35.882435,129.846497,26.0,2,330.0
538008115,1718007663,35.882534,129.846588,26.0,2,330.0
538008115,1718007693,35.882851,129.846832,26.0,2,330.0
538008115,1718007703,35.882969,129.846939,26.0,2,330.0
538008115,1718007713,35.883068,129.847015,26.0,2,330.0
538008115,1718007744,35.8834,129.84726,26.0,2,330.0
538008115,1718007753,35.883499,129.847351,26.0,2,320.0
538008115,1718007774,35.883701,129.847504,26.0,2,320.0
538008115,1718007783,35.883816,129.84758,26.0,2,320.0
538008115,1718007813,35.884151,129.847855,26.0,2,320.0
538008115,1718007823,35.884251,129.847931,26.0,2,320.0
538008115,1718007834,35.884369,129.848022,26.0,2,320.0
538008115,1718007843,35.884449,129.848099,26.0,2,320.0
538008115,1718007864,35.884701,129.848282,26.0,2,320.0
538008115,1718007883,35.884884,129.848434,26.0,2,320.0
538008115,1718007893,35.884998,129.848526,26.0,2,320.0
538008115,1718007924,35.885319,129.848785,25.0,2,320.0
538008115,1718007943,35.885532,129.848969,26.0,2,320.0
538008115,1718007954,35.885632,129.84903,26.0,2,330.0
538008115,1718007984,35.885967,129.849304,26.0,2,330.0
538008115,1718007993,35.886051,129.849365,25.0,2,330.0
538008115,1718008003,35.886166,129.849472,25.0,2,330.0
538008115,1718008033,35.886467,129.849716,25.0,2,330.0
538008115,1718008044,35.8866,129.849823,25.0,2,330.0
538008115,1718008053,35.886684,129.849899,25.0,2,330.0
538008115,1718008063,35.886784,129.84996,25.0,2,330.0
538008115,1718008074,35.886883,129.850052,26.0,2,330.0
538008115,1718008104,35.887218,129.850327,25.0,2,330.0
538008115,1718008123,35.887417,129.850494,26.0,2,330.0
538008115,1718008133,35.887516,129.850586,26.0,2,330.0
538008115,1718008143,35.887634,129.850662,26.0,2,330.0
538008115,1718008153,35.887733,129.850754,26.0,2,330.0
538008115,1718008164,35.887852,129.850845,26.0,2,330.0
538008115,1718008193,35.888134,129.851105,26.0,2,330.0
538008115,1718008214,35.888367,129.851273,25.0,2,330.0
538008115,1718008233,35.888569,129.85144,25.0,2,330.0
538008115,1718008253,35.888767,129.851624,25.0,2,330.0
538008115,1718008284,35.889099,129.851883,25.0,2,340.0
538008115,1718008293,35.889217,129.851974,25.0,2,340.0
538008115,1718008303,35.889301,129.852051,25.0,2,340.0
538008115,1718008333,35.889633,129.852325,25.0,2,340.0
538008115,1718008343,35.889732,129.852417,25.0,2,340.0
538008115,1718008363,35.889935,129.852585,25.0,2,340.0
538008115,1718008393,35.890266,129.852859,25.0,2,340.0
538008115,1718008414,35.890469,129.853043,25.0,2,340.0
538008115,1718008443,35.890766,129.853317,26.0,2,340.0
538008115,1718008453,35.890865,129.853394,25.0,2,340.0
538008115,1718008463,35.890984,129.853485,26.0,2,340.0
538008115,1718008474,35.891102,129.853561,25.0,2,340.0
538008115,1718008484,35.891201,129.853668,26.0,2,350.0
538008115,1718008492,35.891281,129.853745,26.0,2,340.0
538008115,1718008505,35.891384,129.853851,26.0,2,340.0
538008115,1718008523,35.891602,129.854034,25.0,2,340.0
538008115,1718008563,35.892033,129.854385,25.0,2,340.0
538008115,1718008573,35.892132,129.854446,25.0,2,340.0
538008115,1718008594,35.892334,129.854645,26.0,2,340.0
538008115,1718008612,35.892532,129.854797,25.0,2,340.0
538008115,1718008654,35.892967,129.855148,25.0,2,340.0
538008115,1718008672,35.893166,129.855316,25.0,2,340.0
538008115,1718008684,35.893284,129.855423,25.0,2,340.0
538008115,1718008703,35.893482,129.855606,25.0,2,340.0
538008115,1718008723,35.8937,129.855789,25.0,2,340.0
538008115,1718008792,35.894417,129.856384,25.0,2,340.0
538008115,1718008834,35.894852,129.856735,25.0,2,340.0
538008115,1718008853,35.89505,129.856918,25.0,2,340.0
538008115,1718008874,35.895267,129.857086,25.0,2,340.0
538008115,1718009114,35.897766,129.859177,25.0,2,340.0
538008115,1718009143,35.898083,129.859451,25.0,2,340.0
538008115,1718009184,35.898548,129.859833,25.0,2,340.0
538008115,1718009194,35.898632,129.859924,25.0,2,340.0
538008115,1718009203,35.898731,129.859985,25.0,2,340.0
538008115,1718009233,35.899033,129.860229,25.0,2,340.0
538008115,1718009254,35.89925,129.860413,26.0,2,340.0
538008115,1718009273,35.899433,129.86058,25.0,2,330.0
538008115,1718009283,35.899551,129.860687,26.0,2,330.0
538008115,1718009293,35.899666,129.860764,26.0,2,330.0
538008115,1718009303,35.899769,129.860855,26.0,2,330.0
538008115,1718009323,35.899982,129.861023,26.0,2,330.0
538008115,1718009333,35.900066,129.861099,25.0,2,330.0
538008115,1718009343,35.900185,129.861206,25.0,2,330.0
538008115,1718009353,35.900284,129.861282,25.0,2,330.0
538008115,1718009363,35.900398,129.861374,25.0,2,330.0
538008115,1718009374,35.900501,129.86145,25.0,2,330.0
538008115,1718009384,35.9006,129.861526,25.0,2,330.0
538008115,1718009393,35.9007,129.861618,25.0,2,330.0
538008115,1718009403,35.900784,129.861679,25.0,2,330.0
538008115,1718009413,35.900883,129.861771,25.0,2,330.0
538008115,1718009423,35.901001,129.861862,25.0,2,330.0
538008115,1718009444,35.901218,129.86203,25.0,2,330.0
538008115,1718009484,35.9016,129.862366,25.0,2,340.0
538008115,1718009594,35.902733,129.863312,25.0,2,340.0
538008115,1718009674,35.903519,129.863998,25.0,2,340.0
538008115,1718009765,35.904449,129.864807,25.0,2,340.0
538008115,1718009813,35.904949,129.865219,25.0,2,340.0
538008115,1718009825,35.905048,129.865295,25.0,2,340.0
538008115,1718009863,35.905434,129.865631,25.0,2,340.0
538008115,1718009894,35.90575,129.865906,25.0,2,340.0
538008115,1718009954,35.906349,129.866379,25.0,2,350.0
538008115,1718009964,35.906448,129.86647,25.0,2,350.0
538008115,1718010284,35.90955,129.869263,24.0,2,360.0
538008115,1718010333,35.91,129.86969,24.0,2,360.0
538008115,1718010384,35.9105,129.870148,24.0,2,360.0
538008115,1718010413,35.910767,129.870377,24.0,2,360.0
538008115,1718010424,35.910866,129.870468,24.0,2,360.0
538008115,1718010445,35.911049,129.870651,24.0,2,360.0
538008115,1718010454,35.911152,129.870728,24.0,2,360.0
538008115,1718010464,35.911251,129.870819,24.0,2,360.0
538008115,1718010473,35.911331,129.870895,24.0,2,360.0
538008115,1718010505,35.911617,129.871185,24.0,2,370.0
538008115,1718010574,35.912266,129.87178,24.0,2,370.0
538008115,1718010584,35.912369,129.871887,24.0,2,370.0
538008115,1718010605,35.912552,129.87207,24.0,2,370.0
538008115,1718010625,35.91275,129.872253,24.0,2,370.0
538008115,1718010634,35.912815,129.87233,24.0,2,370.0
538008115,1718010644,35.912933,129.872421,24.0,2,380.0
538008115,1718010693,35.913383,129.872864,24.0,2,380.0
538008115,1718010704,35.913483,129.872955,24.0,2,380.0
538008115,1718010724,35.913651,129.873123,23.0,2,380.0
538008115,1718010733,35.913715,129.873184,24.0,2,380.0
538008115,1718010753,35.913898,129.873367,23.0,2,380.0
538008115,1718010774,35.914082,129.873535,23.0,2,380.0
538008115,1718011053,35.91655,129.875977,22.0,2,390.0
538008115,1718011063,35.916634,129.876068,22.0,2,390.0
538008115,1718011094,35.916882,129.876328,22.0,2,390.0
538008115,1718011135,35.917233,129.876678,22.0,2,390.0
538008115,1718011174,35.917568,129.876999,22.0,2,390.0
538008115,1718011184,35.917648,129.877106,22.0,2,380.0
538008115,1718011204,35.917831,129.877274,22.0,2,380.0
538008115,1718011234,35.918068,129.877502,22.0,2,380.0
538008115,1718011304,35.918667,129.878082,22.0,2,380.0
538008115,1718011334,35.918919,129.878326,21.0,2,380.0
538008115,1718011354,35.919067,129.878479,21.0,2,380.0
538008115,1718011384,35.9193,129.878723,22.0,2,370.0
538008115,1718011394,35.919384,129.878799,22.0,2,370.0
538008115,1718011415,35.919567,129.878983,22.0,2,370.0
538008115,1718011424,35.919651,129.879044,21.0,2,370.0
538008115,1718011435,35.919731,129.87915,22.0,2,370.0
538008115,1718011475,35.920067,129.879471,22.0,2,370.0
538008115,1718011484,35.920132,129.879532,21.0,2,370.0
538008115,1718011504,35.9203,129.879684,21.0,2,370.0
538008115,1718011535,35.920567,129.879929,21.0,2,370.0
538008115,1718011563,35.920799,129.880173,21.0,2,370.0
538008115,1718011584,35.920967,129.88031,21.0,2,370.0
538008115,1718011595,35.921051,129.880417,21.0,2,370.0
538008115,1718011614,35.9212,129.880554,21.0,2,370.0
538008115,1718011624,35.921299,129.88063,21.0,2,370.0
538008115,1718011644,35.921467,129.880798,21.0,2,370.0
538008115,1718011655,35.921551,129.880859,21.0,2,370.0
538008115,1718011715,35.92205,129.881348,21.0,2,360.0
538008115,1718011834,35.92305,129.882263,23.0,2,350.0
538008115,1718011854,35.923248,129.882416,23.0,2,330.0
538008115,1718012365,35.930065,129.882904,39.0,2,3400.0
538008115,1718012454,35.931683,129.881912,43.0,2,3280.0
538008115,1718012474,35.932034,129.881638,43.0,2,3250.0
538008115,1718012524,35.932816,129.880814,43.0,2,3170.0
538008115,1718012534,35.932968,129.88063,43.0,2,3150.0
538008115,1718012694,35.934467,129.877304,38.0,2,2820.0
538008115,1718012734,35.934517,129.87645,36.0,2,2690.0
538008115,1718012743,35.934502,129.876251,35.0,2,2670.0
538008115,1718012754,35.934483,129.876022,35.0,2,2640.0
538008115,1718012794,35.934334,129.875229,34.0,2,2530.0
538008115,1718012814,35.934216,129.874878,34.0,2,2480.0
538008115,1718012824,35.934132,129.874664,34.0,2,2470.0
538008115,1718012834,35.934082,129.874481,35.0,2,2480.0
538008115,1718012854,35.933949,129.874084,36.0,2,2490.0
538008115,1718012864,35.933884,129.873871,37.0,2,2490.0
538008115,1718012874,35.933834,129.873672,38.0,2,2480.0
538008115,1718012883,35.93375,129.873474,38.0,2,2470.0
538008115,1718012894,35.933666,129.873245,38.0,2,2450.0
538008115,1718012905,35.933582,129.873047,39.0,2,2430.0
538008115,1718012934,35.9333,129.872421,39.0,2,2390.0
538008115,1718012943,35.933201,129.872253,40.0,2,2370.0
538008115,1718012984,35.932716,129.87149,41.0,2,2320.0
538008115,1718012994,35.932598,129.871307,41.0,2,2310.0
538008115,1718013044,35.931915,129.870346,43.0,2,2280.0
538008115,1718013063,35.931618,129.86998,44.0,2,2260.0
538008115,1718013093,35.931168,129.869415,46.0,2,2260.0
538008115,1718013124,35.930683,129.86879,47.0,2,2270.0
538008115,1718013133,35.93055,129.868607,48.0,2,2260.0
538008115,1718013153,35.930218,129.868195,48.0,2,2260.0
538008115,1718013173,35.929882,129.867783,49.0,2,2250.0
538008115,1718013184,35.929718,129.867584,49.0,2,2250.0
538008115,1718013193,35.929565,129.867401,50.0,2,2240.0
538008115,1718013213,35.929199,129.866943,51.0,2,2240.0
538008115,1718013224,35.929031,129.866745,51.0,2,2240.0
538008115,1718013233,35.928848,129.866531,51.0,2,2240.0
538008115,1718013273,35.928131,129.865707,53.0,2,2240.0
538008115,1718013284,35.927917,129.865448,53.0,2,2240.0
538008115,1718013294,35.927715,129.865234,53.0,2,2240.0
538008115,1718013304,35.927567,129.865005,54.0,2,2240.0
538008115,1718013333,35.927052,129.864365,55.0,2,2240.0
538008115,1718013353,35.926682,129.863907,55.0,2,2250.0
538008115,1718013364,35.926468,129.863617,55.0,2,2260.0
538008115,1718013403,35.925751,129.862701,56.0,2,2240.0
538008115,1718013464,35.924519,129.86142,57.0,2,2190.0
538008115,1718013473,35.924332,129.861237,57.0,2,2190.0
538008115,1718013512,35.92345,129.860367,58.0,2,2170.0
538008115,1718013533,35.923,129.85997,59.0,2,2170.0
538008115,1718013543,35.922798,129.859756,59.0,2,2170.0
538008115,1718013563,35.922352,129.859344,59.0,2,2180.0
538008115,1718013573,35.92215,129.859161,59.0,2,2170.0
538008115,1718013594,35.921684,129.858719,60.0,2,2170.0
538008115,1718013613,35.921268,129.858337,61.0,2,2170.0
538008115,1718013623,35.921032,129.858124,61.0,2,2170.0
538008115,1718013654,35.920334,129.857452,61.0,2,2170.0
538008115,1718013793,35.917099,129.854431,63.0,2,2170.0
538008115,1718013814,35.916634,129.853989,63.0,2,2170.0
538008115,1718013824,35.916351,129.853714,64.0,2,2170.0
538008115,1718013842,35.915932,129.853348,64.0,2,2160.0
538008115,1718013863,35.915417,129.852859,64.0,2,2160.0
538008115,1718013874,35.915184,129.852646,64.0,2,2160.0
538008115,1718013884,35.914932,129.852417,64.0,2,2170.0
538008115,1718013903,35.914482,129.852005,64.0,2,2170.0
538008115,1718013924,35.913982,129.851532,65.0,2,2160.0
538008115,1718013934,35.913734,129.851318,65.0,2,2160.0
538008115,1718013973,35.91275,129.850449,65.0,2,2150.0
538008115,1718013984,35.912483,129.850204,65.0,2,2150.0
538008115,1718013993,35.912251,129.850021,65.0,2,2150.0
538008115,1718014023,35.911533,129.84938,66.0,2,2150.0
538008115,1718014045,35.910984,129.848907,66.0,2,2150.0
538008115,1718014053,35.910767,129.848694,66.0,2,2150.0
538008115,1718014073,35.910282,129.848267,66.0,2,2150.0
538008115,1718014083,35.910034,129.848068,66.0,2,2150.0
538008115,1718014093,35.909782,129.847839,66.0,2,2150.0
538008115,1718014104,35.9095,129.847595,66.0,2,2150.0
538008115,1718014115,35.909267,129.847382,67.0,2,2150.0
538008115,1718014123,35.909,129.847168,67.0,2,2150.0
538008115,1718014143,35.908516,129.846725,67.0,2,2150.0
538008115,1718014175,35.9077,129.846024,67.0,2,2150.0
538008115,1718014184,35.907482,129.84581,67.0,2,2150.0
538008115,1718014194,35.907234,129.845596,67.0,2,2150.0
538008115,1718014203,35.906982,129.845398,67.0,2,2150.0
538008115,1718014225,35.906467,129.84491,68.0,2,2150.0
538008115,1718014235,35.9062,129.844696,68.0,2,2150.0
538008115,1718014254,35.905701,129.844254,68.0,2,2150.0
538008115,1718014264,35.905434,129.844009,68.0,2,2150.0
538008115,1718014294,35.904633,129.843323,68.0,2,2150.0
538008115,1718014304,35.904385,129.843094,68.0,2,2160.0
538008115,1718014324,35.903885,129.842636,68.0,2,2160.0
538008115,1718014354,35.903118,129.841965,68.0,2,2160.0
538008115,1718014434,35.901031,129.840118,69.0,2,2150.0
538008115,1718014444,35.900799,129.839905,69.0,2,2150.0
538008115,1718014464,35.900269,129.839447,69.0,2,2150.0
538008115,1718014504,35.899235,129.838547,69.0,2,2140.0
538008115,1718014514,35.898968,129.838318,69.0,2,2140.0
538008115,1718014524,35.898682,129.838104,69.0,2,2140.0
538008115,1718014534,35.898434,129.837891,69.0,2,2140.0
538008115,1718014544,35.898167,129.837646,69.0,2,2140.0
538008115,1718014564,35.897633,129.837219,69.0,2,2140.0
538008115,1718014614,35.896282,129.836044,69.0,2,2140.0
538008115,1718014625,35.896015,129.835831,69.0,2,2150.0
538008115,1718014664,35.895035,129.8349,68.0,2,2160.0
538008115,1718014704,35.893951,129.834076,68.0,2,2090.0
538008115,1718014734,35.893082,129.833496,68.0,2,2100.0
538008115,1718014744,35.892818,129.833298,68.0,2,2100.0
538008115,1718014763,35.892319,129.832916,68.0,2,2100.0
538008115,1718014774,35.892033,129.832718,68.0,2,2100.0
538008115,1718014814,35.890949,129.832001,68.0,2,2070.0
538008115,1718014834,35.890366,129.831619,68.0,2,2070.0
538008115,1718014894,35.888649,129.830551,68.0,2,2060.0
538008115,1718014925,35.887783,129.830048,68.0,2,2040.0
538008115,1718014955,35.886932,129.82959,68.0,2,2050.0
538008115,1718014974,35.886383,129.829224,68.0,2,2080.0
538008115,1718014993,35.885868,129.828827,67.0,2,2100.0
538008115,1718015004,35.885567,129.828613,67.0,2,2110.0
538008115,1718015013,35.885334,129.828415,67.0,2,2110.0
538008115,1718015073,35.883717,129.827133,68.0,2,2120.0
538008115,1718015094,35.883183,129.826706,68.0,2,2130.0
538008115,1718015145,35.881931,129.825485,68.0,2,2190.0
538008115,1718015223,35.880001,129.823441,69.0,2,2210.0
538008115,1718015295,35.878368,129.821609,69.0,2,2210.0
538008115,1718015314,35.877918,129.821121,69.0,2,2210.0
538008115,1718015364,35.876667,129.819763,69.0,2,2200.0
538008115,1718015374,35.876434,129.819534,69.0,2,2200.0
538008115,1718015384,35.876202,129.81929,69.0,2,2200.0
538008115,1718015393,35.875984,129.819046,69.0,2,2210.0
538008115,1718015403,35.875717,129.818756,70.0,2,2210.0
538008115,1718015434,35.875015,129.817978,70.0,2,2210.0
538008115,1718015443,35.874783,129.817719,70.0,2,2210.0
538008115,1718015594,35.871101,129.813751,70.0,2,2200.0
538008115,1718015604,35.87085,129.813477,71.0,2,2200.0
538008115,1718015633,35.870098,129.812714,71.0,2,2200.0
538008115,1718015654,35.869583,129.812149,71.0,2,2200.0
538008115,1718015664,35.869331,129.811905,71.0,2,2200.0
538008115,1718015714,35.868118,129.810593,71.0,2,2200.0
538008115,1718015744,35.867401,129.809799,71.0,2,2210.0
538008115,1718015754,35.867149,129.809555,70.0,2,2210.0
538008115,1718015764,35.866917,129.809265,69.0,2,2220.0
538008115,1718015814,35.865734,129.807999,67.0,2,2190.0
538008115,1718015824,35.865482,129.807755,66.0,2,2190.0
538008115,1718015834,35.865234,129.80751,66.0,2,2170.0
538008115,1718015852,35.864784,129.807129,65.0,2,2140.0
538008115,1718015864,35.864498,129.806915,65.0,2,2130.0
538008115,1718015954,35.862301,129.805206,60.0,2,2110.0
538008115,1718015964,35.862083,129.805023,59.0,2,2120.0
538008115,1718015973,35.8619,129.804886,59.0,2,2110.0
538008115,1718016003,35.861217,129.804382,57.0,2,2100.0
538008115,1718016063,35.859917,129.803497,52.0,2,2080.0
538008115,1718016084,35.859482,129.803207,51.0,2,2090.0
538008115,1718016103,35.8591,129.802933,50.0,2,2110.0
538008115,1718016134,35.858532,129.802429,47.0,2,2160.0
538008115,1718016143,35.858368,129.802261,47.0,2,2170.0
538008115,1718016153,35.858215,129.802139,46.0,2,2180.0
538008115,1718016194,35.857582,129.801437,45.0,2,2210.0
538008115,1718016204,35.857449,129.801285,44.0,2,2220.0
538008115,1718016223,35.857151,129.800949,43.0,2,2230.0
538008115,1718016234,35.856983,129.800751,42.0,2,2240.0
538008115,1718016243,35.856869,129.800583,41.0,2,2240.0
538008115,1718016254,35.856731,129.800415,41.0,2,2240.0
538008115,1718016263,35.856602,129.800262,40.0,2,2240.0
538008115,1718016273,35.856483,129.80011,40.0,2,2240.0
538008115,1718016283,35.856365,129.799957,39.0,2,2250.0
538008115,1718016294,35.856216,129.799789,39.0,2,2250.0
538008115,1718016314,35.855968,129.799469,38.0,2,2240.0
538008115,1718016333,35.855732,129.799179,37.0,2,2230.0
538008115,1718016342,35.855598,129.799057,36.0,2,2220.0
538008115,1718016354,35.855469,129.798889,36.0,2,2210.0
538008115,1718016383,35.855099,129.798523,34.0,2,2190.0
538008115,1718016393,35.854984,129.798401,34.0,2,2180.0
538008115,1718016403,35.854866,129.798294,34.0,2,2170.0
538008115,1718016414,35.854698,129.798157,33.0,2,2150.0
538008115,1718016423,35.854599,129.79805,33.0,2,2140.0
538008115,1718016454,35.854267,129.797791,31.0,2,2100.0
538008115,1718016493,35.853718,129.79747,29.0,2,2030.0
538008115,1718016504,35.8536,129.797394,29.0,2,2020.0
538008115,1718016514,35.853466,129.797348,28.0,2,1990.0
538008115,1718016534,35.853218,129.797287,27.0,2,1960.0
538008115,1718016543,35.8531,129.797256,27.0,2,1930.0
538008115,1718016553,35.852966,129.797211,26.0,2,1910.0
538008115,1718016574,35.852684,129.797333,26.0,2,1840.0
538008115,1718016594,35.852467,129.797195,26.0,2,1810.0
538008115,1718016613,35.852234,129.797195,25.0,2,1770.0
538008115,1718016634,35.852016,129.797256,25.0,2,1720.0
538008115,1718016663,35.851685,129.797363,23.0,2,1630.0
538008115,1718016673,35.851582,129.797424,23.0,2,1600.0
538008115,1718016684,35.851467,129.797485,23.0,2,1570.0
538008115,1718016704,35.85125,129.797623,23.0,2,1520.0
538008115,1718016713,35.851166,129.797684,24.0,2,1500.0
538008115,1718016723,35.851082,129.79776,24.0,2,1470.0
538008115,1718016733,35.850983,129.797852,24.0,2,1460.0
538008115,1718016744,35.850883,129.797943,24.0,2,1440.0
538008115,1718016754,35.8508,129.79805,24.0,2,1420.0
538008115,1718016773,35.850632,129.798218,24.0,2,1390.0
538008115,1718016783,35.850552,129.79834,24.0,2,1370.0
538008115,1718016793,35.850468,129.798431,24.0,2,1360.0
538008115,1718016804,35.850384,129.798553,24.0,2,1350.0
538008115,1718016814,35.8503,129.798645,24.0,2,1340.0
538008115,1718016825,35.850216,129.798767,24.0,2,1330.0
538008115,1718016833,35.850151,129.798874,24.0,2,1320.0
538008115,1718016843,35.850067,129.798965,24.0,2,1310.0
538008115,1718016864,35.849899,129.799271,24.0,2,1290.0
538008115,1718016874,35.849834,129.799362,23.0,2,1270.0
538008115,1718016884,35.849766,129.799484,24.0,2,1260.0
538008115,1718016893,35.849716,129.799561,24.0,2,1250.0
538008115,1718016903,35.849651,129.799713,25.0,2,1240.0
538008115,1718016913,35.849583,129.799835,24.0,2,1240.0
538008115,1718016924,35.849518,129.799973,24.0,2,1230.0
538008115,1718016934,35.849468,129.800095,24.0,2,1220.0
538008115,1718016955,35.849335,129.800369,25.0,2,1200.0
538008115,1718016963,35.849281,129.800476,24.0,2,1190.0
538008115,1718016984,35.849167,129.800751,25.0,2,1190.0
538008115,1718017002,35.849068,129.800995,25.0,2,1180.0
538008115,1718017015,35.848999,129.801147,25.0,2,1170.0
538008115,1718017033,35.848915,129.801422,24.0,2,1160.0
538008115,1718017054,35.848801,129.801697,24.0,2,1150.0
538008115,1718017062,35.848766,129.801804,24.0,2,1150.0
538008115,1718017084,35.848667,129.802063,23.0,2,1140.0
538008115,1718017114,35.848534,129.802444,23.0,2,1140.0
538008115,1718017122,35.848499,129.802567,22.0,2,1140.0
538008115,1718017135,35.84845,129.802704,22.0,2,1130.0
538008115,1718017174,35.848282,129.803207,21.0,2,1120.0
538008115,1718017183,35.848267,129.803284,20.0,2,1120.0
538008115,1718017194,35.848232,129.803436,20.0,2,1120.0
538008115,1718017203,35.848202,129.803513,20.0,2,1110.0
538008115,1718017214,35.848167,129.80365,20.0,2,1110.0
538008115,1718017234,35.848099,129.803879,19.0,2,1100.0
538008115,1718017242,35.848068,129.80397,19.0,2,1100.0
538008115,1718017344,35.847782,129.805038,16.0,2,1050.0
538008115,1718017363,35.847767,129.805176,15.0,2,1040.0
538008115,1718017414,35.847683,129.805649,14.0,2,1020.0
538008115,1718017434,35.847668,129.805817,14.0,2,1010.0
538008115,1718017445,35.847649,129.805923,14.0,2,1000.0
538008115,1718017463,35.847633,129.806061,13.0,2,990.0
538008115,1718017483,35.847618,129.806244,14.0,2,970.0
538008115,1718017504,35.847618,129.806412,14.0,2,950.0
538008115,1718017514,35.847599,129.806488,13.0,2,950.0
538008115,1718017523,35.847599,129.806564,13.0,2,940.0
538008115,1718017564,35.847618,129.806885,12.0,2,900.0
538008115,1718017583,35.847618,129.807037,11.0,2,870.0
538008115,1718017593,35.847633,129.807114,11.0,2,870.0
538008115,1718017624,35.847649,129.807327,10.0,2,840.0
538008115,1718017633,35.847649,129.807388,10.0,2,830.0
538008115,1718017643,35.847668,129.807465,10.0,2,820.0
538008115,1718017684,35.847698,129.807739,10.0,2,800.0
538008115,1718017693,35.847698,129.8078,10.0,2,800.0
538008115,1718017713,35.847733,129.807938,10.0,2,790.0
538008115,1718017723,35.847752,129.807999,10.0,2,780.0
538008115,1718017734,35.847767,129.80806,10.0,2,770.0
538008115,1718017744,35.847782,129.808136,10.0,2,760.0
538008115,1718017763,35.847816,129.808273,10.0,2,740.0
538008115,1718017783,35.847851,129.808395,10.0,2,730.0
538008115,1718017804,35.847881,129.808533,10.0,2,720.0
538008115,1718017813,35.8479,129.808594,10.0,2,710.0
538008115,1718017823,35.847935,129.808655,10.0,2,710.0
538008115,1718017833,35.84795,129.808731,10.0,2,700.0
538008115,1718017854,35.847984,129.808853,10.0,2,690.0
538008115,1718017864,35.848019,129.808914,11.0,2,680.0
538008115,1718017873,35.848034,129.80899,11.0,2,670.0
538008115,1718017914,35.848133,129.809265,11.0,2,640.0
538008115,1718017924,35.848148,129.809326,11.0,2,640.0
538008115,1718018223,35.849216,129.811447,14.0,2,570.0
538008115,1718018264,35.8494,129.811768,14.0,2,560.0
538008115,1718018314,35.849617,129.812149,15.0,2,550.0
538008115,1718018343,35.849751,129.812347,15.0,2,550.0
538008115,1718018385,35.849968,129.812698,15.0,2,530.0
538008115,1718018403,35.850067,129.812851,15.0,2,520.0
538008115,1718018463,35.850368,129.813278,16.0,2,500.0
538008115,1718018473,35.850449,129.8134,15.0,2,500.0
538008115,1718018494,35.850567,129.813553,16.0,2,490.0
538008115,1718018505,35.850616,129.813629,16.0,2,480.0
538008115,1718018522,35.850716,129.813766,16.0,2,470.0
538008115,1718018585,35.851067,129.81424,16.0,2,450.0
538008115,1718018645,35.851433,129.814667,16.0,2,450.0
538008115,1718018764,35.8522,129.815521,17.0,2,420.0
538008115,1718018814,35.852551,129.815887,17.0,2,410.0
538008115,1718018824,35.852615,129.815948,17.0,2,400.0
538008115,1718018832,35.852669,129.81601,17.0,2,410.0
538008115,1718018953,35.8535,129.816833,18.0,2,380.0
538008115,1718018964,35.8536,129.81691,18.0,2,390.0
538008115,1718019034,35.854099,129.817413,18.0,2,380.0
538008115,1718019042,35.854168,129.817474,19.0,2,370.0
538008115,1718019144,35.854935,129.818237,19.0,2,380.0
538008115,1718019204,35.855385,129.818695,20.0,2,390.0
538008115,1718019213,35.855469,129.818787,20.0,2,390.0
538008115,1718019222,35.855534,129.818848,20.0,2,390.0
538008115,1718019234,35.855633,129.818954,20.0,2,390.0
538008115,1718019264,35.855865,129.819199,20.0,2,390.0
538008115,1718019274,35.855934,129.819244,20.0,2,390.0
538008115,1718019324,35.85635,129.819687,21.0,2,390.0
538008115,1718019334,35.856419,129.819763,21.0,2,390.0
538008115,1718019343,35.856499,129.819839,21.0,2,390.0
538008115,1718019355,35.856583,129.819931,21.0,2,390.0
538008115,1718019373,35.856731,129.820084,21.0,2,400.0
538008115,1718019415,35.857067,129.820496,22.0,2,380.0
538008115,1718019424,35.857132,129.820557,21.0,2,380.0
538008115,1718019433,35.857216,129.820602,21.0,2,390.0
538008115,1718019453,35.857399,129.82077,21.0,2,390.0
538008115,1718019463,35.857483,129.820847,21.0,2,390.0
538008115,1718019473,35.857552,129.820908,21.0,2,390.0
538008115,1718019484,35.857632,129.820999,21.0,2,390.0
538008115,1718019494,35.857716,129.821075,21.0,2,390.0
538008115,1718019523,35.857967,129.821335,20.0,2,390.0
538008115,1718019544,35.858131,129.821487,21.0,2,390.0
538008115,1718019554,35.858215,129.821564,20.0,2,390.0
538008115,1718019583,35.858467,129.821823,20.0,2,380.0
538008115,1718019593,35.858551,129.821899,20.0,2,380.0
538008115,1718019604,35.85865,129.82196,20.0,2,380.0
538008115,1718019634,35.858898,129.82222,21.0,2,370.0
538008115,1718019643,35.858967,129.822281,21.0,2,380.0
538008115,1718019653,35.859066,129.822372,21.0,2,370.0
538008115,1718019663,35.85915,129.822449,21.0,2,370.0
538008115,1718019673,35.859219,129.82254,21.0,2,370.0
538008115,1718019703,35.859467,129.822769,21.0,2,370.0
538008115,1718019734,35.859749,129.822998,21.0,2,350.0
538008115,1718019753,35.859917,129.823151,21.0,2,350.0
538008115,1718019762,35.860016,129.823212,21.0,2,350.0
538008115,1718019793,35.860249,129.823441,20.0,2,350.0
538008115,1718019803,35.860352,129.823502,20.0,2,350.0
538008115,1718019813,35.860416,129.823563,21.0,2,350.0
538008115,1718019823,35.860481,129.823639,21.0,2,350.0
538008115,1718019833,35.860565,129.823715,21.0,2,350.0
538008115,1718019863,35.860817,129.823929,20.0,2,340.0
538008115,1718019873,35.860901,129.824005,20.0,2,340.0
538008115,1718019893,35.861069,129.824142,20.0,2,340.0
538008115,1718019906,35.861134,129.824203,20.0,2,350.0
538008115,1718019923,35.861332,129.824356,20.0,2,340.0
538008115,1718019933,35.861401,129.824402,20.0,2,320.0
538008115,1718019954,35.861584,129.824585,20.0,2,340.0
538008115,1718019963,35.861649,129.824646,20.0,2,340.0
538008115,1718019993,35.8619,129.82486,21.0,2,340.0
538008115,1718020002,35.861984,129.824936,20.0,2,340.0
538008115,1718020023,35.862167,129.825073,20.0,2,340.0
538008115,1718020164,35.863335,129.826096,21.0,2,350.0
538008115,1718020224,35.863869,129.826553,21.0,2,360.0
538008115,1718020304,35.864532,129.827179,21.0,2,360.0
538008115,1718020333,35.864765,129.827469,22.0,2,350.0
538008115,1718020364,35.865051,129.827682,22.0,2,360.0
538008115,1718020374,35.86515,129.827774,22.0,2,360.0
538008115,1718020384,35.86525,129.82785,22.0,2,370.0
538008115,1718020393,35.865318,129.827927,22.0,2,370.0
538008115,1718020404,35.865383,129.828003,22.0,2,360.0
538008115,1718020424,35.865582,129.828156,22.0,2,360.0
538008115,1718020434,35.86565,129.828232,22.0,2,360.0
538008115,1718020444,35.865719,129.828293,22.0,2,360.0
538008115,1718020453,35.865799,129.828369,22.0,2,370.0
538008115,1718020464,35.865883,129.828461,22.0,2,360.0
538008115,1718020472,35.865967,129.828552,22.0,2,360.0
538008115,1718020484,35.866081,129.828629,22.0,2,370.0
538008115,1718020494,35.866165,129.82872,22.0,2,370.0
538008115,1718020513,35.866318,129.828888,22.0,2,370.0
538008115,1718020532,35.866482,129.829041,22.0,2,370.0
538008115,1718020544,35.8666,129.829147,22.0,2,360.0
538008115,1718020573,35.866817,129.829361,22.0,2,370.0
538008115,1718020584,35.866932,129.829437,22.0,2,380.0
538008115,1718020592,35.867016,129.829514,22.0,2,380.0
538008115,1718020614,35.867233,129.829727,21.0,2,380.0
538008115,1718020624,35.867298,129.829788,21.0,2,380.0
538008115,1718020643,35.867451,129.829956,22.0,2,390.0
538008115,1718020653,35.867565,129.830032,20.0,2,390.0
538008115,1718020664,35.867634,129.830124,21.0,2,380.0
538008115,1718020674,35.867699,129.830185,22.0,2,380.0
538008115,1718020684,35.867767,129.830231,22.0,2,390.0
538008115,1718020694,35.867867,129.830368,22.0,2,380.0
538008115,1718020703,35.867931,129.830414,22.0,2,380.0
538008115,1718020712,35.868015,129.830505,22.0,2,380.0
538008115,1718020724,35.868149,129.830597,21.0,2,390.0
538008115,1718020734,35.868217,129.830688,21.0,2,380.0
538008115,1718020754,35.868366,129.830826,22.0,2,390.0
538008115,1718020772,35.868534,129.830994,22.0,2,380.0
538008115,1718020793,35.868717,129.831177,22.0,2,370.0
538008115,1718020804,35.868801,129.831253,22.0,2,380.0
538008115,1718020814,35.868881,129.831329,22.0,2,380.0
538008115,1718020832,35.869068,129.831497,21.0,2,390.0
538008115,1718020844,35.869133,129.831589,22.0,2,380.0
538008115,1718020914,35.869717,129.832153,22.0,2,370.0
538008115,1718020925,35.869801,129.83223,22.0,2,370.0
538008115,1718020935,35.8699,129.832321,21.0,2,380.0
538008115,1718020944,35.870018,129.832397,21.0,2,380.0
538008115,1718020953,35.870068,129.832474,22.0,2,370.0
538008115,1718020984,35.87035,129.832687,22.0,2,370.0
538008115,1718021013,35.870567,129.832932,23.0,2,370.0
538008115,1718021033,35.870716,129.833099,23.0,2,370.0
538008115,1718021073,35.871052,129.83345,22.0,2,380.0
538008115,1718021084,35.871151,129.833527,23.0,2,380.0
538008115,1718021093,35.871216,129.833603,23.0,2,380.0
538008115,1718021104,35.8713,129.833679,23.0,2,380.0
538008115,1718021123,35.871483,129.833832,22.0,2,380.0
538008115,1718021144,35.871651,129.834,23.0,2,380.0
538008115,1718021153,35.87175,129.834106,22.0,2,390.0
538008115,1718021213,35.872185,129.834473,23.0,2,380.0
538008115,1718021264,35.87265,129.835007,23.0,2,370.0
538008115,1718021273,35.872719,129.835068,23.0,2,380.0
538008115,1718021283,35.872799,129.835144,23.0,2,380.0
538008115,1718021293,35.872898,129.835236,23.0,2,380.0
538008115,1718021304,35.872982,129.835327,23.0,2,380.0
538008115,1718021315,35.873066,129.835403,23.0,2,380.0
538008115,1718021333,35.873234,129.835556,23.0,2,380.0
538008115,1718021343,35.873318,129.835632,23.0,2,380.0
538008115,1718021353,35.873432,129.835739,22.0,2,390.0
538008115,1718021375,35.873566,129.835907,23.0,2,380.0
538008115,1718021382,35.87365,129.835968,23.0,2,380.0
538008115,1718021394,35.873734,129.83606,23.0,2,380.0
538008115,1718021414,35.873901,129.836227,23.0,2,380.0
538008115,1718021424,35.874001,129.836334,23.0,2,380.0
538008115,1718021453,35.874249,129.836563,22.0,2,390.0
538008115,1718021474,35.874416,129.836761,23.0,2,370.0
538008115,1718021485,35.87455,129.836853,22.0,2,380.0
538008115,1718021513,35.874748,129.837067,22.0,2,370.0
538008115,1718021524,35.874882,129.837128,22.0,2,370.0
538008115,1718021533,35.874931,129.83725,22.0,2,370.0
538008115,1718021545,35.875034,129.837372,22.0,2,370.0
538008115,1718021573,35.875282,129.837585,22.0,2,370.0
538008115,1718021584,35.875366,129.837662,22.0,2,370.0
538008115,1718021593,35.875435,129.837753,22.0,2,360.0
538008115,1718021604,35.875534,129.83786,22.0,2,360.0
538008115,1718021614,35.875618,129.837936,22.0,2,370.0
538008115,1718021644,35.875851,129.838165,22.0,2,370.0
538008115,1718021674,35.876118,129.83844,22.0,2,370.0
538008115,1718021692,35.876266,129.838562,22.0,2,370.0
538008115,1718021704,35.87635,129.838669,22.0,2,370.0
538008115,1718021714,35.876434,129.838745,22.0,2,370.0
538008115,1718021725,35.876518,129.838852,22.0,2,370.0
538008115,1718021734,35.876598,129.838928,22.0,2,370.0
538008115,1718021764,35.87685,129.839172,22.0,2,380.0
538008115,1718021784,35.877048,129.839371,22.0,2,370.0
538008115,1718021803,35.877182,129.839523,22.0,2,370.0
538008115,1718021813,35.877266,129.8396,22.0,2,380.0
538008115,1718021823,35.877365,129.839676,22.0,2,380.0
538008115,1718021883,35.877884,129.840179,22.0,2,390.0
538008115,1718021893,35.877968,129.840271,22.0,2,390.0
538008115,1718021923,35.878201,129.840515,22.0,2,390.0
538008115,1718021933,35.878284,129.840607,22.0,2,390.0
538008115,1718021944,35.878368,129.840683,22.0,2,390.0
538008115,1718021963,35.878532,129.840866,22.0,2,390.0
538008115,1718021974,35.878616,129.840942,22.0,2,390.0
538008115,1718021993,35.878799,129.84111,22.0,2,390.0
538008115,1718022004,35.878883,129.841217,22.0,2,390.0
538008115,1718022034,35.879131,129.841461,22.0,2,390.0
538008115,1718022043,35.8792,129.841537,22.0,2,390.0
538008115,1718022064,35.879368,129.841721,22.0,2,390.0
538008115,1718022074,35.879452,129.841797,22.0,2,390.0
538008115,1718022082,35.879517,129.841873,22.0,2,390.0
538008115,1718022103,35.879684,129.842026,22.0,2,390.0
538008115,1718022124,35.879868,129.842224,22.0,2,390.0
538008115,1718022134,35.879951,129.8423,21.0,2,390.0
538008115,1718022143,35.880016,129.842377,22.0,2,390.0
538008115,1718022154,35.880116,129.842468,21.0,2,390.0
538008115,1718022163,35.880184,129.842545,21.0,2,390.0
538008115,1718022184,35.880348,129.842712,21.0,2,390.0
538008115,1718022203,35.880516,129.84288,21.0,2,390.0
538008115,1718022223,35.880669,129.843033,22.0,2,390.0
538008115,1718022244,35.880833,129.843201,22.0,2,390.0
538008115,1718022253,35.880917,129.843307,22.0,2,380.0
538008115,1718022283,35.881168,129.843536,21.0,2,390.0
538008115,1718022304,35.881317,129.843719,21.0,2,380.0
538008115,1718022334,35.881584,129.843964,21.0,2,390.0
538008115,1718022343,35.881649,129.84404,21.0,2,390.0
538008115,1718022364,35.881832,129.844223,21.0,2,390.0
538008115,1718022402,35.882168,129.844543,20.0,2,390.0
538008115,1718022414,35.882252,129.844635,20.0,2,390.0
538008115,1718022423,35.882317,129.844711,20.0,2,390.0
538008115,1718022443,35.8825,129.844879,20.0,2,390.0
538008115,1718022454,35.882599,129.844986,20.0,2,390.0
538008115,1718022462,35.882648,129.845047,20.0,2,390.0
538008115,1718022493,35.8829,129.845306,20.0,2,390.0
538008115,1718022503,35.882984,129.845383,20.0,2,390.0
538008115,1718022534,35.883251,129.845657,21.0,2,390.0
538008115,1718022552,35.8834,129.845795,21.0,2,390.0
538008115,1718022583,35.883652,129.846054,21.0,2,390.0
538008115,1718022594,35.883751,129.846146,21.0,2,380.0
538008115,1718022623,35.883984,129.84639,21.0,2,380.0
538008115,1718022633,35.884068,129.846481,21.0,2,380.0
538008115,1718022643,35.884151,129.846558,21.0,2,380.0
538008115,1718022722,35.8848,129.847214,21.0,2,390.0
538008115,1718022793,35.885384,129.847794,21.0,2,390.0
538008115,1718022803,35.885468,129.847885,21.0,2,390.0
538008115,1718022814,35.885567,129.847977,21.0,2,380.0
538008115,1718022842,35.885799,129.848221,21.0,2,390.0
538008115,1718022863,35.885967,129.848389,21.0,2,390.0
538008115,1718022874,35.886051,129.848465,21.0,2,390.0
538008115,1718022882,35.88615,129.848572,21.0,2,390.0
538008115,1718022893,35.886234,129.848633,21.0,2,390.0
538008115,1718022914,35.886398,129.848816,21.0,2,390.0
538008115,1718022924,35.886467,129.848907,21.0,2,390.0
538008115,1718022933,35.886551,129.848984,21.0,2,390.0
538008115,1718022974,35.886902,129.849335,21.0,2,390.0
538008115,1718022984,35.886967,129.849396,21.0,2,390.0
538008115,1718023002,35.887135,129.849564,21.0,2,390.0
538008115,1718023043,35.887451,129.849915,21.0,2,390.0
538008115,1718023053,35.88755,129.850006,21.0,2,390.0
538008115,1718023083,35.887783,129.85025,21.0,2,390.0
538008115,1718023123,35.8881,129.850571,21.0,2,390.0
538008115,1718023154,35.888351,129.850815,20.0,2,390.0
538008115,1718023215,35.888832,129.851334,21.0,2,390.0
538008115,1718023223,35.888901,129.851395,21.0,2,390.0
538008115,1718023234,35.889,129.851501,21.0,2,390.0
538008115,1718023243,35.889069,129.851562,21.0,2,390.0
538008115,1718023253,35.889168,129.851654,21.0,2,390.0
538008115,1718023264,35.889233,129.85173,21.0,2,390.0
538008115,1718023273,35.889317,129.851822,21.0,2,390.0
538008115,1718023282,35.8894,129.851898,21.0,2,390.0
538008115,1718023323,35.889732,129.852249,21.0,2,390.0
538008115,1718023333,35.889816,129.852325,21.0,2,400.0
538008115,1718023353,35.889984,129.852493,21.0,2,400.0
538008115,1718023363,35.890068,129.852585,21.0,2,400.0
538008115,1718023374,35.890133,129.852661,21.0,2,400.0
538008115,1718023384,35.890232,129.852768,21.0,2,400.0
538008115,1718023393,35.890301,129.852829,21.0,2,400.0
538008115,1718023402,35.890366,129.852921,21.0,2,400.0
538008115,1718023414,35.890469,129.853012,21.0,2,400.0
538008115,1718023444,35.890717,129.853287,21.0,2,400.0
538008115,1718023453,35.890781,129.853348,21.0,2,400.0
538008115,1718023473,35.890949,129.853531,21.0,2,400.0
538008115,1718023504,35.891201,129.853806,21.0,2,400.0
538008115,1718023513,35.891266,129.853867,21.0,2,400.0
538008115,1718023523,35.891335,129.853943,21.0,2,400.0
538008115,1718023533,35.891418,129.854034,21.0,2,400.0
538008115,1718023543,35.891499,129.854111,21.0,2,400.0
538008115,1718023573,35.891731,129.854355,21.0,2,400.0
538008115,1718023593,35.891918,129.854553,21.0,2,400.0
538008115,1718023613,35.892067,129.854706,21.0,2,400.0
538008115,1718023624,35.892151,129.854797,21.0,2,400.0
538008115,1718023633,35.892216,129.854874,21.0,2,400.0
538008115,1718023643,35.892319,129.854965,21.0,2,410.0
538008115,1718023654,35.892399,129.855057,22.0,2,400.0
538008115,1718023663,35.892467,129.855133,21.0,2,410.0
538008115,1718023673,35.892551,129.855225,22.0,2,410.0
538008115,1718023684,35.892651,129.855316,22.0,2,410.0
538008115,1718023693,35.892715,129.855392,22.0,2,410.0
538008115,1718023703,35.892799,129.855484,22.0,2,410.0
538008115,1718023713,35.892868,129.85556,22.0,2,400.0
538008115,1718023724,35.892967,129.855667,22.0,2,410.0
538008115,1718023733,35.893032,129.855728,22.0,2,410.0
538008115,1718023743,35.893116,129.85582,22.0,2,410.0
538008115,1718023753,35.8932,129.855911,22.0,2,410.0
538008115,1718023784,35.893452,129.856186,22.0,2,410.0
538008115,1718023803,35.8936,129.856354,22.0,2,410.0
538008115,1718023813,35.893684,129.85643,22.0,2,410.0
538008115,1718023832,35.893833,129.856613,22.0,2,410.0
538008115,1718023844,35.893932,129.85672,22.0,2,410.0
538008115,1718023863,35.894081,129.856888,22.0,2,410.0
538008115,1718023884,35.894249,129.857071,22.0,2,420.0
538008115,1718023892,35.894318,129.857147,22.0,2,410.0
538008115,1718023904,35.894417,129.857254,22.0,2,420.0
538008115,1718023923,35.894566,129.857422,22.0,2,410.0
538008115,1718023934,35.89465,129.857513,22.0,2,420.0
538008115,1718023952,35.894798,129.857681,22.0,2,410.0
538008115,1718023964,35.894901,129.857803,22.0,2,420.0
538008115,1718023983,35.89505,129.857971,22.0,2,420.0
538008115,1718023994,35.895149,129.858063,22.0,2,420.0
538008115,1718024004,35.895218,129.858154,22.0,2,420.0
538008115,1718024024,35.895382,129.858353,22.0,2,420.0
538008115,1718024044,35.895535,129.858521,22.0,2,420.0
538008115,1718024055,35.895618,129.858597,22.0,2,430.0
538008115,1718024064,35.895699,129.858704,22.0,2,430.0
538008115,1718024074,35.895767,129.85878,22.0,2,420.0
538008115,1718024095,35.89595,129.858978,22.0,2,430.0
538008115,1718024133,35.896252,129.859329,22.0,2,430.0
538008115,1718024143,35.896332,129.859436,22.0,2,430.0
538008115,1718024155,35.896435,129.859528,22.0,2,430.0
538008115,1718024193,35.896732,129.859894,22.0,2,430.0
538008115,1718024235,35.897068,129.86026,22.0,2,430.0
538008115,1718024264,35.897301,129.86055,22.0,2,430.0
538008115,1718024274,35.8974,129.860672,22.0,2,430.0
538008115,1718024283,35.897469,129.860748,22.0,2,430.0
538008115,1718024294,35.897549,129.860855,22.0,2,430.0
538008115,1718024312,35.897701,129.861023,22.0,2,430.0
538008115,1718024324,35.897781,129.861115,22.0,2,430.0
538008115,1718024335,35.897865,129.861206,22.0,2,430.0
538008115,1718024343,35.897934,129.861282,22.0,2,420.0
538008115,1718024354,35.898018,129.861389,22.0,2,430.0
538008115,1718024374,35.898182,129.861572,22.0,2,430.0
538008115,1718024383,35.898266,129.861649,22.0,2,430.0
538008115,1718024394,35.89835,129.861755,21.0,2,430.0
538008115,1718024404,35.898418,129.861832,22.0,2,420.0
538008115,1718024424,35.898602,129.86203,22.0,2,430.0
538008115,1718024433,35.898666,129.862106,22.0,2,420.0
538008115,1718024444,35.89875,129.862198,21.0,2,420.0
538008115,1718024594,35.899918,129.86351,21.0,2,420.0
538008115,1718024604,35.900002,129.863617,21.0,2,420.0
538008115,1718024613,35.900066,129.863678,21.0,2,420.0
538008115,1718024623,35.90015,129.86377,21.0,2,420.0
538008115,1718024633,35.900234,129.863861,21.0,2,420.0
538008115,1718024644,35.900299,129.863953,20.0,2,420.0
538008115,1718024654,35.900383,129.864029,20.0,2,420.0
538008115,1718024683,35.9006,129.864288,20.0,2,420.0
538008115,1718024722,35.900917,129.864624,20.0,2,410.0
538008115,1718024734,35.901001,129.864716,20.0,2,410.0
538008115,1718024743,35.901066,129.864807,20.0,2,410.0
538008115,1718024753,35.90115,129.864883,20.0,2,410.0
538008115,1718024773,35.901299,129.865067,20.0,2,410.0
538008115,1718024794,35.901451,129.865234,20.0,2,410.0
538008115,1718024814,35.901615,129.865387,20.0,2,410.0
538008115,1718024825,35.901684,129.865463,20.0,2,400.0
538008115,1718024834,35.901749,129.865555,20.0,2,400.0
538008115,1718024884,35.902149,129.865967,20.0,2,400.0
538008115,1718024903,35.902283,129.866104,20.0,2,400.0
538008115,1718024914,35.902367,129.866196,20.0,2,400.0
538008115,1718024924,35.902451,129.866287,20.0,2,400.0
538008115,1718024934,35.902515,129.866348,20.0,2,400.0
538008115,1718024974,35.902832,129.866684,20.0,2,390.0
538008115,1718024985,35.902901,129.86676,20.0,2,390.0
538008115,1718024994,35.902985,129.866837,20.0,2,390.0
538008115,1718025004,35.903049,129.866913,20.0,2,390.0
538008115,1718025034,35.903282,129.867157,20.0,2,400.0
538008115,1718025054,35.903435,129.867294,20.0,2,400.0
538008115,1718025073,35.903584,129.867462,20.0,2,390.0
538008115,1718025093,35.903732,129.867615,20.0,2,390.0
538008115,1718025124,35.903969,129.867874,20.0,2,390.0
538008115,1718025153,35.904202,129.868118,19.0,2,400.0
538008115,1718025165,35.904282,129.868179,19.0,2,400.0
538008115,1718025184,35.904434,129.868347,20.0,2,400.0
538008115,1718025193,35.904499,129.868423,20.0,2,400.0
538008115,1718025234,35.904816,129.868729,20.0,2,400.0
538008115,1718025244,35.904884,129.86882,20.0,2,400.0
538008115,1718025264,35.905048,129.868988,20.0,2,400.0
538008115,1718025273,35.905132,129.869064,20.0,2,400.0
538008115,1718025285,35.905216,129.869156,20.0,2,400.0
538008115,1718025294,35.905285,129.869217,20.0,2,400.0
538008115,1718025303,35.90535,129.869293,20.0,2,400.0
538008115,1718025313,35.905449,129.869385,20.0,2,400.0
538008115,1718025353,35.90575,129.869705,20.0,2,400.0
538008115,1718025364,35.905834,129.869797,20.0,2,400.0
538008115,1718025373,35.905899,129.869873,20.0,2,400.0
538008115,1718025383,35.905983,129.869949,20.0,2,400.0
538008115,1718025393,35.906067,129.87001,20.0,2,400.0
538008115,1718025413,35.906216,129.870178,20.0,2,400.0
538008115,1718025433,35.906384,129.870346,20.0,2,400.0
538008115,1718025443,35.906448,129.870422,20.0,2,400.0
538008115,1718025453,35.906551,129.870514,21.0,2,400.0
538008115,1718025485,35.906784,129.870773,21.0,2,400.0
538008115,1718025493,35.906868,129.870834,21.0,2,400.0
538008115,1718025504,35.906933,129.870911,21.0,2,400.0
538008115,1718025544,35.907269,129.871231,19.0,2,390.0
538008115,1718025553,35.907333,129.871323,19.0,2,390.0
538008115,1718025564,35.907417,129.871399,19.0,2,390.0
538008115,1718025574,35.907516,129.87149,19.0,2,390.0
538008115,1718025593,35.90765,129.871613,19.0,2,390.0
538008115,1718025604,35.907768,129.871719,19.0,2,390.0
538008115,1718025622,35.907902,129.871857,19.0,2,390.0
538008115,1718025645,35.908051,129.871994,19.0,2,390.0
538008115,1718025654,35.908134,129.87207,21.0,2,390.0
538008115,1718025665,35.908234,129.872177,19.0,2,390.0
538008115,1718025674,35.908298,129.872253,20.0,2,390.0
538008115,1718025694,35.908466,129.872421,20.0,2,390.0
538008115,1718025703,35.908531,129.872482,20.0,2,390.0
538008115,1718025712,35.908615,129.872543,20.0,2,390.0
538008115,1718025725,35.908699,129.872635,20.0,2,390.0
538008115,1718025733,35.908768,129.872696,20.0,2,390.0
538008115,1718025742,35.908852,129.872772,20.0,2,390.0
538008115,1718025754,35.908951,129.872864,20.0,2,390.0
538008115,1718025763,35.909035,129.872955,20.0,2,390.0
538008115,1718025773,35.9091,129.873032,20.0,2,390.0
538008115,1718025793,35.909267,129.873184,20.0,2,390.0
538008115,1718025802,35.909332,129.873245,21.0,2,390.0
538008115,1718025814,35.909431,129.873352,20.0,2,390.0
538008115,1718025845,35.909698,129.873581,21.0,2,390.0
538008115,1718025863,35.909851,129.873718,20.0,2,380.0
538008115,1718025875,35.909931,129.87381,21.0,2,390.0
538008115,1718025884,35.91,129.873886,21.0,2,390.0
538008115,1718025904,35.910168,129.874054,20.0,2,390.0
538008115,1718025913,35.910252,129.874115,20.0,2,390.0
538008115,1718025922,35.910316,129.874176,20.0,2,390.0
538008115,1718025934,35.910416,129.874283,20.0,2,380.0
538008115,1718025943,35.910484,129.874344,20.0,2,390.0
538008115,1718025954,35.910568,129.874435,20.0,2,390.0
538008115,1718025974,35.910732,129.874588,20.0,2,390.0
538008115,1718025983,35.910801,129.874664,20.0,2,390.0
538008115,1718025993,35.9109,129.874741,20.0,2,390.0
538008115,1718026024,35.911133,129.874985,21.0,2,390.0
538008115,1718026033,35.911217,129.875046,20.0,2,390.0
538008115,1718026043,35.911301,129.875137,21.0,2,390.0
538008115,1718026053,35.911385,129.875214,21.0,2,390.0
538008115,1718026085,35.911633,129.875443,20.0,2,390.0
538008115,1718026103,35.911781,129.875595,20.0,2,390.0
538008115,1718026124,35.911934,129.875748,20.0,2,380.0
538008115,1718026133,35.912033,129.875839,20.0,2,380.0
538008115,1718026154,35.912182,129.875977,20.0,2,380.0
538008115,1718026164,35.912266,129.876068,20.0,2,380.0
538008115,1718026183,35.912434,129.876221,20.0,2,380.0
538008115,1718026205,35.912601,129.876373,20.0,2,380.0
538008115,1718026234,35.912834,129.876587,20.0,2,380.0
538008115,1718026242,35.912899,129.876648,20.0,2,380.0
538008115,1718026254,35.912998,129.87674,20.0,2,380.0
538008115,1718026325,35.913551,129.877243,20.0,2,380.0
538008115,1718026344,35.913715,129.877396,20.0,2,380.0
538008115,1718026384,35.914051,129.877716,20.0,2,380.0
538008115,1718026404,35.9142,129.877853,20.0,2,380.0
538008115,1718026413,35.914284,129.87793,20.0,2,380.0
538008115,1718026423,35.914349,129.878006,20.0,2,380.0
538008115,1718026433,35.914417,129.878067,20.0,2,390.0
538008115,1718026445,35.914516,129.878143,20.0,2,390.0
538008115,1718026464,35.914665,129.878296,20.0,2,390.0
538008115,1718026483,35.914818,129.878433,20.0,2,380.0
538008115,1718026493,35.914902,129.878494,20.0,2,380.0
538008115,1718026505,35.914982,129.878586,20.0,2,380.0
538008115,1718026525,35.91515,129.878754,20.0,2,380.0
538008115,1718026543,35.915298,129.878876,20.0,2,380.0
538008115,1718026554,35.915382,129.878967,19.0,2,380.0
538008115,1718026584,35.915634,129.879196,19.0,2,380.0
538008115,1718026604,35.915783,129.879349,19.0,2,380.0
538008115,1718026633,35.916016,129.879562,19.0,2,380.0
538008115,1718026644,35.9161,129.879654,19.0,2,380.0
538008115,1718026653,35.916183,129.879715,20.0,2,380.0
538008115,1718026664,35.916267,129.879807,20.0,2,380.0
538008115,1718026685,35.916431,129.879944,20.0,2,380.0
538008115,1718026694,35.9165,129.88002,20.0,2,380.0
538008115,1718026745,35.916901,129.880386,20.0,2,380.0
538008115,1718026754,35.916965,129.880432,20.0,2,380.0
538008115,1718026814,35.91745,129.88089,20.0,2,380.0
538008115,1718026824,35.917534,129.880951,20.0,2,380.0
538008115,1718026834,35.917618,129.881027,20.0,2,380.0
538008115,1718026855,35.917782,129.88118,20.0,2,380.0
538008115,1718026884,35.917999,129.881378,20.0,2,380.0
538008115,1718026924,35.918331,129.881683,20.0,2,380.0
538008115,1718026934,35.9184,129.88176,20.0,2,390.0
538008115,1718026944,35.918468,129.881836,20.0,2,390.0
538008115,1718026955,35.918549,129.881912,20.0,2,390.0
538008115,1718026963,35.918652,129.882004,20.0,2,390.0
538008115,1718026974,35.918716,129.882065,20.0,2,390.0
538008115,1718026994,35.918884,129.882217,20.0,2,390.0
538008115,1718027003,35.918949,129.882278,20.0,2,390.0
538008115,1718027023,35.919117,129.882446,20.0,2,390.0
538008115,1718027045,35.919266,129.882599,20.0,2,390.0
538008115,1718027054,35.91935,129.88269,20.0,2,390.0
538008115,1718027064,35.919434,129.882751,19.0,2,390.0
538008115,1718027094,35.919666,129.88298,19.0,2,390.0
538008115,1718027143,35.920052,129.883362,19.0,2,400.0
538008115,1718027154,35.920132,129.883453,20.0,2,400.0
538008115,1718027164,35.920216,129.883514,20.0,2,400.0
538008115,1718027175,35.920284,129.883575,20.0,2,400.0
538008115,1718027215,35.920601,129.883911,20.0,2,400.0
538008115,1718027225,35.920666,129.883987,20.0,2,400.0
538008115,1718027235,35.92075,129.884064,20.0,2,410.0
538008115,1718027243,35.920818,129.88414,20.0,2,410.0
538008115,1718027253,35.920898,129.884216,20.0,2,410.0
538008115,1718027264,35.920982,129.884293,20.0,2,410.0
538008115,1718027274,35.921066,129.884384,20.0,2,410.0
538008115,1718027284,35.92115,129.88446,20.0,2,410.0
538008115,1718027312,35.921368,129.884705,20.0,2,410.0
538008115,1718027324,35.921467,129.884781,20.0,2,410.0
538008115,1718027332,35.921532,129.884857,20.0,2,410.0
538008115,1718027354,35.921684,129.88501,20.0,2,410.0
538008115,1718027363,35.921768,129.885101,20.0,2,410.0
538008115,1718027372,35.921833,129.885178,20.0,2,410.0
538008115,1718027393,35.921982,129.88533,21.0,2,410.0
538008115,1718027404,35.922085,129.885422,20.0,2,410.0
538008115,1718027414,35.922169,129.885513,21.0,2,410.0
538008115,1718027422,35.922234,129.88559,20.0,2,410.0
538008115,1718027444,35.922382,129.885757,20.0,2,410.0
538008115,1718027452,35.922451,129.885818,20.0,2,400.0
538008115,1718027464,35.922531,129.885895,20.0,2,410.0
538008115,1718027482,35.922699,129.886047,20.0,2,410.0
538008115,1718027494,35.922783,129.886154,20.0,2,410.0
538008115,1718027524,35.923,129.886383,20.0,2,410.0
538008115,1718027534,35.923084,129.886475,20.0,2,410.0
538008115,1718027543,35.923149,129.88652,20.0,2,410.0
538008115,1718027564,35.923317,129.886703,20.0,2,410.0
538008115,1718027573,35.923382,129.886765,20.0,2,410.0
538008115,1718027584,35.923466,129.886871,20.0,2,410.0
538008115,1718027603,35.923618,129.887039,20.0,2,410.0
538008115,1718027614,35.923698,129.887131,20.0,2,410.0
538008115,1718027634,35.923851,129.887283,20.0,2,410.0
538008115,1718027644,35.923916,129.887344,20.0,2,410.0
538008115,1718027654,35.924,129.887436,20.0,2,420.0
538008115,1718027663,35.924068,129.887512,20.0,2,420.0
538008115,1718027674,35.924149,129.887604,20.0,2,410.0
538008115,1718027684,35.924217,129.887665,20.0,2,420.0
538008115,1718027693,35.924282,129.887756,20.0,2,410.0
538008115,1718027704,35.924366,129.887833,19.0,2,410.0
538008115,1718027712,35.924416,129.887894,19.0,2,420.0
538008115,1718027722,35.924519,129.88797,19.0,2,430.0
538008115,1718027734,35.924599,129.888062,19.0,2,420.0
538008115,1718027743,35.924667,129.888138,19.0,2,420.0
538008115,1718027764,35.924816,129.888306,19.0,2,420.0
538008115,1718027772,35.924866,129.888367,19.0,2,420.0
538008115,1718027783,35.92495,129.888428,19.0,2,420.0
538008115,1718027798,35.925018,129.888519,19.0,2,420.0
538008115,1718027803,35.925083,129.888596,19.0,2,430.0
538008115,1718027824,35.925251,129.888763,19.0,2,420.0
538008115,1718027843,35.925385,129.888916,19.0,2,420.0
538008115,1718027853,35.925449,129.889008,19.0,2,420.0
538008115,1718027863,35.925518,129.889069,19.0,2,420.0
538008115,1718027884,35.925701,129.889221,19.0,2,450.0
538008115,1718027892,35.925751,129.889297,19.0,2,430.0
538008115,1718027903,35.925816,129.889389,19.0,2,430.0
538008115,1718027913,35.9259,129.889465,19.0,2,420.0
538008115,1718027923,35.925968,129.889557,19.0,2,420.0
538008115,1718027944,35.926117,129.889709,19.0,2,420.0
538008115,1718027953,35.926182,129.889801,19.0,2,420.0
538008115,1718027963,35.926266,129.889832,19.0,2,450.0
538008115,1718027973,35.926334,129.889938,19.0,2,430.0
538008115,1718027994,35.926483,129.890106,19.0,2,430.0
538008115,1718028004,35.926552,129.890182,19.0,2,430.0
538008115,1718028013,35.926617,129.890244,19.0,2,430.0
538008115,1718028054,35.926918,129.890594,19.0,2,430.0
538008115,1718028223,35.92815,129.891968,20.0,2,440.0
538008115,1718028244,35.928299,129.892151,20.0,2,440.0
538008115,1718028253,35.928368,129.892227,20.0,2,440.0
538008115,1718028274,35.928532,129.892395,20.0,2,440.0
538008115,1718028283,35.9286,129.892487,20.0,2,440.0
538008115,1718028293,35.92865,129.892563,20.0,2,440.0
538008115,1718028304,35.928734,129.892654,20.0,2,440.0
538008115,1718028313,35.928799,129.892731,20.0,2,440.0
538008115,1718028334,35.928951,129.892899,20.0,2,440.0
538008115,1718028364,35.929184,129.893173,20.0,2,440.0
538008115,1718028404,35.929466,129.893494,21.0,2,440.0
538008115,1718028412,35.929531,129.893585,21.0,2,440.0
538008115,1718028424,35.929619,129.893661,20.0,2,440.0
538008115,1718028433,35.929684,129.893768,20.0,2,440.0
538008115,1718028442,35.929749,129.893829,20.0,2,440.0
538008115,1718028454,35.929832,129.893936,21.0,2,440.0
538008115,1718028463,35.929901,129.894012,21.0,2,440.0
538008115,1718028473,35.929966,129.894104,21.0,2,440.0
538008115,1718028484,35.930065,129.894196,21.0,2,440.0
538008115,1718028493,35.930134,129.894287,21.0,2,440.0
538008115,1718028502,35.930199,129.894348,21.0,2,440.0
538008115,1718028534,35.930431,129.894623,21.0,2,440.0
538008115,1718028544,35.9305,129.894699,21.0,2,440.0
538008115,1718028563,35.930649,129.894852,21.0,2,440.0
538008115,1718028584,35.930801,129.895035,21.0,2,440.0
538008115,1718028593,35.930866,129.895111,21.0,2,440.0
538008115,1718028614,35.931019,129.895294,21.0,2,440.0
538008115,1718028623,35.931084,129.89537,21.0,2,440.0
538008115,1718028643,35.931232,129.895554,21.0,2,440.0
538008115,1718028654,35.931316,129.89563,21.0,2,440.0
538008115,1718028684,35.931549,129.895905,21.0,2,440.0
538008115,1718028694,35.931618,129.895981,21.0,2,440.0
538008115,1718028702,35.931683,129.896057,21.0,2,440.0
538008115,1718028713,35.931767,129.896149,21.0,2,440.0
538008115,1718028724,35.93185,129.89624,21.0,2,440.0
538008115,1718028745,35.931984,129.896423,21.0,2,440.0
538008115,1718028754,35.932068,129.896484,21.0,2,440.0
538008115,1718028762,35.932133,129.896561,21.0,2,440.0
538008115,1718028784,35.932281,129.896744,21.0,2,440.0
538008115,1718028794,35.932365,129.896835,21.0,2,440.0
538008115,1718028805,35.932449,129.896912,21.0,2,440.0
538008115,1718028833,35.932667,129.897171,20.0,2,440.0
538008115,1718028844,35.932751,129.897263,20.0,2,440.0
538008115,1718028854,35.932816,129.897354,21.0,2,440.0
538008115,1718028873,35.932968,129.897522,21.0,2,430.0
538008115,1718028882,35.933033,129.897598,21.0,2,430.0
538008115,1718028914,35.933266,129.897842,21.0,2,430.0
538008115,1718028924,35.93335,129.897934,21.0,2,430.0
538008115,1718028933,35.933418,129.898026,21.0,2,430.0
538008115,1718028953,35.933567,129.898193,21.0,2,430.0
538008115,1718028964,35.933651,129.898285,21.0,2,430.0
538008115,1718028974,35.933716,129.898361,21.0,2,430.0
538008115,1718028983,35.933784,129.898453,21.0,2,430.0
538008115,1718029024,35.934082,129.898788,21.0,2,430.0
538008115,1718029034,35.934166,129.898865,21.0,2,430.0
538008115,1718029044,35.93425,129.898956,20.0,2,430.0
538008115,1718029053,35.934319,129.899033,20.0,2,430.0
538008115,1718029062,35.934383,129.899094,20.0,2,430.0
538008115,1718029073,35.934467,129.8992,20.0,2,430.0
538008115,1718029084,35.934551,129.899277,20.0,2,430.0
538008115,1718029094,35.934631,129.899368,20.0,2,430.0
538008115,1718029103,35.934685,129.899429,20.0,2,430.0
538008115,1718029113,35.934769,129.899536,20.0,2,420.0
538008115,1718029133,35.934917,129.899689,20.0,2,430.0
538008115,1718029144,35.935001,129.899765,20.0,2,420.0
538008115,1718029163,35.93515,129.899933,20.0,2,430.0
538008115,1718029184,35.935284,129.900101,20.0,2,420.0
538008115,1718029193,35.935368,129.900177,20.0,2,420.0
538008115,1718029204,35.935452,129.900253,20.0,2,420.0
538008115,1718029214,35.935516,129.90033,20.0,2,420.0
538008115,1718029223,35.935581,129.900421,20.0,2,420.0
538008115,1718029232,35.93565,129.900482,20.0,2,420.0
538008115,1718029244,35.935749,129.900589,20.0,2,420.0
538008115,1718029292,35.9361,129.90097,20.0,2,420.0
538008115,1718029303,35.936184,129.901047,20.0,2,420.0
538008115,1718029314,35.936249,129.901138,20.0,2,410.0
538008115,1718029352,35.93655,129.901428,20.0,2,410.0
538008115,1718029363,35.936634,129.90152,20.0,2,410.0
538008115,1718029373,35.936699,129.901581,20.0,2,420.0
538008115,1718029382,35.936768,129.901672,20.0,2,410.0
538008115,1718029392,35.936852,129.901749,20.0,2,410.0
538008115,1718029403,35.936916,129.90184,20.0,2,420.0
538008115,1718029423,35.937065,129.901978,19.0,2,410.0
538008115,1718029442,35.937199,129.90213,19.0,2,410.0
538008115,1718029452,35.937283,129.902206,19.0,2,420.0
538008115,1718029463,35.937351,129.902283,19.0,2,410.0
538008115,1718029483,35.9375,129.902451,19.0,2,410.0
538008115,1718029493,35.937569,129.902512,19.0,2,410.0
538008115,1718029512,35.937717,129.902664,19.0,2,410.0
538008115,1718029523,35.937782,129.90274,19.0,2,410.0
538008115,1718029532,35.937866,129.902817,19.0,2,420.0
538008115,1718029544,35.93795,129.902893,19.0,2,410.0
538008115,1718029562,35.938084,129.90303,19.0,2,410.0
538008115,1718029583,35.938232,129.903198,19.0,2,410.0
538008115,1718029604,35.938381,129.903351,19.0,2,400.0
538008115,1718029632,35.938599,129.903564,19.0,2,400.0
538008115,1718029653,35.938751,129.903732,19.0,2,400.0
538008115,1718029682,35.938969,129.903946,19.0,2,400.0
538008115,1718029692,35.939049,129.904022,19.0,2,400.0
538008115,1718029713,35.939182,129.90419,19.0,2,400.0
538008115,1718029724,35.939266,129.904251,20.0,2,400.0
538008115,1718029742,35.9394,129.904373,19.0,2,420.0
538008115,1718029752,35.939518,129.904465,18.0,2,410.0
538008115,1718029762,35.939583,129.904526,19.0,2,410.0
538008115,1718029773,35.939651,129.904617,19.0,2,400.0
538008115,1718029784,35.939716,129.904694,19.0,2,400.0
538008115,1718029793,35.939781,129.90477,19.0,2,400.0
538008115,1718029812,35.939934,129.904922,20.0,2,400.0
538008115,1718029823,35.940018,129.904984,20.0,2,400.0
538008115,1718029833,35.940083,129.90506,19.0,2,400.0
538008115,1718029844,35.940166,129.905151,19.0,2,400.0
538008115,1718029853,35.94025,129.905212,19.0,2,400.0
538008115,1718030013,35.941433,129.906418,19.0,2,400.0
538008115,1718030024,35.941517,129.906494,20.0,2,400.0
538008115,1718030044,35.94165,129.906647,20.0,2,400.0
538008115,1718030056,35.941715,129.906723,20.0,2,400.0
538008115,1718030063,35.941799,129.906784,20.0,2,410.0
538008115,1718030073,35.941868,129.90686,20.0,2,400.0
538008115,1718030104,35.942081,129.90712,19.0,2,400.0
538008115,1718030114,35.942165,129.907181,20.0,2,400.0
538008115,1718030123,35.942234,129.907257,20.0,2,410.0
538008115,1718030133,35.942299,129.907333,18.0,2,410.0
538008115,1718030192,35.942749,129.907776,19.0,2,410.0
538008115,1718030234,35.94305,129.908096,19.0,2,410.0
538008115,1718030252,35.943184,129.908249,19.0,2,410.0
538008115,1718030294,35.943481,129.908569,19.0,2,410.0
538008115,1718030302,35.943565,129.908646,19.0,2,410.0
538008115,1718030312,35.943619,129.908722,19.0,2,400.0
538008115,1718030324,35.943718,129.908798,19.0,2,410.0
538008115,1718030333,35.943768,129.908875,19.0,2,400.0
538008115,1718030372,35.944084,129.909164,18.0,2,410.0
538008115,1718030393,35.944233,129.909317,18.0,2,400.0
538008115,1718030432,35.944515,129.909622,19.0,2,390.0
538008115,1718030492,35.944965,129.910049,19.0,2,390.0
538008115,1718030563,35.945469,129.910553,18.0,2,390.0
538008115,1718030573,35.945534,129.910629,18.0,2,390.0
538008115,1718030594,35.945717,129.910797,18.0,2,390.0
538008115,1718030603,35.945782,129.910843,18.0,2,400.0
538008115,1718030623,35.945934,129.910995,18.0,2,390.0
538008115,1718030644,35.946068,129.911148,18.0,2,390.0
538008115,1718030654,35.946152,129.91124,18.0,2,390.0
538008115,1718030693,35.946449,129.911514,18.0,2,390.0
538008115,1718030703,35.946518,129.911591,19.0,2,400.0
538008115,1718030732,35.946716,129.911743,19.0,2,380.0
538008115,1718030753,35.946899,129.911957,18.0,2,380.0
538008115,1718030763,35.946968,129.912018,18.0,2,390.0
538008115,1718030773,35.947033,129.912094,19.0,2,390.0
538008115,1718030783,35.947102,129.912186,19.0,2,380.0
538008115,1718030792,35.947182,129.912231,18.0,2,390.0
538008115,1718030803,35.94725,129.912292,19.0,2,400.0
538008115,1718030813,35.947334,129.912384,19.0,2,400.0
538008115,1718030843,35.947552,129.912598,19.0,2,410.0
538008115,1718030873,35.94775,129.912827,19.0,2,410.0
538008115,1718030923,35.948132,129.913193,19.0,2,410.0
538008115,1718030932,35.9482,129.913254,19.0,2,410.0
538008115,1718030973,35.948502,129.913544,19.0,2,410.0
538008115,1718030983,35.948566,129.913635,19.0,2,420.0
538008115,1718031003,35.9487,129.913788,19.0,2,420.0
538008115,1718031052,35.949066,129.914169,19.0,2,420.0
538008115,1718031073,35.949219,129.914322,19.0,2,420.0
538008115,1718031093,35.949368,129.91449,19.0,2,420.0
538008115,1718031103,35.949432,129.914566,19.0,2,430.0
538008115,1718031112,35.949501,129.914627,19.0,2,430.0
538008115,1718031133,35.94965,129.91478,19.0,2,420.0
538008115,1718031153,35.949799,129.914948,19.0,2,420.0
538008115,1718031163,35.949883,129.915024,19.0,2,430.0
538008115,1718031172,35.949932,129.9151,19.0,2,420.0
538008115,1718031204,35.950169,129.915344,19.0,2,430.0
538008115,1718031213,35.950233,129.915436,19.0,2,430.0
538008115,1718031233,35.950367,129.915588,19.0,2,420.0
538008115,1718031244,35.950451,129.915665,20.0,2,410.0
538008115,1718031253,35.950516,129.915726,20.0,2,410.0
538008115,1718031273,35.950668,129.915894,20.0,2,410.0
538008115,1718031293,35.950802,129.916046,20.0,2,420.0
538008115,1718031313,35.950951,129.916214,20.0,2,430.0
538008115,1718031353,35.951248,129.916534,20.0,2,440.0
538008115,1718031373,35.951382,129.916687,19.0,2,440.0
538008115,1718031384,35.951466,129.916779,20.0,2,430.0
538008115,1718031393,35.951515,129.916855,20.0,2,430.0
538008115,1718031403,35.951599,129.916931,20.0,2,440.0
538008115,1718031413,35.951668,129.917023,20.0,2,440.0
538008115,1718031423,35.951733,129.917099,20.0,2,430.0
538008115,1718031444,35.9519,129.917267,20.0,2,440.0
538008115,1718031453,35.951965,129.917328,20.0,2,440.0
538008115,1718031463,35.952034,129.917419,20.0,2,440.0
538008115,1718031473,35.952118,129.917496,20.0,2,440.0
538008115,1718031483,35.952183,129.917587,20.0,2,440.0
538008115,1718031503,35.952332,129.917755,20.0,2,440.0
538008115,1718031513,35.9524,129.917831,20.0,2,440.0
538008115,1718031523,35.952469,129.917892,20.0,2,440.0
538008115,1718031533,35.952534,129.917984,20.0,2,440.0
538008115,1718031543,35.952599,129.91806,19.0,2,440.0
538008115,1718031583,35.9529,129.918396,20.0,2,440.0
538008115,1718031603,35.953033,129.918549,20.0,2,440.0
538008115,1718031632,35.953251,129.918793,20.0,2,440.0
538008115,1718031653,35.953335,129.918961,20.0,2,440.0
538008115,1718031832,35.954681,129.920425,20.0,2,430.0
538008115,1718031842,35.95475,129.920532,20.0,2,440.0
538008115,1718031883,35.955067,129.920853,19.0,2,430.0
538008115,1718031892,35.955132,129.920914,19.0,2,430.0
538008115,1718031932,35.955418,129.921249,18.0,2,430.0
538008115,1718031943,35.955482,129.92131,18.0,2,430.0
538008115,1718031962,35.955616,129.921478,18.0,2,430.0
538008115,1718031973,35.9557,129.92157,19.0,2,430.0
538008115,1718031984,35.955784,129.921646,19.0,2,430.0
538008115,1718031992,35.955849,129.921707,19.0,2,430.0
538008115,1718032022,35.956051,129.921936,19.0,2,430.0
538008115,1718032033,35.956116,129.922012,19.0,2,430.0
538008115,1718032052,35.956268,129.92218,19.0,2,430.0
538008115,1718032074,35.956417,129.922333,19.0,2,430.0
538008115,1718032082,35.956482,129.922424,19.0,2,430.0
538008115,1718032104,35.956635,129.922562,19.0,2,430.0
538008115,1718032112,35.956699,129.922638,19.0,2,430.0
538008115,1718032123,35.956768,129.922729,19.0,2,430.0
538008115,1718032134,35.956848,129.922821,19.0,2,430.0
538008115,1718032142,35.956917,129.922882,19.0,2,430.0
538008115,1718032154,35.956982,129.922974,19.0,2,430.0
538008115,1718032203,35.957352,129.923355,19.0,2,430.0
538008115,1718032214,35.957417,129.923431,19.0,2,430.0
538008115,1718032222,35.9575,129.923492,19.0,2,430.0
538008115,1718032232,35.957565,129.923584,19.0,2,430.0
538008115,1718032263,35.957783,129.923828,19.0,2,430.0
538008115,1718032282,35.957916,129.923965,19.0,2,430.0
538008115,1718032292,35.958,129.924057,19.0,2,420.0
538008115,1718032314,35.958149,129.92421,19.0,2,420.0
538008115,1718032323,35.958199,129.924286,19.0,2,420.0
538008115,1718032334,35.958267,129.924362,19.0,2,420.0
538008115,1718032342,35.958351,129.924438,19.0,2,420.0
538008115,1718032352,35.958416,129.924515,18.0,2,420.0
538008115,1718032363,35.958485,129.924606,18.0,2,420.0
538008115,1718032374,35.958584,129.924683,18.0,2,420.0
538008115,1718032383,35.958633,129.924744,18.0,2,420.0
538008115,1718032402,35.958801,129.924896,19.0,2,420.0
538008115,1718032423,35.958935,129.925049,19.0,2,420.0
538008115,1718032433,35.959019,129.92514,19.0,2,420.0
538008115,1718032443,35.959084,129.925217,19.0,2,420.0
538008115,1718032462,35.959232,129.925354,19.0,2,410.0
538008115,1718032472,35.959301,129.92543,19.0,2,410.0
538008115,1718032493,35.95945,129.925583,19.0,2,400.0
538008115,1718032513,35.959599,129.92572,19.0,2,400.0
538008115,1718032532,35.959732,129.925888,19.0,2,400.0
538008115,1718032553,35.9599,129.926025,19.0,2,400.0
538008115,1718032563,35.959969,129.926117,19.0,2,400.0
538008115,1718032583,35.960117,129.92627,19.0,2,400.0
538008115,1718032592,35.960182,129.926331,19.0,2,400.0
538008115,1718032613,35.960335,129.926483,19.0,2,400.0
538008115,1718032643,35.960548,129.926697,19.0,2,400.0
538008115,1718032652,35.960632,129.926788,19.0,2,400.0
538008115,1718032673,35.960781,129.926926,19.0,2,400.0
538008115,1718032683,35.96085,129.927017,19.0,2,400.0
538008115,1718032712,35.961067,129.927231,20.0,2,400.0
538008115,1718032724,35.961151,129.927338,20.0,2,400.0
538008115,1718032743,35.9613,129.92749,20.0,2,400.0
538008115,1718032763,35.961449,129.927628,20.0,2,390.0
538008115,1718032773,35.961517,129.927704,18.0,2,390.0
538008115,1718032784,35.961601,129.92778,18.0,2,390.0
538008115,1718032793,35.961666,129.927856,20.0,2,390.0
538008115,1718032813,35.961819,129.927994,18.0,2,390.0
538008115,1718032823,35.961899,129.92807,20.0,2,390.0
538008115,1718032833,35.961967,129.928146,18.0,2,390.0
538008115,1718032844,35.962051,129.928223,18.0,2,380.0
538008115,1718032853,35.962116,129.928299,19.0,2,380.0
538008115,1718032893,35.962418,129.928604,19.0,2,380.0
538008115,1718032904,35.962502,129.928665,19.0,2,380.0
538008115,1718032922,35.962631,129.928802,19.0,2,370.0
538008115,1718032943,35.962784,129.92894,19.0,2,380.0
538008115,1718032964,35.962933,129.929062,19.0,2,370.0
538008115,1718033024,35.963402,129.929504,18.0,2,390.0
538008115,1718033033,35.963451,129.929565,19.0,2,380.0
538008115,1718033042,35.963516,129.929626,19.0,2,380.0
538008115,1718033054,35.9636,129.929718,19.0,2,390.0
538008115,1718033074,35.963768,129.929871,19.0,2,380.0
538008115,1718033084,35.963833,129.929932,19.0,2,390.0
538008115,1718033102,35.963966,129.930069,19.0,2,380.0
538008115,1718033114,35.96405,129.930145,19.0,2,390.0
538008115,1718033123,35.964134,129.930222,19.0,2,380.0
538008115,1718033163,35.964432,129.930496,19.0,2,380.0
538008115,1718033194,35.964684,129.93074,19.0,2,370.0
538008115,1718033223,35.964882,129.930939,19.0,2,380.0
538008115,1718033243,35.965034,129.931061,19.0,2,380.0
538008115,1718033254,35.965118,129.931152,19.0,2,380.0
538008115,1718033303,35.965466,129.931503,19.0,2,380.0
538008115,1718033364,35.96595,129.931931,18.0,2,380.0
538008115,1718033403,35.966232,129.93222,19.0,2,370.0
538008115,1718033413,35.966282,129.932281,19.0,2,370.0
538008115,1718033424,35.966385,129.932373,19.0,2,370.0
538008115,1718033434,35.96645,129.932434,18.0,2,370.0
538008115,1718033443,35.966518,129.932495,18.0,2,370.0
538008115,1718033453,35.966599,129.932571,18.0,2,360.0
538008115,1718033523,35.967133,129.933044,18.0,2,360.0
538008115,1718033533,35.967201,129.933136,19.0,2,360.0
538008115,1718033544,35.967281,129.933197,19.0,2,360.0
538008115,1718033553,35.967365,129.933273,19.0,2,360.0
538008115,1718033583,35.967567,129.933456,19.0,2,350.0
538008115,1718033593,35.967651,129.933517,19.0,2,360.0
538008115,1718033603,35.967731,129.933594,19.0,2,360.0
538008115,1718033614,35.9678,129.93367,19.0,2,360.0
538008115,1718033633,35.967968,129.933807,19.0,2,360.0
538008115,1718033663,35.968182,129.93399,19.0,2,360.0
538008115,1718033674,35.968266,129.934052,19.0,2,360.0
538008115,1718033684,35.968334,129.934113,19.0,2,360.0
538008115,1718033693,35.968399,129.934174,19.0,2,360.0
538008115,1718033713,35.968552,129.934311,19.0,2,350.0
538008115,1718033723,35.968632,129.934387,19.0,2,350.0
538008115,1718033744,35.968784,129.934525,19.0,2,350.0
538008115,1718033773,35.969017,129.934692,19.0,2,370.0
538008115,1718033783,35.969101,129.934769,19.0,2,360.0
538008115,1718033794,35.969166,129.93483,19.0,2,360.0
538008115,1718033804,35.96925,129.934906,19.0,2,360.0
538008115,1718033812,35.969318,129.934952,19.0,2,360.0
538008115,1718033844,35.969551,129.93515,19.0,2,370.0
538008115,1718033854,35.969616,129.935226,18.0,2,370.0
538008115,1718033872,35.969769,129.935349,18.0,2,360.0
538008115,1718033883,35.969833,129.93541,18.0,2,370.0
538008115,1718033893,35.969917,129.935471,18.0,2,370.0
538008115,1718033904,35.969982,129.935562,18.0,2,360.0
538008115,1718033914,35.970066,129.935638,18.0,2,360.0
538008115,1718033932,35.9702,129.935745,19.0,2,370.0
538008115,1718033943,35.970299,129.935837,19.0,2,360.0
538008115,1718033953,35.970367,129.935898,19.0,2,360.0
538008115,1718033964,35.970451,129.935974,19.0,2,370.0
538008115,1718033974,35.970531,129.936035,19.0,2,360.0
538008115,1718033992,35.970669,129.936157,19.0,2,360.0
538008115,1718034003,35.970734,129.936234,19.0,2,360.0
538008115,1718034013,35.970818,129.936295,19.0,2,360.0
538008115,1718034024,35.970901,129.936371,19.0,2,360.0
538008115,1718034033,35.970966,129.936417,19.0,2,360.0
538008115,1718034044,35.971031,129.936493,19.0,2,360.0
538008115,1718034053,35.971115,129.936554,19.0,2,360.0
538008115,1718034063,35.971184,129.936615,19.0,2,360.0
538008115,1718034074,35.971268,129.936707,19.0,2,360.0
538008115,1718034084,35.971352,129.936752,19.0,2,360.0
538008115,1718034093,35.971416,129.936813,19.0,2,360.0
538008115,1718034104,35.9715,129.93692,19.0,2,360.0
538008115,1718034123,35.971649,129.937012,19.0,2,360.0
538008115,1718034134,35.971733,129.937088,19.0,2,360.0
538008115,1718034144,35.971802,129.937149,19.0,2,350.0
538008115,1718034153,35.971867,129.93721,19.0,2,350.0
538008115,1718034173,35.972034,129.937332,18.0,2,350.0
538008115,1718034183,35.972099,129.937393,18.0,2,350.0
538008115,1718034194,35.972183,129.937469,18.0,2,350.0
538008115,1718034204,35.972252,129.937531,18.0,2,350.0
538008115,1718034213,35.972332,129.937576,18.0,2,350.0
538008115,1718034243,35.972569,129.93779,18.0,2,350.0
538008115,1718034254,35.972633,129.937851,18.0,2,350.0
538008115,1718034263,35.972717,129.937912,18.0,2,350.0
538008115,1718034303,35.973,129.938171,18.0,2,340.0
538008115,1718034314,35.973083,129.938232,18.0,2,340.0
538008115,1718034363,35.97345,129.938522,18.0,2,350.0
538008115,1718034374,35.973534,129.938583,18.0,2,340.0
538008115,1718034443,35.974049,129.939011,18.0,2,350.0
538008115,1718034496,35.974419,129.939331,18.0,2,360.0
538008115,1718034614,35.9753,129.940094,18.0,2,370.0
538008115,1718034633,35.975449,129.940231,19.0,2,370.0
538008115,1718034693,35.975899,129.940598,19.0,2,370.0
538008115,1718034703,35.975967,129.940674,19.0,2,370.0
538008115,1718034902,35.977451,129.942017,20.0,2,370.0
538008115,1718034943,35.977749,129.942276,20.0,2,370.0
538008115,1718034974,35.977982,129.942505,20.0,2,370.0
538008115,1718034992,35.978119,129.942612,20.0,2,370.0
538008115,1718035003,35.978218,129.942688,20.0,2,370.0
538008115,1718035034,35.978451,129.942902,19.0,2,370.0
538008115,1718035042,35.9785,129.942947,19.0,2,370.0
538008115,1718035052,35.978584,129.943024,19.0,2,360.0
538008115,1718035074,35.978733,129.943146,19.0,2,370.0
538008115,1718035102,35.978951,129.943359,19.0,2,370.0
538008115,1718035112,35.979034,129.94342,19.0,2,370.0
538008115,1718035123,35.979099,129.943481,19.0,2,370.0
538008115,1718035143,35.979267,129.943619,19.0,2,370.0
538008115,1718035173,35.979485,129.943817,19.0,2,360.0
538008115,1718035203,35.979717,129.944016,19.0,2,360.0
538008115,1718035233,35.97995,129.944214,19.0,2,360.0
538008115,1718035243,35.980034,129.94429,19.0,2,360.0
538008115,1718035323,35.980633,129.944794,19.0,2,360.0
538008115,1718035344,35.980766,129.944931,19.0,2,360.0
538008115,1718035354,35.98085,129.945007,19.0,2,360.0
538008115,1718035375,35.980999,129.945129,19.0,2,360.0
538008115,1718035382,35.981068,129.94519,19.0,2,360.0
538008115,1718035404,35.981216,129.945328,20.0,2,360.0
538008115,1718035413,35.981281,129.945404,20.0,2,360.0
538008115,1718035423,35.981365,129.94545,19.0,2,360.0
538008115,1718035434,35.981449,129.945526,19.0,2,360.0
538008115,1718035442,35.981499,129.945587,20.0,2,360.0
538008115,1718035464,35.981667,129.94574,20.0,2,360.0
538008115,1718035502,35.981949,129.945984,20.0,2,370.0
538008115,1718035533,35.982182,129.946198,20.0,2,370.0
538008115,1718035543,35.98225,129.946274,20.0,2,370.0
538008115,1718035553,35.982334,129.946335,20.0,2,370.0
538008115,1718035563,35.982399,129.946396,20.0,2,370.0
538008115,1718035573,35.982483,129.946487,20.0,2,370.0
538008115,1718035592,35.982632,129.946609,20.0,2,370.0
538008115,1718035603,35.982716,129.946686,20.0,2,370.0
538008115,1718035613,35.982784,129.946762,20.0,2,370.0
538008115,1718035634,35.982933,129.946899,20.0,2,370.0
538008115,1718035652,35.983082,129.947037,20.0,2,370.0
538008115,1718035663,35.983166,129.947098,20.0,2,370.0
538008115,1718035683,35.983318,129.94725,20.0,2,380.0
538008115,1718035693,35.983398,129.947327,20.0,2,380.0
538008115,1718035712,35.983532,129.947464,21.0,2,380.0
538008115,1718035753,35.983868,129.947784,21.0,2,380.0
538008115,1718035832,35.984451,129.948349,20.0,2,390.0
538008115,1718035874,35.984768,129.948669,20.0,2,400.0
538008115,1718035883,35.984852,129.948746,20.0,2,400.0
538008115,1718035892,35.984917,129.948807,20.0,2,400.0
538008115,1718035904,35.985016,129.948898,20.0,2,400.0
538008115,1718035913,35.985085,129.948975,20.0,2,400.0
538008115,1718035923,35.985149,129.949036,20.0,2,400.0
538008115,1718035933,35.985233,129.949112,21.0,2,400.0
538008115,1718035943,35.985298,129.949203,20.0,2,400.0
538008115,1718035954,35.985382,129.94928,21.0,2,400.0
538008115,1718035964,35.985451,129.949356,21.0,2,400.0
538008115,1718036003,35.985767,129.949646,20.0,2,410.0
538008115,1718036014,35.985832,129.949738,20.0,2,410.0
538008115,1718036033,35.985985,129.949905,20.0,2,410.0
538008115,1718036084,35.986366,129.950287,20.0,2,410.0
538008115,1718036124,35.986668,129.950607,20.0,2,410.0
538008115,1718036137,35.986732,129.950668,19.0,2,410.0
538008115,1718036154,35.9869,129.950836,19.0,2,410.0
538008115,1718036172,35.987034,129.950974,19.0,2,410.0
538008115,1718036184,35.987099,129.951035,19.0,2,410.0
538008115,1718036194,35.987183,129.951096,19.0,2,410.0
538008115,1718036204,35.987251,129.951202,19.0,2,410.0
538008115,1718036214,35.987331,129.951279,19.0,2,420.0
538008115,1718036254,35.987617,129.951599,19.0,2,420.0
538008115,1718036274,35.987766,129.951752,19.0,2,420.0
538008115,1718036292,35.9879,129.951904,19.0,2,420.0
538008115,1718036353,35.98835,129.952362,19.0,2,420.0
538008115,1718036384,35.988567,129.952606,19.0,2,420.0
538008115,1718036394,35.988632,129.952667,19.0,2,420.0
538008115,1718036396,35.988632,129.952667,19.0,2,420.0
538008115,1718036402,35.988701,129.952728,19.0,2,420.0
538008115,1718036413,35.988785,129.95282,19.0,2,420.0
538008115,1718036433,35.988918,129.952972,19.0,2,420.0
538008115,1718036444,35.988998,129.953064,19.0,2,420.0
538008115,1718036462,35.989117,129.953201,19.0,2,430.0
538008115,1718036493,35.989349,129.95343,19.0,2,420.0
538008115,1718036504,35.989433,129.953537,19.0,2,430.0
538008115,1718036553,35.989765,129.953903,19.0,2,430.0
538008115,1718036563,35.989834,129.953964,19.0,2,430.0
538008115,1718036622,35.99025,129.954437,19.0,2,420.0
538008115,1718036653,35.990467,129.954666,18.0,2,420.0
538008115,1718036674,35.990616,129.954834,18.0,2,420.0
538008115,1718036682,35.990685,129.95488,18.0,2,420.0
538008115,1718036702,35.990818,129.955032,19.0,2,420.0
538008115,1718036742,35.9911,129.955353,19.0,2,420.0
538008115,1718036763,35.991249,129.955505,19.0,2,420.0
538008115,1718036784,35.991402,129.955673,18.0,2,420.0
538008115,1718036802,35.991531,129.955811,18.0,2,420.0
538008115,1718036814,35.991615,129.955902,18.0,2,420.0
538008115,1718036854,35.991901,129.956207,18.0,2,420.0
538008115,1718036862,35.991951,129.956253,18.0,2,420.0
538008115,1718036883,35.9921,129.956421,18.0,2,420.0
538008115,1718036903,35.992233,129.956543,18.0,2,420.0
538008115,1718036922,35.992367,129.956696,18.0,2,420.0
538008115,1718036934,35.992466,129.956787,18.0,2,410.0
538008115,1718036994,35.992867,129.957214,17.0,2,420.0
538008115,1718037034,35.993134,129.957504,18.0,2,420.0
538008115,1718037053,35.993267,129.957657,18.0,2,420.0
538008115,1718037175,35.994083,129.958511,18.0,2,410.0
538008115,1718037204,35.994316,129.95874,18.0,2,410.0
538008115,1718037214,35.994385,129.958801,18.0,2,410.0
538008115,1718037233,35.994518,129.958939,18.0,2,410.0
538008115,1718037312,35.995068,129.959488,18.0,2,400.0
538008115,1718037334,35.995216,129.959641,17.0,2,390.0
538008115,1718037424,35.995869,129.960251,17.0,2,390.0
538008115,1718037484,35.996284,129.960632,17.0,2,380.0
538008115,1718037814,35.9986,129.962784,17.0,2,370.0
538008115,1718037914,35.999298,129.96344,17.0,2,370.0
538008115,1718038223,36.001518,129.965393,17.0,2,360.0
538008115,1718038274,36.001884,129.965729,17.0,2,360.0
538008115,1718038283,36.001949,129.96579,17.0,2,360.0
538008115,1718038304,36.002102,129.965912,18.0,2,360.0
538008115,1718038463,36.003216,129.966949,18.0,2,370.0
538008115,1718038502,36.003502,129.967194,18.0,2,370.0
538008115,1718038634,36.004452,129.968063,18.0,2,370.0
538008115,1718038663,36.00465,129.968246,18.0,2,360.0
538008115,1718038703,36.004951,129.968506,18.0,2,360.0
538008115,1718038724,36.0051,129.968628,18.0,2,360.0
538008115,1718039322,36.009384,129.972168,16.0,2,330.0
538008115,1718039463,36.010384,129.972977,17.0,2,330.0
538008115,1718039763,36.012482,129.974731,17.0,2,340.0
538008115,1718039953,36.013767,129.97583,17.0,2,350.0
538008115,1718040034,36.014317,129.976303,17.0,2,350.0
538008115,1718040052,36.014435,129.97641,17.0,2,350.0
538008115,1718040094,36.014717,129.976654,17.0,2,350.0
538008115,1718040112,36.014832,129.976761,17.0,2,350.0
538008115,1718040154,36.015133,129.977005,16.0,2,350.0
538008115,1718040263,36.015884,129.977661,17.0,2,350.0
538008115,1718040323,36.016281,129.977997,16.0,2,350.0
538008115,1718040343,36.016399,129.978104,16.0,2,350.0
538008115,1718040372,36.016602,129.978271,17.0,2,350.0
538008115,1718040383,36.016666,129.978333,16.0,2,350.0
538008115,1718040413,36.016869,129.978516,16.0,2,360.0
538008115,1718040432,36.016998,129.978638,16.0,2,350.0
538008115,1718040443,36.017067,129.978699,16.0,2,350.0
538008115,1718040463,36.0172,129.978821,16.0,2,350.0
538008115,1718040482,36.017319,129.978882,16.0,2,360.0
538008115,1718040492,36.017418,129.978973,16.0,2,360.0
538008115,1718040503,36.017467,129.979034,16.0,2,360.0
538008115,1718040533,36.017666,129.979233,16.0,2,360.0
538008115,1718040552,36.017784,129.979355,16.0,2,360.0
538008115,1718040563,36.017868,129.979416,16.0,2,360.0
538008115,1718040612,36.018185,129.979721,17.0,2,360.0
538008115,1718040914,36.020184,129.981583,17.0,2,370.0
538008115,1718040933,36.020317,129.98172,17.0,2,370.0
538008115,1718041082,36.021282,129.982651,17.0,2,370.0
538008115,1718041263,36.022434,129.98381,17.0,2,390.0
538008115,1718041314,36.022766,129.984131,17.0,2,390.0
538008115,1718041334,36.0229,129.984283,17.0,2,390.0
538008115,1718041343,36.022949,129.984329,17.0,2,390.0
538008115,1718041363,36.023083,129.984482,17.0,2,390.0
538008115,1718041374,36.023151,129.984543,17.0,2,390.0
538008115,1718041394,36.023281,129.98468,17.0,2,390.0
538008115,1718041403,36.023335,129.984726,17.0,2,390.0
538008115,1718041423,36.023468,129.984863,17.0,2,390.0
538008115,1718041483,36.023869,129.985291,17.0,2,390.0
538008115,1718041494,36.023918,129.985352,17.0,2,390.0
538008115,1718041534,36.024166,129.98558,17.0,2,390.0
538008115,1718041543,36.024216,129.985657,16.0,2,390.0
538008115,1718041554,36.024284,129.985718,16.0,2,390.0
538008115,1718042283,36.028885,129.99057,18.0,2,410.0
538008115,1718042363,36.029385,129.991089,17.0,2,410.0
538008115,1718043493,36.036133,129.998795,16.0,2,430.0
538008115,1718043574,36.036583,129.999344,16.0,2,430.0
538008115,1718043654,36.037048,129.999924,17.0,2,430.0
538008115,1718043663,36.037083,129.999969,16.0,2,430.0
538008115,1718043774,36.037716,130.000748,16.0,2,440.0
538008115,1718043813,36.037933,130.001022,16.0,2,450.0
538008115,1718043843,36.038101,130.001236,16.0,2,450.0
538008115,1718043883,36.038319,130.001495,17.0,2,450.0
538008115,1718043903,36.038448,130.001633,16.0,2,440.0
538008115,1718043923,36.038567,130.00177,16.0,2,440.0
538008115,1718043942,36.038666,130.001907,15.0,2,440.0
538008115,1718043953,36.038715,130.001968,15.0,2,440.0
538008115,1718043963,36.038784,130.002045,15.0,2,440.0
538008115,1718043993,36.038967,130.002243,15.0,2,440.0
538008115,1718044002,36.039001,130.002319,16.0,2,440.0
538008115,1718044014,36.039051,130.00238,15.0,2,440.0
538008115,1718044034,36.039165,130.002518,15.0,2,440.0
538008115,1718044043,36.039219,130.002579,15.0,2,440.0
538008115,1718044053,36.039268,130.00267,15.0,2,440.0
538008115,1718044062,36.039318,130.002716,15.0,2,440.0
538008115,1718044074,36.039383,130.002808,15.0,2,440.0
538008115,1718044094,36.039501,130.002914,15.0,2,440.0
538008115,1718044103,36.039532,130.003006,15.0,2,440.0
538008115,1718044113,36.0396,130.003067,15.0,2,450.0
538008115,1718044123,36.039635,130.003113,16.0,2,450.0
538008115,1718044133,36.039684,130.003204,15.0,2,450.0
538008115,1718044143,36.039749,130.003265,16.0,2,450.0
538008115,1718044154,36.039818,130.003326,16.0,2,450.0
538008115,1718044163,36.039848,130.003403,16.0,2,450.0
538008115,1718044173,36.039917,130.003479,16.0,2,450.0
538008115,1718044182,36.039967,130.00354,16.0,2,450.0
538008115,1718044193,36.040016,130.003616,16.0,2,450.0
538008115,1718044214,36.040115,130.003754,15.0,2,450.0
538008115,1718044223,36.040184,130.003815,15.0,2,450.0
538008115,1718044234,36.040249,130.003906,15.0,2,450.0
538008115,1718044242,36.040283,130.003952,15.0,2,450.0
538008115,1718044354,36.040882,130.004715,15.0,2,460.0
538008115,1718044373,36.040981,130.004852,15.0,2,460.0
538008115,1718044394,36.0411,130.005005,15.0,2,460.0
538008115,1718044474,36.041515,130.005539,15.0,2,460.0
538008115,1718044523,36.041767,130.005905,15.0,2,460.0
538008115,1718044664,36.0425,130.006882,15.0,2,460.0
538008115,1718044672,36.042549,130.006927,15.0,2,460.0
538008115,1718044684,36.042599,130.007019,15.0,2,470.0
538008115,1718044744,36.042915,130.007431,15.0,2,460.0
538008115,1718044914,36.043766,130.008575,15.0,2,460.0
538008115,1718044933,36.043865,130.008713,15.0,2,460.0
538008115,1718044944,36.043919,130.008789,15.0,2,470.0
538008115,1718044993,36.044167,130.00914,15.0,2,470.0
538008115,1718045013,36.044285,130.009262,14.0,2,460.0
